BRT_projection_files/BRT_CCV/B_alpinus_2_projection.asc
NCOLS 79 
NROWS 71 
XLLCORNER -10.5 
YLLCORNER 36 
CELLSIZE 0.5 
NODATA_value -9999 
[rows 42 to 62 of 71, columns 0 to 47 of 79]
-9999 -9999 -9999 -9999 -9999 -9999 -9999 -9999 -9999 -9999 0.0103229357313897 -9999 -9999 0.0113967705951339 -9999 -9999 -9999 -9999 -9999 -9999 -9999 -9999 -9999 -9999 0.0106473700008072 0.0106699853919147 0.0102573747538148 0.0102573747538148 0.0105801693067752 0.0106418174217962 0.0103168138393404 0.0103168138393404 0.0162874763418332 0.0126345702750659 0.0124541580216799 0.0102053669002923 0.0102053669002923 0.0102053669002923 0.0102053669002923 0.012525581654331 0.0103168138393404 0.0102053669002923 0.0102573747538148 0.0103168138393404 0.0103168138393404 0.0102573747538148 0.0102573747538148 0.0102053669002923
-9999 -9999 -9999 -9999 -9999 -9999 -9999 -9999 -9999 -9999 -9999 -9999 -9999 -9999 -9999 -9999 -9999 -9999 -9999 -9999 -9999 -9999 0.0106805874597443 0.0106473700008072 0.0103100240191323 0.0102533877031773 0.0102053669002923 0.0102053669002923 0.0102573747538148 0.0103084629425104 0.0127251701413551 0.0174888506268734 0.0128928831713833 0.0102633847409719 0.012453060466696 0.0102573747538148 0.0102053669002923 0.0102053669002923 0.0102573747538148 0.0102573747538148 0.0102053669002923 0.0102053669002923 0.0102053669002923 0.0102573747538148 0.0102573747538148 0.0102573747538148 0.0123374500487159 0.0102053669002923
-9999 -9999 -9999 -9999 -9999 -9999 -9999 -9999 -9999 -9999 -9999 -9999 -9999 -9999 -9999 -9999 -9999 -9999 0.0102490932038071 0.0102573747538148 0.0102053669002923 0.0106629521583911 0.0103168138393404 0.0102573747538148 0.0102573747538148 0.0102053669002923 0.0102053669002923 0.0102533877031773 0.0102053669002923 0.0102053669002923 0.0102573747538148 0.0106769335117788 0.0103168138393404 0.0106351323392772 0.0102573747538148 0.0103168138393404 0.0136954480315032 0.0102053669002923 0.0102573747538148 0.0102573747538148 0.0102573747538148 0.0102573747538148 0.0102053669002923 0.0102533877031773 0.0102533877031773 0.0102053669002923 0.0103168138393404 0.0109392165381574
-9999 -9999 -9999 -9999 -9999 -9999 -9999 -9999 -9999 -9999 -9999 -9999 -9999 -9999 0.0102573747538148 -9999 -9999 -9999 0.0106861335313596 0.0106861335313596 0.0102451091423587 0.0102490932038071 0.0102533877031773 0.0102053669002923 0.0102053669002923 0.0102053669002923 0.0102053669002923 0.0102573747538148 0.0102053669002923 0.0102053669002923 0.0102573747538148 0.0106418174217962 0.0106138493594278 0.0102573747538148 0.0103168138393404 0.0103168138393404 0.0102573747538148 0.011162808051736 0.0102573747538148 0.0102573747538148 0.0106805874597443 0.0102573747538148 0.0102053669002923 0.0102053669002923 0.0102053669002923 0.0102053669002923 0.0102573747538148 0.0131229425891413
-9999 -9999 -9999 -9999 -9999 -9999 -9999 -9999 -9999 -9999 -9999 -9999 0.0106735586733519 0.0115252292544862 0.0106861335313596 0.0102490932038071 0.0102490932038071 0.0101986626881132 0.010710227638818 0.0106861335313596 0.0103084629425104 0.0102053669002923 0.0102053669002923 0.0102053669002923 0.0102053669002923 0.0102053669002923 0.0102053669002923 0.0102053669002923 0.0102533877031773 0.0102573747538148 0.0103168138393404 0.0106769335117788 0.0126686409750935 0.0106473700008072 0.0116227777455672 0.0109392165381574 0.0102573747538148 0.0164263864469842 0.012453060466696 0.0102573747538148 0.0106152316992332 0.0103168138393404 0.0103168138393404 0.0103168138393404 0.0103168138393404 0.0103168138393404 0.0106473700008072 0.0106861335313596
-9999 -9999 -9999 -9999 -9999 -9999 -9999 -9999 -9999 -9999 -9999 -9999 -9999 -9999 0.0106841083575154 0.0102490932038071 0.0102490932038071 0.0101971219021417 0.0103084629425104 0.0102490932038071 0.0102506551462759 0.0102053669002923 0.0102053669002923 0.0102053669002923 0.0102533877031773 0.0102573747538148 0.0102533877031773 0.0102573747538148 0.0102573747538148 0.0103168138393404 0.0103168138393404 0.0106418174217962 0.0122120987972969 0.0130308381498499 0.0142634804728046 0.0133481711690756 0.011380185125481 0.0141367482752921 0.0124959610339865 0.0103642597335544 0.0118166243061601 0.020288425863922 0.0142119628498341 0.0138575598537156 0.0145131151541403 0.0145373121678773 0.0168400254462047 0.0155540044005663
-9999 -9999 -9999 -9999 -9999 -9999 -9999 -9999 -9999 -9999 -9999 -9999 -9999 -9999 -9999 -9999 -9999 0.0103084629425104 0.0102506551462759 0.0102049726570033 0.0102053669002923 0.0102053669002923 0.0102053669002923 0.0102533877031773 0.0102533877031773 0.0102573747538148 0.0102573747538148 0.0102573747538148 0.0106699853919147 0.0106805874597443 0.0102573747538148 0.0103581215818189 0.0134557253308054 0.0138317097048764 0.0144483999369303 0.0145177163834448 0.0138622349649087 0.0121973147033269 0.015652729722093 0.0197254346810139 0.0152602609153304 0.117006835605596 0.291300094256257 0.255965541666348 0.0323526541013424 0.0429961938412517 0.34332439341386 0.0279768160337011
-9999 -9999 -9999 -9999 -9999 -9999 -9999 -9999 -9999 -9999 -9999 -9999 -9999 -9999 -9999 -9999 -9999 0.0103168138393404 0.0102506551462759 0.0102490932038071 0.0102490932038071 0.0102053669002923 0.0102533877031773 0.0102506551462759 0.0102573747538148 0.0102506551462759 0.0102506551462759 0.0102573747538148 0.0103168138393404 0.0130262416182176 0.0102573747538148 0.0106880473783768 0.0141014733781907 0.014253022596865 0.0114542846661493 0.0127187637328719 0.0395800179606524 0.0204741098666252 0.231066043991625 0.224754344422869 0.22995883852972 0.382262914870761 0.288284550090136 0.263482545981943 0.0971148477549383 0.371149137856246 0.269737316180793 0.156546142202829
-9999 -9999 -9999 -9999 -9999 -9999 -9999 -9999 -9999 -9999 -9999 -9999 -9999 -9999 -9999 -9999 -9999 -9999 -9999 0.0102573747538148 0.0103168138393404 0.0102573747538148 0.0103084629425104 0.0106861335313596 0.0106805874597443 0.0103084629425104 0.0102490932038071 0.0102573747538148 0.0103100240191323 0.0103168138393404 0.0103168138393404 0.011380185125481 0.0141014733781907 0.0143043270323876 0.0167826410673609 0.184573345132948 0.38911700945911 0.130883438419351 0.0219432417363195 0.0208750714909554 0.467536202324008 0.248791311689915 0.495852502783012 0.0163804015829148 0.169808177916935 0.0170012137682297 0.0141928766185386 0.013954736137532
-9999 -9999 -9999 -9999 -9999 -9999 -9999 -9999 -9999 -9999 -9999 -9999 -9999 -9999 -9999 -9999 -9999 -9999 -9999 0.0102573747538148 0.0102573747538148 0.0103168138393404 0.0106805874597443 0.0111419143258559 0.0140177723516172 0.011380185125481 0.0106805874597443 0.0102533877031773 0.0106473700008072 0.0112447444877224 0.0121415724006763 0.0106805874597443 0.0139960163412671 0.0160962765289948 0.0312954631284364 0.171125348671113 0.0238724574827699 0.0138222221006135 0.014007560213505 0.0146463765555817 0.0138222221006135 0.0138850852459839 0.0168024167565764 0.0131229425891413 0.0117909985496139 0.0109392165381574 0.0109392165381574 -9999
-9999 -9999 -9999 -9999 -9999 -9999 -9999 -9999 -9999 -9999 -9999 -9999 -9999 -9999 -9999 -9999 -9999 -9999 -9999 0.0103168138393404 0.0103168138393404 0.0102573747538148 0.0103168138393404 0.0126239440589472 0.0137488538554414 0.0188527825256369 0.0142273468066751 0.0102053669002923 0.0125506116414052 0.0126104283457702 0.0127251701413551 0.0111419143258559 0.0141035673650855 0.0160202619100131 0.121306978162306 0.0201164494177613 0.0106674951301516 0.0102573747538148 0.0102573747538148 0.0102573747538148 0.0102573747538148 0.0102573747538148 0.0102053669002923 0.0102533877031773 0.0102573747538148 -9999 -9999 -9999
-9999 -9999 -9999 -9999 -9999 -9999 -9999 -9999 -9999 -9999 -9999 -9999 -9999 -9999 -9999 -9999 -9999 -9999 -9999 0.0103168138393404 0.0102573747538148 0.0102053669002923 0.0102573747538148 0.0102573747538148 0.0103084629425104 0.013653054808386 0.0142273468066751 0.0130608457980147 0.013393392286193 0.0166258264326274 0.0131355648476204 0.0128920530682473 0.01294720333399 0.0156804480593897 0.0162696383610153 0.0123805569471532 0.0102573747538148 0.0102053669002923 0.0106541322750204 0.0128920530682473 0.0132651908657141 0.0102573747538148 0.0102053669002923 0.0102053669002923 0.0102053669002923 0.0102053669002923 -9999 -9999
-9999 -9999 -9999 -9999 -9999 -9999 -9999 -9999 -9999 -9999 -9999 -9999 -9999 -9999 -9999 -9999 -9999 -9999 0.0120391286724811 0.0103168138393404 0.0102573747538148 0.0102053669002923 0.0102053669002923 0.0101986626881132 0.0102490932038071 0.0102490932038071 0.0106897027381914 0.0136496926755076 0.0164069743066346 0.0137955488709444 0.0126730579634026 0.0126015233631073 0.0125824384398318 0.0173092384069024 0.0148254941765536 0.0168495033771342 0.0106805874597443 0.0150663310567865 -9999 -9999 0.0165947150459384 0.0129795187294085 0.0106460679162119 0.0103168138393404 0.0102053669002923 0.0102053669002923 -9999 -9999
-9999 -9999 -9999 -9999 -9999 -9999 -9999 -9999 -9999 -9999 -9999 -9999 -9999 -9999 -9999 -9999 -9999 -9999 0.0134880903486303 0.012681045837238 0.0103168138393404 0.0101971219021417 0.0102053669002923 0.0102053669002923 0.0102053669002923 0.0106473700008072 0.0138850746672373 0.0136535389710779 0.0138222221006135 0.0102573747538148 0.0102053669002923 0.0122237377227982 0.0123121526822366 0.0122409567295864 0.0151119348725676 0.0165121048781085 -9999 -9999 -9999 -9999 -9999 -9999 0.0106541322750204 0.0102573747538148 0.0102573747538148 0.0102533877031773 0.0102573747538148 -9999
-9999 -9999 -9999 0.0161648210371244 0.0161327263938993 0.0135152569610493 0.0130032854993476 0.0151671520966206 0.0128453589274437 0.0127389112004147 0.0135496011589922 0.0136528389419946 0.013125343718566 0.014739769848771 0.0146161413689498 0.0156754747983745 0.0169410637025484 0.0190288556100917 0.0140002365444671 0.0143465184736208 0.011380185125481 0.0106699853919147 0.0102573747538148 0.0102573747538148 0.0102573747538148 0.0103168138393404 0.0102573747538148 0.0102053669002923 -9999 -9999 -9999 -9999 0.0139502426914129 0.0122410720705148 -9999 -9999 -9999 -9999 -9999 -9999 -9999 -9999 0.0102573747538148 0.0102573747538148 0.0102573747538148 0.0106014430810822 0.0102573747538148 0.0102053669002923
-9999 -9999 -9999 0.0165950854451946 0.01410328301542 0.0128095479572495 0.0122375638025223 0.0142255700856016 0.0126536867944869 0.0120750618808162 0.012298271263562 0.0129973204163115 0.0102087122478985 0.0119706887721019 0.0102087122478985 0.0105002460800325 0.0125154681173819 0.0102606966097039 0.0133667783296507 0.0138508378333713 0.0116227777455672 0.0119955014509603 0.0106805874597443 0.0109392165381574 0.013179584367806 0.0163176386761058 0.0102053669002923 -9999 -9999 -9999 -9999 -9999 -9999 -9999 -9999 -9999 -9999 -9999 -9999 -9999 -9999 -9999 -9999 0.0102053669002923 0.0102573747538148 0.0102573747538148 0.0102053669002923 0.0116708133004922
-9999 -9999 -9999 -9999 0.0179618414316866 0.0127188351759065 0.0148293476167581 0.0172514854202013 0.0120121151859288 0.0101971219021417 0.0101971219021417 0.0101986626881132 0.0101971219021417 0.0101971219021417 0.0102573747538148 0.0102053669002923 0.0105002460800325 0.0101971219021417 0.0102087122478985 0.0104929695699986 0.0105002460800325 0.012185926785488 0.0106223549370163 0.0120121151859288 0.0120121151859288 0.0102573747538148 0.0102573747538148 0.0102053669002923 -9999 -9999 -9999 -9999 -9999 -9999 -9999 -9999 -9999 -9999 -9999 -9999 -9999 -9999 -9999 -9999 0.0103168138393404 0.0106460679162119 0.0102573747538148 0.012707216694389
-9999 -9999 -9999 0.0121683156673573 0.0140190965833227 0.0137922038692945 0.012298271263562 0.0123697425927831 0.0102053669002923 0.0101971219021417 0.0102053669002923 0.0102053669002923 0.0101986626881132 0.0101971219021417 0.0102053669002923 0.0102053669002923 0.0101971219021417 0.0101986626881132 0.0102053669002923 0.0102053669002923 0.0102053669002923 0.0101971219021417 0.0101986626881132 0.0101971219021417 0.012263171239832 0.0120667438995006 0.0102053669002923 -9999 -9999 -9999 -9999 -9999 -9999 -9999 -9999 -9999 -9999 -9999 -9999 -9999 -9999 -9999 -9999 -9999 -9999 -9999 0.0103168138393404 0.0129837673112484
-9999 -9999 -9999 -9999 0.0135738516828757 0.0127188351759065 0.0102053669002923 0.0102053669002923 0.0101971219021417 0.0101971219021417 0.0101971219021417 0.0102053669002923 0.0102053669002923 0.0101971219021417 0.0102053669002923 0.0101971219021417 0.0101971219021417 0.0102053669002923 0.0102053669002923 0.0102053669002923 0.0102053669002923 0.0101971219021417 0.0102053669002923 0.0102053669002923 0.0102053669002923 -9999 -9999 -9999 -9999 -9999 -9999 -9999 -9999 -9999 -9999 -9999 -9999 -9999 -9999 -9999 -9999 -9999 -9999 -9999 -9999 -9999 -9999 -9999
-9999 -9999 -9999 -9999 0.0196527555025052 0.0127188351759065 0.0102053669002923 0.0101971219021417 0.0101971219021417 0.0101971219021417 0.0101971219021417 0.0101971219021417 0.0101971219021417 0.0101986626881132 0.0101986626881132 0.0102053669002923 0.0102022203534452 0.0102053669002923 0.0101971219021417 0.0102053669002923 0.0102053669002923 0.0102053669002923 0.0102053669002923 -9999 -9999 -9999 -9999 -9999 -9999 -9999 -9999 -9999 -9999 -9999 -9999 -9999 -9999 0.0102053669002923 0.0102573747538148 0.0103168138393404 -9999 -9999 -9999 -9999 -9999 -9999 -9999 -9999
-9999 -9999 -9999 0.0106181718321035 0.0123115933244656 0.0125045464723449 0.0103168138393404 0.0103100240191323 0.0106699853919147 0.0106861335313596 0.010969499914419 0.0103084629425104 0.0101971219021417 0.0102053669002923 0.0102053669002923 0.0101971219021417 0.0102053669002923 0.0102022203534452 0.0102053669002923 0.0102053669002923 0.0102053669002923 0.0102053669002923 -9999 -9999 -9999 -9999 -9999 -9999 -9999 -9999 -9999 -9999 -9999 -9999 -9999 -9999 -9999 -9999 0.0102490932038071 0.0102573747538148 -9999 -9999 -9999 -9999 -9999 -9999 -9999 -9999
