BRT_projection_files/BRT_CCV/B_argillaceus_1_projection.asc
NCOLS 79 
NROWS 71 
XLLCORNER -10.5 
YLLCORNER 36 
CELLSIZE 0.5 
NODATA_value -9999 
[rows 42 to 62 of 71, columns 0 to 47 of 79]
-9999 -9999 -9999 -9999 -9999 -9999 -9999 -9999 -9999 -9999 0.0358345916782627 -9999 -9999 0.0332896071722456 -9999 -9999 -9999 -9999 -9999 -9999 -9999 -9999 -9999 -9999 0.0186183792735398 0.0179950310802729 0.0185305950021292 0.0186060194945956 0.0308521040150654 0.0187628187117409 0.0234853703866325 0.0315452416362361 0.269953571480267 0.110405622361805 0.0736530380285393 0.0259135253500603 0.0228436372613441 0.0211527952709626 0.0213364786979945 0.0514779195672091 0.0248697091297754 0.0170085623617293 0.0198348209971013 0.0203108407877284 0.0199914606249124 0.020384505455527 0.114019419379155 0.0954782592431937
-9999 -9999 -9999 -9999 -9999 -9999 -9999 -9999 -9999 -9999 -9999 -9999 -9999 -9999 -9999 -9999 -9999 -9999 -9999 -9999 -9999 -9999 0.0334161343794305 0.0215891182290091 0.0193569503877209 0.0239774604546862 0.0222318383593376 0.0187044422815936 0.0200005245948187 0.0197423117880524 0.0710542242952241 0.073329923262225 0.24464112071205 0.0752885802562026 0.0566591846381662 0.0199412091805015 0.0246773448358353 0.0198335763781661 0.0246117435944683 0.0189878878630736 0.0168579142101268 0.0168581943119427 0.0170205907001026 0.020388881771645 0.020269599414645 0.0246816757357431 0.0340363584406688 0.113633920206137
-9999 -9999 -9999 -9999 -9999 -9999 -9999 -9999 -9999 -9999 -9999 -9999 -9999 -9999 -9999 -9999 -9999 -9999 0.0226558038737502 0.0283936900480916 0.0242126784585992 0.0298586439147211 0.0199945439749079 0.0189353444446168 0.0199744897381561 0.0189483932089031 0.0199072870527669 0.0199765892919454 0.0200342971425425 0.0200389836091143 0.0197124910450018 0.0305844654562851 0.021901700488649 0.0408162400758942 0.0229287033378101 0.0290927781254055 0.0518571783008712 0.0211431973693826 0.0227518215221705 0.0222917739405003 0.0190090122048774 0.0171622745701397 0.0164598712618878 0.0204799296706016 0.0231766057801241 0.0198580171757447 0.0239217726640164 0.034719800064895
-9999 -9999 -9999 -9999 -9999 -9999 -9999 -9999 -9999 -9999 -9999 -9999 -9999 -9999 0.0213705732295351 -9999 -9999 -9999 0.0282280365237203 0.0311740457767328 0.0230135230281999 0.019338496418508 0.019837570386217 0.0235673957738113 0.021258063225341 0.0182848575426245 0.0168609129178191 0.0198787532818789 0.0199896824856932 0.0220936548123503 0.0200611968551203 0.0267763478738286 0.0388163057740015 0.0276385644766662 0.0282663689737297 0.0340705637642453 0.0250497439759621 0.032328628248842 0.0211684661485 0.0193340257521387 0.0265491154376431 0.0213413123890582 0.016328370894664 0.0164800728819842 0.0164712273046715 0.0163632931281235 0.0163258101616673 0.0325608400980672
-9999 -9999 -9999 -9999 -9999 -9999 -9999 -9999 -9999 -9999 -9999 -9999 0.0195321619391262 0.0237520353424969 0.0193699631063903 0.022581877212822 0.0221253399489888 0.0185833246372176 0.0236018809536495 0.0269773651114381 0.0207068803733104 0.0179268729532608 0.0194231998689318 0.0230953082458298 0.0216975636247083 0.0227580908440354 0.0195139991891418 0.0208252623543798 0.0198004063835022 0.0200630828510382 0.0199869722563274 0.0431088704505175 0.0668601593266132 0.0330743513996515 0.0652429692298572 0.0608642529596286 0.0220814968599424 0.288926905893364 0.0525196671317319 0.0198136564173847 0.0210916502189476 0.0203119249343102 0.0217363194474589 0.017523951027305 0.0185722875652057 0.0163445138852132 0.0215482107385229 0.0241932841783441
-9999 -9999 -9999 -9999 -9999 -9999 -9999 -9999 -9999 -9999 -9999 -9999 -9999 -9999 0.0431035133717246 0.0171473621407265 0.0203310806583569 0.0204216202818705 0.0202587705659817 0.0209123486559915 0.0202518032851222 0.0268586706264749 0.0192107657490133 0.0207335412702578 0.0184979023180844 0.0274466341258353 0.0204329515963028 0.0198129123623694 0.0199200370144841 0.0197923332618638 0.0269550888058321 0.0358797072101217 0.0512942247140815 0.118456606630143 0.0985190302114098 0.103781480598226 0.123456265437867 0.0528840288001086 0.0299378565935725 0.0463511111987844 0.0250549577356563 0.0249365741613713 0.0280287852218249 0.134635224545424 0.181569194907802 0.083047525038162 0.165594084412419 0.668189091990387
-9999 -9999 -9999 -9999 -9999 -9999 -9999 -9999 -9999 -9999 -9999 -9999 -9999 -9999 -9999 -9999 -9999 0.0172066797815059 0.0169712811347748 0.0179015391559082 0.0204622806977457 0.0221653808450851 0.0191065369323114 0.020136592471374 0.0207133373301013 0.0290733375977119 0.0199502141879631 0.0292351995793107 0.0349648443326278 0.034687830532191 0.0290234909910487 0.0202177542198903 0.0790508751131653 0.1927449328988 0.0615371816812548 0.0276714376643587 0.0239792070666795 0.0320329969029859 0.0533242352975712 0.0200840263907484 0.23953479023678 0.0912016302913514 0.866371432220779 0.866503438658782 0.72683133301463 0.603918588817092 0.742485062556347 0.861647561606619
-9999 -9999 -9999 -9999 -9999 -9999 -9999 -9999 -9999 -9999 -9999 -9999 -9999 -9999 -9999 -9999 -9999 0.0204012001047953 0.0205866397383465 0.0200313988683308 0.0209411636095442 0.023858447435872 0.0204373323115066 0.0199419595490795 0.0200265695030182 0.0191313722414084 0.0193173123311879 0.026188624001142 0.0339209862413469 0.116015848081285 0.0222481137002243 0.0340934818105732 0.317038565654199 0.125364242088222 0.0237788497355747 0.0218098417714666 0.0366122677041514 0.244093513221664 0.117730207330317 0.125876794362482 0.194259796107761 0.176780506410401 0.550987929871485 0.540183462028653 0.616720938226355 0.441836678611687 0.841225928840326 0.884757182505787
-9999 -9999 -9999 -9999 -9999 -9999 -9999 -9999 -9999 -9999 -9999 -9999 -9999 -9999 -9999 -9999 -9999 -9999 -9999 0.022287396367805 0.0227637265998514 0.0208090538038758 0.0197854730824802 0.030037137427521 0.0340741254643153 0.0285152644995808 0.0286380933913533 0.0193625276925671 0.0282354647930562 0.025249724920753 0.0224478674812911 0.0329869401585505 0.190254998026205 0.0878894564499734 0.489741434073756 0.225947120941095 0.555410772546097 0.851153355364866 0.244234848668897 0.839307169519984 0.713229161543555 0.906737865951947 0.919488782247022 0.214100532684985 0.685500633094724 0.600692711733701 0.089413046218604 0.121451338169303
-9999 -9999 -9999 -9999 -9999 -9999 -9999 -9999 -9999 -9999 -9999 -9999 -9999 -9999 -9999 -9999 -9999 -9999 -9999 0.0205567396433796 0.0205352075292141 0.0186574177341332 0.0356093220970402 0.0281171805626332 0.0857015007833034 0.0632857502181944 0.0348036150037968 0.0229984887324729 0.0637084705849359 0.0268074958695654 0.0415054550260472 0.0274173078899495 0.127035848875898 0.368729649540927 0.861093059342929 0.541800918090125 0.546523348898756 0.416125703636935 0.0936087778507059 0.0930578954177659 0.0778705329791707 0.0761181899325263 0.13859687554995 0.166402347269665 0.022301384878595 0.0232748776890487 0.0200903350809817 -9999
-9999 -9999 -9999 -9999 -9999 -9999 -9999 -9999 -9999 -9999 -9999 -9999 -9999 -9999 -9999 -9999 -9999 -9999 -9999 0.0374414549503193 0.0241111683186621 0.0275783013966506 0.0299442703677958 0.107695761545568 0.141214358982431 0.132417749735114 0.140216924060325 0.0251596429975655 0.0532188114277833 0.0499374015717401 0.0600907264158488 0.03480919499118 0.10115241536639 0.790902619495509 0.64171017453089 0.26489354092638 0.0192652032480715 0.0198576785769579 0.0201711920696514 0.0199282992675255 0.020717313805086 0.0172072149041364 0.0207045035161885 0.0190656197482083 0.0193073708459447 -9999 -9999 -9999
-9999 -9999 -9999 -9999 -9999 -9999 -9999 -9999 -9999 -9999 -9999 -9999 -9999 -9999 -9999 -9999 -9999 -9999 -9999 0.0580170876809147 0.0221302459359976 0.0222743357258763 0.0281875909932913 0.0282258861254204 0.0328791089784346 0.0712660932422099 0.0698226187057795 0.106343287983971 0.128244588868001 0.332620697393594 0.0759248746744046 0.489375142886581 0.524765292162376 0.720082067065972 0.681699431913094 0.106535192285498 0.0190203797740878 0.0201742599362375 0.0220024789327169 0.289277318649731 0.0613820262581907 0.0271514940339501 0.0192210177057422 0.0151374952498555 0.0151269188195202 0.01611141058791 -9999 -9999
-9999 -9999 -9999 -9999 -9999 -9999 -9999 -9999 -9999 -9999 -9999 -9999 -9999 -9999 -9999 -9999 -9999 -9999 0.0223627939430531 0.0246795996809404 0.0343193652836984 0.0196414918973151 0.0195833517414806 0.0196513789893021 0.0271891455603438 0.0236157902960333 0.0387860677301873 0.211669205864217 0.0659703521654899 0.32805249936297 0.0357653537587113 0.1512870142707 0.543813459040618 0.374741588593369 0.529100311395563 0.827204044720295 0.0357293214591853 0.104899518637852 -9999 -9999 0.538738262880355 0.0761191643952955 0.0327310982686905 0.028497763633946 0.0180901694777632 0.0143233699106761 -9999 -9999
-9999 -9999 -9999 -9999 -9999 -9999 -9999 -9999 -9999 -9999 -9999 -9999 -9999 -9999 -9999 -9999 -9999 -9999 0.0701480862758056 0.0632628495238832 0.0182311770147482 0.018100440084228 0.0213565077541072 0.0185941340328831 0.0202180513771758 0.0259704212386508 0.0966269569480301 0.13190741041499 0.0682774237636267 0.0178233933102767 0.018301883126416 0.0644416577748011 0.120433247399499 0.582605256463264 0.719673476225766 0.53818943758089 -9999 -9999 -9999 -9999 -9999 -9999 0.0223194336027853 0.0234310338917246 0.0568963696877692 0.0279143577195985 0.0213720459852867 -9999
-9999 -9999 -9999 0.100085443138911 0.210453923615207 0.166587146892676 0.166737073733835 0.0600041328729657 0.204191432689283 0.120358912981028 0.126571383966317 0.0349811172312254 0.12912658805879 0.204560343211974 0.0815146445851036 0.274209873418761 0.3185300807458 0.153020364937326 0.200052730744901 0.0860672655119161 0.0253708716870523 0.0339798876406975 0.0201651878081546 0.025901111304343 0.0200344539502438 0.0372771396754618 0.0254040628283937 0.017730612856357 -9999 -9999 -9999 -9999 0.017656560203295 0.0270925884295484 -9999 -9999 -9999 -9999 -9999 -9999 -9999 -9999 0.0270607574582998 0.0191256898186154 0.0218987752386816 0.0192995842901873 0.0245268962452754 0.020760593786951
-9999 -9999 -9999 0.218723589976151 0.23035151449693 0.115423097625509 0.0572006214867382 0.205098910071938 0.262137296609068 0.0773459888928479 0.458956564003499 0.0965929451402689 0.076239088097502 0.0880164715081848 0.0780982415455901 0.078208802127379 0.311932151341512 0.101753775839323 0.0531921204149322 0.0350890379055998 0.126798079441999 0.113278706731491 0.0519314142025528 0.0546100219492417 0.0904579786114721 0.0666374180837007 0.0253655030562934 -9999 -9999 -9999 -9999 -9999 -9999 -9999 -9999 -9999 -9999 -9999 -9999 -9999 -9999 -9999 -9999 0.0150414260708152 0.0179938465459482 0.0183940205422284 0.0228680463484155 0.0516532029120358
-9999 -9999 -9999 -9999 0.574169119213282 0.163911680275519 0.258594108210665 0.207463352260233 0.0601298927173047 0.167990151764975 0.0730770915374677 0.0806442932395051 0.080491737290464 0.103596478096238 0.0373559856724891 0.0806412709528108 0.0797162384624851 0.068206938726493 0.0259526681314284 0.0326264563782127 0.0724273956467851 0.0357677204086078 0.0312223720705917 0.016613056911859 0.05747571921251 0.188041342698434 0.0761581182046397 0.0479993721710816 -9999 -9999 -9999 -9999 -9999 -9999 -9999 -9999 -9999 -9999 -9999 -9999 -9999 -9999 -9999 -9999 0.0175399044732405 0.0206770792132531 0.0226619679597548 0.103933204540259
-9999 -9999 -9999 0.164868959406007 0.184214873159286 0.0755870009382313 0.0558284643948657 0.0567439089463996 0.215357982057297 0.0780942024671977 0.0813152138322903 0.0803843344236118 0.0854766336022801 0.0634180347915251 0.118274292081758 0.0983313390969217 0.101597110534339 0.211228001846205 0.0473016461213991 0.0567944399801209 0.0437681174131038 0.0511878598305445 0.0685193331555185 0.105468380348517 0.0758510335163069 0.0343226172100493 0.0369791418612197 -9999 -9999 -9999 -9999 -9999 -9999 -9999 -9999 -9999 -9999 -9999 -9999 -9999 -9999 -9999 -9999 -9999 -9999 -9999 0.018139010451971 0.0365089395329792
-9999 -9999 -9999 -9999 0.0569522428333593 0.120576151828416 0.0978903199790167 0.114868118496912 0.221818161450199 0.0756443831593526 0.0667554233913147 0.0650258266865374 0.0998965884448484 0.252450044193141 0.107398615179314 0.0778006030310796 0.0677330381734353 0.0891410957167445 0.136767633680628 0.0505814950121405 0.0338990674903962 0.0372234603013333 0.11513507788904 0.067824901232196 0.0539118153113869 -9999 -9999 -9999 -9999 -9999 -9999 -9999 -9999 -9999 -9999 -9999 -9999 -9999 -9999 -9999 -9999 -9999 -9999 -9999 -9999 -9999 -9999 -9999
-9999 -9999 -9999 -9999 0.0815857976406703 0.0515977999540793 0.0895606991760189 0.380413744145611 0.281598119205272 0.3180432906222 0.300627899117906 0.205250397571946 0.369125261401164 0.2654076890675 0.143713378937373 0.0791768196183258 0.0341236344395643 0.118194798446176 0.10534263439213 0.125325048605394 0.153548074775503 0.141139014723218 0.0494789917801227 -9999 -9999 -9999 -9999 -9999 -9999 -9999 -9999 -9999 -9999 -9999 -9999 -9999 -9999 0.0197080579891748 0.0149169883612693 0.0261653428188066 -9999 -9999 -9999 -9999 -9999 -9999 -9999 -9999
-9999 -9999 -9999 0.0390803469926684 0.0853219046627772 0.0616481777935481 0.0990708364905044 0.216701474931573 0.192893188694594 0.271578999815489 0.105764320214657 0.363356334666771 0.154039562086356 0.0427074072378594 0.197410364633991 0.0914765824173638 0.123648378203343 0.025269557557357 0.284116869375395 0.0291553419536633 0.229294269056246 0.0655291771274668 -9999 -9999 -9999 -9999 -9999 -9999 -9999 -9999 -9999 -9999 -9999 -9999 -9999 -9999 -9999 -9999 0.0141254927232862 0.0321495675492897 -9999 -9999 -9999 -9999 -9999 -9999 -9999 -9999
