BRT_projection_files/BRT_CCV/B_argillaceus_2_projection.asc
NCOLS 79 
NROWS 71 
XLLCORNER -10.5 
YLLCORNER 36 
CELLSIZE 0.5 
NODATA_value -9999 
[rows 42 to 62 of 71, columns 0 to 47 of 79]
-9999 -9999 -9999 -9999 -9999 -9999 -9999 -9999 -9999 -9999 0.0313010600034839 -9999 -9999 0.0293377377797268 -9999 -9999 -9999 -9999 -9999 -9999 -9999 -9999 -9999 -9999 0.0252320323721502 0.0419708058532729 0.0235649992091694 0.0224161970408252 0.0335162669612138 0.0345468278116278 0.0224213511252107 0.0234794918456462 0.235544996354541 0.121353914074774 0.0685679014647374 0.0214766274529369 0.0200029510532834 0.0196081653301149 0.0399453285149437 0.087584804002093 0.020419667402974 0.021733419717952 0.0232317495560976 0.0215000015041452 0.0233123262881181 0.0228536178603802 0.032526176633439 0.0485240303231913
-9999 -9999 -9999 -9999 -9999 -9999 -9999 -9999 -9999 -9999 -9999 -9999 -9999 -9999 -9999 -9999 -9999 -9999 -9999 -9999 -9999 -9999 0.0255799737040135 0.0238031211255262 0.0252263200596117 0.0908422906886966 0.0919083309288016 0.0243736827399142 0.0257007920354805 0.0282915017665282 0.0872068263906214 0.0685714249771271 0.10897217020043 0.0426536780844383 0.0553858590937348 0.0222034903849538 0.022573408182592 0.0263746673571117 0.0182802150205461 0.0167680207643459 0.0227137096463238 0.0231170901740054 0.021380758356697 0.0214066267097871 0.0217574265988603 0.0220755208993741 0.0557234508807112 0.0373528784792271
-9999 -9999 -9999 -9999 -9999 -9999 -9999 -9999 -9999 -9999 -9999 -9999 -9999 -9999 -9999 -9999 -9999 -9999 0.0280690715454465 0.0276124152326059 0.0236813821055258 0.0230383382592392 0.0232698950501727 0.0223426795917153 0.0241823539113415 0.022305863223788 0.0222149651028487 0.0256205087331049 0.0255789484726988 0.043763001142582 0.0273374775403671 0.0338796385196215 0.0287605631768008 0.0326605186326165 0.0220334951853475 0.0223793394180592 0.0152501313907675 0.054875041153159 0.0203514558517721 0.0212223315219603 0.0232810925188628 0.023464728272913 0.0228382448429605 0.0214344662888238 0.0235170996924067 0.0214434149794932 0.0233661012897934 0.0255375435062538
-9999 -9999 -9999 -9999 -9999 -9999 -9999 -9999 -9999 -9999 -9999 -9999 -9999 -9999 0.027251647420086 -9999 -9999 -9999 0.0239742109616838 0.0232969738586824 0.0255343984044534 0.0226005126555685 0.0244583025975379 0.0848731776794498 0.0220777932660919 0.125584538483621 0.11642064682256 0.0687823666480163 0.0406085447372338 0.0909268553160843 0.0284797848187414 0.0316954552015095 0.0339334906120903 0.0224252739902783 0.0234213896167611 0.0228265973170311 0.0211677058145115 0.0164875374099239 0.0199550813838854 0.0547657487956552 0.021365937969689 0.0226063077248843 0.025404723108027 0.0227191228875205 0.0232941858393972 0.0230732771123527 0.0232476062085771 0.0519043109925198
-9999 -9999 -9999 -9999 -9999 -9999 -9999 -9999 -9999 -9999 -9999 -9999 0.0264473578935354 0.029385517375541 0.0259487340559279 0.0269996079926432 0.0267935867115009 0.0320195484814242 0.0269009612250337 0.0269914448099089 0.0244081151323681 0.024988389074768 0.0279399266895125 0.0941051962540564 0.0907374686107439 0.0334946059814758 0.0222939010650385 0.0243948512687072 0.0249717194065492 0.0241737319850259 0.0225642505834358 0.0330393316759043 0.0669372535185822 0.0233882096342534 0.0202153191434013 0.0184997869901629 0.0211728491438238 0.134172167770414 0.0544140428199237 0.0214239356054667 0.0334314124557026 0.0227163214731089 0.022705854865007 0.0226228922351752 0.0247646267243216 0.0234500718103039 0.0344287006012882 0.028302679903789
-9999 -9999 -9999 -9999 -9999 -9999 -9999 -9999 -9999 -9999 -9999 -9999 -9999 -9999 0.0324481010458349 0.0276972717726137 0.0251422827753627 0.0339393551822476 0.026200901059615 0.0278850140406266 0.0239073520746069 0.0251525277588449 0.0286544132818572 0.0257661592541824 0.0209530993352476 0.0232529777113765 0.0249653692155537 0.0223820813856744 0.0231689565626803 0.0225768002809487 0.0211868740386025 0.0338055129274465 0.0350869246149919 0.108298941089274 0.117022643567811 0.0451592197701951 0.100315689919775 0.0815063122203386 0.066383927304753 0.0404216927639929 0.0340814966515068 0.0740002250856599 0.0608717684592991 0.11267424328449 0.0904031365111485 0.0975977827246041 0.125024042587163 0.175471838658242
-9999 -9999 -9999 -9999 -9999 -9999 -9999 -9999 -9999 -9999 -9999 -9999 -9999 -9999 -9999 -9999 -9999 0.0238493200552613 0.0239526604137869 0.0261552917862377 0.028110545840445 0.0248403128206958 0.0249384917034639 0.0242902628397377 0.0238055989930796 0.0242155814208175 0.0233714363001089 0.0226392624240363 0.0213871649314085 0.0221803277506947 0.0236700160275772 0.0309587635936086 0.0764297865229231 0.0866085034860995 0.0984741709355796 0.0638517026543431 0.0819324588713919 0.0398047940385134 0.0584558029180396 0.0746740158916818 0.149919587402179 0.140802783810875 0.553883574545688 0.580456794852812 0.185716849964228 0.11962299263163 0.39837861597879 0.556043753009626
-9999 -9999 -9999 -9999 -9999 -9999 -9999 -9999 -9999 -9999 -9999 -9999 -9999 -9999 -9999 -9999 -9999 0.0313618468427923 0.0338950144120533 0.031289734358979 0.0420325262331514 0.0694406346026144 0.0282786437756732 0.0220318356160835 0.025069262037826 0.0229526771376505 0.022120470274696 0.0230113403670141 0.0222085929214442 0.0673983469640875 0.0231586167369838 0.0229027380273938 0.0867603778530262 0.0784352768993284 0.0323547270465954 0.0321019067407409 0.0668066007889017 0.106891766425106 0.0903088015555777 0.122868417672224 0.116882504199746 0.0891309410966072 0.138161788324289 0.245743435560549 0.192988751776716 0.302810191443912 0.682157155267452 0.70207846319864
-9999 -9999 -9999 -9999 -9999 -9999 -9999 -9999 -9999 -9999 -9999 -9999 -9999 -9999 -9999 -9999 -9999 -9999 -9999 0.105464273772229 0.0445855865865808 0.0821913031759589 0.0237955988778933 0.0224553222982646 0.0224392688888398 0.0211530280657872 0.0231446476764384 0.023519365385369 0.0224509265915175 0.0233418760542152 0.0231199004653209 0.0230703925923771 0.162489063177716 0.0543244487560555 0.124399049143993 0.638294972384834 0.323247110156853 0.17493468564528 0.115018865998497 0.103487100971458 0.202987133884682 0.261205190886685 0.277183716047301 0.236498907086563 0.326505357665734 0.268613408240232 0.092182670628562 0.241142687753586
-9999 -9999 -9999 -9999 -9999 -9999 -9999 -9999 -9999 -9999 -9999 -9999 -9999 -9999 -9999 -9999 -9999 -9999 -9999 0.0253848456084752 0.0517409652998933 0.0253023975442531 0.02254118710697 0.0226322219287656 0.179088347362448 0.0180161003001073 0.0226510203413792 0.0230901199126106 0.0214104193684234 0.038227106116058 0.0776999964315515 0.0222094122610307 0.0878869500170631 0.225343192250943 0.154574033166171 0.249879386440237 0.111225823835143 0.0751423616005423 0.282126091002246 0.189273013241781 0.0617987663868119 0.08505230557377 0.0930697508258472 0.104130047840414 0.030149843306647 0.0267478613728903 0.0293247780924133 -9999
-9999 -9999 -9999 -9999 -9999 -9999 -9999 -9999 -9999 -9999 -9999 -9999 -9999 -9999 -9999 -9999 -9999 -9999 -9999 0.0214618067823336 0.0232818387296882 0.0244420738631886 0.0248469024048649 0.0903865372942938 0.1778551490994 0.259868023528882 0.0918929841053096 0.0247763995658947 0.0970088859328262 0.074967017677586 0.0823932277582594 0.0226182703491041 0.137885759618308 0.653661307212117 0.178180505126331 0.111332923812153 0.0868780176726341 0.0556683358157801 0.13099305133776 0.252552733652604 0.113721310960215 0.112749386242876 0.0330080203525097 0.0620863056769026 0.0408748658200905 -9999 -9999 -9999
-9999 -9999 -9999 -9999 -9999 -9999 -9999 -9999 -9999 -9999 -9999 -9999 -9999 -9999 -9999 -9999 -9999 -9999 -9999 0.0169911476807296 0.0213499531518338 0.0256229846913719 0.0241902498522676 0.0242890934154992 0.0223872391698236 0.0837564481891064 0.045710639780619 0.106147054121912 0.139210631580333 0.437945474428136 0.0731643341270567 0.0984155276953425 0.385911030358506 0.185078660865802 0.489932612098625 0.101371191459532 0.0258352339489478 0.0346908158223267 0.0329992784363209 0.156923069575032 0.0517632074255186 0.0226968536214251 0.0322288936066662 0.0999412583745425 0.0951496669009714 0.0226991469977018 -9999 -9999
-9999 -9999 -9999 -9999 -9999 -9999 -9999 -9999 -9999 -9999 -9999 -9999 -9999 -9999 -9999 -9999 -9999 -9999 0.012341198544421 0.0183097823211993 0.0149451659928579 0.0219026547590616 0.0270342621621542 0.024982616204672 0.0236445176962846 0.0274852061051032 0.0324047152138956 0.0689426762126533 0.183883320053396 0.100914812165571 0.0438546773304843 0.0590546024879834 0.0828175916492811 0.429209300163914 0.329621271147206 0.14821235502512 0.0234017944397178 0.0475110684155373 -9999 -9999 0.0275610227060825 0.0187245318276299 0.0233291330234586 0.0211986027127507 0.0244291543425536 0.0234006451752901 -9999 -9999
-9999 -9999 -9999 -9999 -9999 -9999 -9999 -9999 -9999 -9999 -9999 -9999 -9999 -9999 -9999 -9999 -9999 -9999 0.0469658045995537 0.0329341754604735 0.0207691273355274 0.0888601947192985 0.10350361883547 0.0242946635734631 0.0246477850583668 0.0247901742622156 0.0464172506113691 0.0694151541061514 0.053850532004123 0.0192333423359084 0.0206039063306543 0.0533905103950954 0.0852832189709739 0.319567556353116 0.180812768257254 0.0308107651973049 -9999 -9999 -9999 -9999 -9999 -9999 0.0316811637045871 0.0785215370914885 0.0203929630439627 0.0232981893446026 0.0245864668166184 -9999
-9999 -9999 -9999 0.0355680986123049 0.133774152811722 0.157967280520189 0.299946250901434 0.0853842920429864 0.031571489256022 0.102549304684191 0.0270048804671919 0.0200651418874349 0.0806186309860462 0.119441662856104 0.0986051720695492 0.111479763140911 0.0402506092441089 0.139057176292501 0.0697783002624784 0.0645648857251698 0.0241459767093145 0.0231314203045041 0.0230823521562186 0.0215734829826928 0.0215375080829504 0.0250294004671629 0.0214766467475414 0.0181833236550169 -9999 -9999 -9999 -9999 0.0172206366859999 0.0177360983297416 -9999 -9999 -9999 -9999 -9999 -9999 -9999 -9999 0.0213519222953384 0.0213222006512425 0.0304261896507366 0.0299704892020978 0.0230743399055441 0.0235806315786083
-9999 -9999 -9999 0.177605910078222 0.200786365826991 0.189046420359798 0.357856731658293 0.521530849189306 0.285346468053815 0.116904744675509 0.0540346856201466 0.0393862471808743 0.0488747702957803 0.0405319401383948 0.0400330970729832 0.0746635343446548 0.0599309683944715 0.0542893800422409 0.0515202148823763 0.0717588824946591 0.026758437986987 0.0325102494077747 0.0272552211226411 0.0229375207432017 0.0233104231163975 0.0180150821163485 0.0198512092232406 -9999 -9999 -9999 -9999 -9999 -9999 -9999 -9999 -9999 -9999 -9999 -9999 -9999 -9999 -9999 -9999 0.0212413533480541 0.0213594975517722 0.0215078530178622 0.0246719647993621 0.0186587563823103
-9999 -9999 -9999 -9999 0.263832858186117 0.379175367563262 0.243978876217479 0.244635058695812 0.0625879073458866 0.351773166733396 0.0759052129347727 0.2662072124385 0.172291427224624 0.324399541703575 0.0377406152533492 0.0646553078610804 0.0815552022904741 0.284540199338679 0.0348954620235329 0.0347642168223824 0.0370481974901028 0.0482700671610324 0.0305734381303991 0.037760522466188 0.0844852537073496 0.0414151283045542 0.0879231070643079 0.100281801750349 -9999 -9999 -9999 -9999 -9999 -9999 -9999 -9999 -9999 -9999 -9999 -9999 -9999 -9999 -9999 -9999 0.0227162929737084 0.020293033783321 0.0197956363293203 0.0878543766427641
-9999 -9999 -9999 0.0399860370433516 0.433410769167712 0.307936084471055 0.104136835167157 0.0569199566266288 0.037038985498821 0.103361032102868 0.273039469061925 0.603103827315633 0.231332173225328 0.0649295038078801 0.0400645710615944 0.0330366296951358 0.0696072115319207 0.0548348832686542 0.0759345873484279 0.071621347240136 0.0469072276742034 0.0740426455803447 0.26942734532712 0.28775634515552 0.107353162776216 0.239556348753459 0.0403361662160695 -9999 -9999 -9999 -9999 -9999 -9999 -9999 -9999 -9999 -9999 -9999 -9999 -9999 -9999 -9999 -9999 -9999 -9999 -9999 0.0951837396624248 0.043780224289052
-9999 -9999 -9999 -9999 0.0776333788491274 0.105867935330567 0.0382292206112884 0.0425080230228237 0.0529084513866685 0.0633458119434941 0.0931846172726736 0.101169558924436 0.042364013753061 0.0466721350913498 0.0452550576369317 0.0478929680644549 0.0514322252680318 0.0453169541669777 0.0582499245639995 0.0355497444187695 0.0239441128393942 0.0461782376120689 0.0564295999635099 0.121116467810261 0.0794933888664746 -9999 -9999 -9999 -9999 -9999 -9999 -9999 -9999 -9999 -9999 -9999 -9999 -9999 -9999 -9999 -9999 -9999 -9999 -9999 -9999 -9999 -9999 -9999
-9999 -9999 -9999 -9999 0.0699820754112905 0.136798940918844 0.224588914437068 0.0556800637322646 0.0464709340527734 0.286482303926121 0.0674793797310206 0.122605617406963 0.295657734634294 0.337746673705162 0.264378288155223 0.0419416124525769 0.029251548946901 0.040785306447765 0.0571739691295637 0.0436527287804861 0.0374961123858802 0.0398511641832341 0.0877715724283186 -9999 -9999 -9999 -9999 -9999 -9999 -9999 -9999 -9999 -9999 -9999 -9999 -9999 -9999 0.0243527207400382 0.021765967169043 0.0208109748141661 -9999 -9999 -9999 -9999 -9999 -9999 -9999 -9999
-9999 -9999 -9999 0.0332196080093709 0.226099573473842 0.0598344663443433 0.0540387458349289 0.035123066842843 0.041755474825188 0.0485482060484859 0.0396954619156273 0.0568122278585694 0.293505959191333 0.294745393173425 0.186344876116569 0.0546740717427823 0.0414752858327918 0.0290078717916812 0.0509406241731109 0.039510464815848 0.0709344321215281 0.120516077359116 -9999 -9999 -9999 -9999 -9999 -9999 -9999 -9999 -9999 -9999 -9999 -9999 -9999 -9999 -9999 -9999 0.0200027259779188 0.0218885727359236 -9999 -9999 -9999 -9999 -9999 -9999 -9999 -9999
