BRT_projection_files/BRT_CCV/B_barbutellus_1_projection.asc
NCOLS 79 
NROWS 71 
XLLCORNER -10.5 
YLLCORNER 36 
CELLSIZE 0.5 
NODATA_value -9999 
[rows 44 to 65 of 71, columns 0 to 48 of 79]
-9999 -9999 -9999 -9999 -9999 -9999 -9999 -9999 -9999 -9999 -9999 -9999 -9999 -9999 -9999 -9999 -9999 -9999 0.267603040834803 0.336880971425358 0.28579093912947 0.461259316130969 0.248744692519967 0.35178341867601 0.176874405401828 0.312573290111143 0.227782179425115 0.260614947598299 0.280201434862505 0.460572705710101 0.296224428200684 0.415998175150823 0.653361156353871 0.741954036300157 0.759267187245128 0.773212041584745 0.560891899284657 0.789482937722647 0.755150584032793 0.690215954102915 0.53274116269377 0.485032613474305 0.613891613754656 0.640907442642769 0.509826086309921 0.604819829912024 0.589405610937588 0.585389445200209 0.392157144555475
-9999 -9999 -9999 -9999 -9999 -9999 -9999 -9999 -9999 -9999 -9999 -9999 -9999 -9999 0.196834254825935 -9999 -9999 -9999 0.342931579394568 0.571723521798109 0.385678956758726 0.397488471114257 0.288605536007829 0.190037344299248 0.30076653686889 0.378635774567396 0.402570954652152 0.187440305147665 0.186386766179145 0.194825082364405 0.18202381053255 0.471129138317585 0.357689239714293 0.733801535691256 0.601382278071121 0.657793078815839 0.772761472358742 0.703458006389453 0.678158668283808 0.661182735339367 0.570489762633918 0.661688831246863 0.48091680659671 0.64110819956185 0.49414972184821 0.568813741589656 0.462842416833292 0.674689454680955 0.672858435604924
-9999 -9999 -9999 -9999 -9999 -9999 -9999 -9999 -9999 -9999 -9999 -9999 0.353317866741337 0.283793401303038 0.240111069255846 0.249267331013977 0.16805113238038 0.285315871800157 0.373771250208122 0.267391733902917 0.448152119815642 0.327937856517639 0.32913064854796 0.189363773764132 0.165808990100859 0.149085358193849 0.180684195812965 0.171205283793618 0.196369558820507 0.186174969739129 0.251827720182819 0.429443547267725 0.565055532909985 0.750579617710282 0.624695354282009 0.455546201942982 0.720861850438767 0.667913059404527 0.70678216447101 0.654338339876342 0.635292976555558 0.652061639286425 0.643588752602595 0.706184888977114 0.695548760232027 0.551658976718927 0.624535574425609 0.614514951495481 0.54970223639539
-9999 -9999 -9999 -9999 -9999 -9999 -9999 -9999 -9999 -9999 -9999 -9999 -9999 -9999 0.318330112551699 0.299056955814683 0.254713266350963 0.206634495610858 0.204248894658127 0.168804255613973 0.204871767068711 0.369288440283187 0.223876915409828 0.18183638178599 0.260044569817672 0.199699537069775 0.226870397151555 0.178051058987803 0.181705134322573 0.292667908198622 0.458575447210379 0.525882189063933 0.582736443894054 0.563730334808322 0.529152377934695 0.717505227151184 0.648349160973563 0.706899288973105 0.584002750995481 0.704440735387813 0.536755892529733 0.547641786617216 0.556155411917531 0.744210781226699 0.795633680349963 0.766656238349831 0.845097959392005 0.850958545749135 0.699248951865821
-9999 -9999 -9999 -9999 -9999 -9999 -9999 -9999 -9999 -9999 -9999 -9999 -9999 -9999 -9999 -9999 -9999 0.369287900623517 0.287440529473377 0.315047054076591 0.228877035184861 0.17564229264506 0.226100210384263 0.216358499752741 0.161591167430879 0.219393845692103 0.184771060460705 0.271116122947516 0.543098602128071 0.551076520099243 0.414723677145085 0.301675411049356 0.585142800937613 0.556472113715715 0.688004497428868 0.484391092186243 0.597216278046486 0.569061880211212 0.727150683287718 0.651519533129518 0.758149685150165 0.595095988298572 0.774896599704358 0.807760800294674 0.713427911692716 0.668272970490537 0.665018616767844 0.736970776345851 0.820744840124329
-9999 -9999 -9999 -9999 -9999 -9999 -9999 -9999 -9999 -9999 -9999 -9999 -9999 -9999 -9999 -9999 -9999 0.200450325582975 0.177575996401842 0.211755257271591 0.172027571231612 0.217469848139523 0.177848834008818 0.220828126137643 0.189294763744482 0.225202126874933 0.235935887601358 0.341913151165813 0.451901735047917 0.743343321020503 0.445332496890106 0.425413717846205 0.577894335680306 0.654247748151777 0.491841695898471 0.649788832407445 0.772719353184166 0.686596960099935 0.595297599799589 0.572389904229698 0.515515285027313 0.320190163254198 0.472644360929423 0.482184497212608 0.427101021620466 0.696067746405749 0.772841063345964 0.810923566400946 0.671650661126337
-9999 -9999 -9999 -9999 -9999 -9999 -9999 -9999 -9999 -9999 -9999 -9999 -9999 -9999 -9999 -9999 -9999 -9999 -9999 0.152983213277737 0.194377069246064 0.172826163466779 0.21528249157158 0.343081377002282 0.620630758680769 0.489553776458288 0.522774168725541 0.643079827097061 0.562840559382928 0.767621610408511 0.574507318383028 0.43751259618567 0.647617145910666 0.73771484556078 0.72370379212298 0.63143217696125 0.666201991523472 0.72793846946697 0.704004180362763 0.626856685151584 0.543091424782585 0.664951511634103 0.672677859644845 0.645271197414836 0.604108044439736 0.60980046212024 0.579466992013973 0.508982003541148 0.0396525180980943
-9999 -9999 -9999 -9999 -9999 -9999 -9999 -9999 -9999 -9999 -9999 -9999 -9999 -9999 -9999 -9999 -9999 -9999 -9999 0.237807920425311 0.176809832305235 0.242639778535658 0.369575511474086 0.474509210956692 0.647450083679417 0.469671023367244 0.555602991318441 0.740566058626138 0.453025451398843 0.726864609563657 0.509297493125421 0.364004535513417 0.701180659958855 0.595988929088556 0.708842334082946 0.486906837526726 0.32859806602126 0.751223866574968 0.422391228016738 0.431461458944592 0.824196791091765 0.701661037363257 0.618057746483948 0.656774560600048 0.692963121662883 0.214588270916261 0.107216818007303 -9999 0.336789185776916
-9999 -9999 -9999 -9999 -9999 -9999 -9999 -9999 -9999 -9999 -9999 -9999 -9999 -9999 -9999 -9999 -9999 -9999 -9999 0.273092982605579 0.262155944628406 0.254721076548611 0.233204997943257 0.381776131627756 0.33720845868784 0.647288977824356 0.728936424204844 0.432887537412057 0.470637121888818 0.69546944271509 0.367023112800566 0.342309393186792 0.76549297905814 0.692704067303906 0.485866243115384 0.714398895539983 0.447242611411025 0.154923021279323 0.10783286758828 0.14556335753795 0.18972338738556 0.0978657839101923 0.116341274427302 0.162923294772124 0.207620291114472 -9999 -9999 -9999 0.18958253645439
-9999 -9999 -9999 -9999 -9999 -9999 -9999 -9999 -9999 -9999 -9999 -9999 -9999 -9999 -9999 -9999 -9999 -9999 -9999 0.309036988433895 0.398816710963432 0.27788400300177 0.212265889973125 0.230591521014337 0.418520175771178 0.657146837264644 0.580942859389364 0.58723002425744 0.713659820670006 0.650445052789546 0.442701376880958 0.654542318269095 0.716731220213199 0.718696225260838 0.605326652659903 0.581856656034927 0.274037417103302 0.195541834417085 0.226975609801035 0.589707448872342 0.285638286948632 0.279027086514344 0.24927400356656 0.11327609062717 0.0809503148635444 0.0738490389844623 -9999 -9999 -9999
-9999 -9999 -9999 -9999 -9999 -9999 -9999 -9999 -9999 -9999 -9999 -9999 -9999 -9999 -9999 -9999 -9999 -9999 0.068466826887123 0.28296294987305 0.202548519833829 0.183313024897149 0.311569202742716 0.213192970456216 0.309735157192032 0.232833410913212 0.461893691584585 0.666665842255729 0.623820916910746 0.342817732153796 0.329395566447789 0.586551055426584 0.64541002296818 0.584998242154236 0.626241899735544 0.682034875977195 0.433022530228819 0.260789736733132 -9999 -9999 0.194579861899338 0.534584403377971 0.595564709389547 0.765621032249698 0.239350566695114 0.217708730350938 -9999 -9999 -9999
-9999 -9999 -9999 -9999 -9999 -9999 -9999 -9999 -9999 -9999 -9999 -9999 -9999 -9999 -9999 -9999 -9999 -9999 0.275493661624046 0.284426061306686 0.245686243561892 0.220881468712597 0.163640106055691 0.284436585810491 0.231143472059889 0.362579393387072 0.474245607910441 0.448139158305899 0.39935831391197 0.248594507916958 0.315008418219771 0.407340214348445 0.312757186749368 0.372493618450196 0.338557167537947 0.292834075288923 -9999 -9999 -9999 -9999 -9999 -9999 0.274357880894617 0.384478937567587 0.476732438477207 0.407467941746899 0.237955051888947 -9999 -9999
-9999 -9999 -9999 0.131889488451905 0.305255917342933 0.275235537535544 0.147894590560696 0.147773232023677 0.549358248650322 0.766478415585654 0.436319820355582 0.327476123910383 0.247808361176161 0.298444906307747 0.297085622948551 0.253373906307771 0.225767812156412 0.236218540326833 0.308163201325789 0.353049680355502 0.350482575773359 0.334475957457049 0.251747892196605 0.25652002022256 0.220319766039498 0.285316620549541 0.206423089634659 0.22498112815568 -9999 -9999 -9999 -9999 0.23491534382974 0.196538473493861 -9999 -9999 -9999 -9999 -9999 -9999 -9999 -9999 0.243897379124055 0.173682781635493 0.192657723577697 0.186952962861925 0.266816047878712 0.209719574156689 0.0711600026605964
-9999 -9999 -9999 0.274076668955367 0.221433568260268 0.307366229543499 0.196179940537336 0.18064859411594 0.341526346209087 0.450711091637374 0.339972907364313 0.421580214086338 0.246560126142028 0.292240869312738 0.218914158051972 0.295245720558629 0.407755809861998 0.26753382007054 0.348173684724186 0.470790977866974 0.679647594984792 0.633662111416275 0.611855366259491 0.502430930383153 0.529895410664654 0.527097020168463 0.234272766173469 -9999 -9999 -9999 -9999 -9999 -9999 -9999 -9999 -9999 -9999 -9999 -9999 -9999 -9999 -9999 -9999 0.145488405512993 0.149012060611786 0.168416943227766 0.282522269725068 0.419847832021295 0.2400703986012
-9999 -9999 -9999 -9999 0.187850232513204 0.311029725097007 0.325464892291067 0.33858080195328 0.283931385121662 0.163631238897115 0.154540234219447 0.164768778458868 0.154479035576527 0.328174845258234 0.387765072014852 0.373564405223 0.238346742532368 0.157608143509552 0.123992919710931 0.12737495102575 0.233106560381973 0.195259308690215 0.28189556147306 0.160466341355394 0.310919591798529 0.531708566376839 0.266095684594663 0.14320112422272 -9999 -9999 -9999 -9999 -9999 -9999 -9999 -9999 -9999 -9999 -9999 -9999 -9999 -9999 -9999 -9999 0.145767072791254 0.230673480201845 0.241379675624474 0.592541514510926 0.468144232228798
-9999 -9999 -9999 0.221824294660379 0.227435286863999 0.172643108995235 0.189016492440599 0.193507201768525 0.163795870190296 0.167743821570875 0.15465045156816 0.202269243757628 0.169805994795904 0.201363220196065 0.183319390652523 0.223519767416993 0.217013850888605 0.193706226678218 0.143780995247188 0.27665839222773 0.144652608072367 0.155945538346845 0.166044730304791 0.217185789221131 0.268520075166938 0.279234018909777 0.160487401314078 -9999 -9999 -9999 -9999 -9999 -9999 -9999 -9999 -9999 -9999 -9999 -9999 -9999 -9999 -9999 -9999 -9999 -9999 -9999 0.311476180328114 0.267146381706455 0.308240568588165
-9999 -9999 -9999 -9999 0.328009057020127 0.207311027013178 0.189406707274849 0.211955331330777 0.226041872521592 0.202459980183324 0.160906863966246 0.159399627862944 0.153892712642434 0.231060350650235 0.214253728332304 0.222226457056923 0.263029187994307 0.239361865207176 0.195856989351135 0.148477019680423 0.144813144505708 0.175011842553697 0.14170176207959 0.14718677612991 0.224228657498531 -9999 -9999 -9999 -9999 -9999 -9999 -9999 -9999 -9999 -9999 -9999 -9999 -9999 -9999 -9999 -9999 -9999 -9999 -9999 -9999 -9999 -9999 -9999 0.257557808949543
-9999 -9999 -9999 -9999 0.0852807383479877 0.151927419241682 0.225074931996111 0.231474637282171 0.29260445430694 0.271315855194423 0.255856186385124 0.242906430387527 0.70620386396971 0.370621784248835 0.191503653430747 0.159194862447822 0.352513753560412 0.225519766889633 0.270861059318961 0.238465463375715 0.172973550783695 0.150687161338774 0.135023573887886 -9999 -9999 -9999 -9999 -9999 -9999 -9999 -9999 -9999 -9999 -9999 -9999 -9999 -9999 0.133633986360869 0.149621243164886 0.371867729278976 -9999 -9999 -9999 -9999 -9999 -9999 -9999 -9999 -9999
-9999 -9999 -9999 0.177620920120053 0.0741479876759208 0.0904227187843649 0.256065615063502 0.295760699348971 0.291681432443562 0.456936132092334 0.42448845121914 0.25226057832238 0.148697602915828 0.343281802585952 0.176373196359085 0.165601842999361 0.194506077412611 0.366463360623964 0.234662737988435 0.210335422255693 0.167552663921016 0.135836527397222 -9999 -9999 -9999 -9999 -9999 -9999 -9999 -9999 -9999 -9999 -9999 -9999 -9999 -9999 -9999 -9999 0.173985321687445 0.303639475473795 -9999 -9999 -9999 -9999 -9999 -9999 -9999 -9999 -9999
-9999 -9999 -9999 0.27389424568067 0.130708673588175 0.112728538074202 0.175372015774737 0.189444395791986 0.248596765131672 0.188690685301378 0.175037811648783 0.134086296735221 0.140430269685515 0.141384549264209 0.135869379890777 0.149506329823582 0.159464647445313 0.159268284539145 0.166755344358854 0.160487860936223 0.211062322278379 -9999 -9999 -9999 -9999 -9999 -9999 -9999 -9999 -9999 -9999 -9999 -9999 -9999 -9999 -9999 -9999 -9999 0.141585509820715 0.25828798086274 -9999 -9999 -9999 -9999 -9999 -9999 -9999 -9999 -9999
-9999 -9999 0.174063069516482 0.18958180332087 0.168176661786015 0.155793780492835 0.18703612119949 0.19716956908435 0.192990488313008 0.194851935561127 0.257443641960853 0.18564586913754 0.156383279058286 0.142592711846641 0.143481238908382 0.140151235306946 0.143489353468609 0.141673232766869 0.159978641304567 0.141017986117325 -9999 -9999 -9999 -9999 -9999 -9999 -9999 -9999 -9999 -9999 -9999 -9999 -9999 -9999 -9999 -9999 -9999 -9999 0.144633350253175 0.193919246163062 -9999 -9999 -9999 -9999 -9999 -9999 -9999 -9999 -9999
-9999 -9999 0.245534123463163 0.139998873769675 0.133796378673853 0.129358416755036 0.124636543824242 0.200270149147202 0.194374128220448 0.181891049196265 0.17877101705926 0.135660914900936 0.139675586218699 0.184283323542552 0.155244181861776 0.197673924854887 0.152468114696238 0.149955716375045 0.150529608965753 0.170660753282525 0.124240104511023 -9999 -9999 -9999 -9999 -9999 -9999 -9999 -9999 -9999 -9999 -9999 -9999 -9999 -9999 -9999 -9999 -9999 -9999 -9999 -9999 -9999 -9999 -9999 -9999 -9999 -9999 -9999 -9999
