BRT_projection_files/BRT_CCV/B_balteatus_2_projection.asc
NCOLS 79 
NROWS 71 
XLLCORNER -10.5 
YLLCORNER 36 
CELLSIZE 0.5 
NODATA_value -9999 
[rows 42 to 62 of 71, columns 0 to 45 of 79]
-9999 -9999 -9999 -9999 -9999 -9999 -9999 -9999 -9999 -9999 0.00831447935527401 -9999 -9999 0.00831447935527401 -9999 -9999 -9999 -9999 -9999 -9999 -9999 -9999 -9999 -9999 0.00831447935527401 0.00831447935527401 0.00831447935527401 0.00831447935527401 0.00831447935527401 0.00831447935527401 0.00831447935527401 0.00831447935527401 0.00831845968817158 0.00831845968817158 0.00831845968817158 0.00831447935527401 0.00831447935527401 0.00831447935527401 0.00831447935527401 0.00831845968817158 0.00831447935527401 0.00831447935527401 0.00831447935527401 0.00831447935527401 0.00831447935527401 0.00831447935527401
-9999 -9999 -9999 -9999 -9999 -9999 -9999 -9999 -9999 -9999 -9999 -9999 -9999 -9999 -9999 -9999 -9999 -9999 -9999 -9999 -9999 -9999 0.00831447935527401 0.00831447935527401 0.00831447935527401 0.00831447935527401 0.00831447935527401 0.00831447935527401 0.00831447935527401 0.00831447935527401 0.00831845968817158 0.00831845968817158 0.00831845968817158 0.00831447935527401 0.00831845968817158 0.00831447935527401 0.00831447935527401 0.00831447935527401 0.00831447935527401 0.00831447935527401 0.00831447935527401 0.00831447935527401 0.00831447935527401 0.00831447935527401 0.00831447935527401 0.00831447935527401
-9999 -9999 -9999 -9999 -9999 -9999 -9999 -9999 -9999 -9999 -9999 -9999 -9999 -9999 -9999 -9999 -9999 -9999 0.00831447935527401 0.00831447935527401 0.00831447935527401 0.00831447935527401 0.00831447935527401 0.00831447935527401 0.00831447935527401 0.00831447935527401 0.00831447935527401 0.00831447935527401 0.00831447935527401 0.00831447935527401 0.00831447935527401 0.00831448075139881 0.00831447935527401 0.00831448075139881 0.00831447935527401 0.00831447935527401 0.00831447935527401 0.00831447935527401 0.00831447935527401 0.00831447935527401 0.00831447935527401 0.00831447935527401 0.00831447935527401 0.00831447935527401 0.00831447935527401 0.00831447935527401
-9999 -9999 -9999 -9999 -9999 -9999 -9999 -9999 -9999 -9999 -9999 -9999 -9999 -9999 0.00831447935527401 -9999 -9999 -9999 0.00831447935527401 0.00831447935527401 0.00831447935527401 0.00831447935527401 0.00831447935527401 0.00831447935527401 0.00831447935527401 0.00831447935527401 0.00831447935527401 0.00831447935527401 0.00831447935527401 0.00831447935527401 0.00831447935527401 0.00831447935527401 0.00831448075139881 0.00831447935527401 0.00831447935527401 0.00831447935527401 0.00831447935527401 0.00831447935527401 0.00831447935527401 0.00831447935527401 0.00831447935527401 0.00831447935527401 0.00831447935527401 0.00831447935527401 0.00831447935527401 0.00831447935527401
-9999 -9999 -9999 -9999 -9999 -9999 -9999 -9999 -9999 -9999 -9999 -9999 0.00831447935527401 0.00831447935527401 0.00831447935527401 0.00831447935527401 0.00831447935527401 0.00831447935527401 0.00831447935527401 0.00831447935527401 0.00831447935527401 0.00831447935527401 0.00831447935527401 0.00831447935527401 0.00831447935527401 0.00831447935527401 0.00831447935527401 0.00831447935527401 0.00831447935527401 0.00831447935527401 0.00831447935527401 0.00831448075139881 0.00831845968817158 0.00831447935527401 0.00831447935527401 0.00831447935527401 0.00831447935527401 0.00831845968817158 0.00831845968817158 0.00831447935527401 0.00831448075139881 0.00831447935527401 0.00831447935527401 0.00831447935527401 0.00831447935527401 0.00831447935527401
-9999 -9999 -9999 -9999 -9999 -9999 -9999 -9999 -9999 -9999 -9999 -9999 -9999 -9999 0.00831447935527401 0.00831447935527401 0.00831447935527401 0.00831447935527401 0.00831447935527401 0.00831447935527401 0.00831447935527401 0.00831447935527401 0.00831447935527401 0.00831447935527401 0.00831447935527401 0.00831447935527401 0.00831447935527401 0.00831447935527401 0.00831447935527401 0.00831447935527401 0.00831447935527401 0.00831447935527401 0.00831448075139881 0.00831845968817158 0.00831845968817158 0.00831845968817158 0.00831447935527401 0.00831845968817158 0.00831845968817158 0.00831447935527401 0.00831448075139881 0.00831845968817158 0.00831845968817158 0.00831845968817158 0.00831845968817158 0.00831845968817158
-9999 -9999 -9999 -9999 -9999 -9999 -9999 -9999 -9999 -9999 -9999 -9999 -9999 -9999 -9999 -9999 -9999 0.00831447935527401 0.00831447935527401 0.00831447935527401 0.00831447935527401 0.00831447935527401 0.00831447935527401 0.00831447935527401 0.00831447935527401 0.00831447935527401 0.00831447935527401 0.00831447935527401 0.00831447935527401 0.00831447935527401 0.00831447935527401 0.00831447935527401 0.00831845968817158 0.00831845968817158 0.00831845968817158 0.00831845968817158 0.00831845968817158 0.00831448075139881 0.00831845968817158 0.00834504884980836 0.00831845968817158 0.00835728416794165 0.00836132210984699 0.00831845968817158 0.00831845968817158 0.00831448075139881
-9999 -9999 -9999 -9999 -9999 -9999 -9999 -9999 -9999 -9999 -9999 -9999 -9999 -9999 -9999 -9999 -9999 0.00831447935527401 0.00831447935527401 0.00831447935527401 0.00831447935527401 0.00831447935527401 0.00831447935527401 0.00831447935527401 0.00831447935527401 0.00831447935527401 0.00831447935527401 0.00831447935527401 0.00831447935527401 0.00831845968817158 0.00831447935527401 0.00831447935527401 0.00831845968817158 0.00831845968817158 0.00831447935527401 0.00831447935527401 0.00831845968817158 0.00834504884980836 0.00836132210984699 0.00836132210984699 0.00837263937600835 0.340917016990579 0.37943564801309 0.00834783719707268 0.00833931304160631 0.317070347028073
-9999 -9999 -9999 -9999 -9999 -9999 -9999 -9999 -9999 -9999 -9999 -9999 -9999 -9999 -9999 -9999 -9999 -9999 -9999 0.00831447935527401 0.00831447935527401 0.00831447935527401 0.00831447935527401 0.00831447935527401 0.00831447935527401 0.00831447935527401 0.00831447935527401 0.00831447935527401 0.00831447935527401 0.00831447935527401 0.00831447935527401 0.00831447935527401 0.00831845968817158 0.00831845968817158 0.00831845968817158 0.00836218940383671 0.0170200971433515 0.00831574260002254 0.00831845968817158 0.00831574260002254 0.0171567179597646 0.0182348869477064 0.260481834906225 0.00831845968817158 0.00835058122340955 0.00831845968817158
-9999 -9999 -9999 -9999 -9999 -9999 -9999 -9999 -9999 -9999 -9999 -9999 -9999 -9999 -9999 -9999 -9999 -9999 -9999 0.00831447935527401 0.00831447935527401 0.00831447935527401 0.00831447935527401 0.00831447935527401 0.00831845968817158 0.00831447935527401 0.00831447935527401 0.00831447935527401 0.00831447935527401 0.00831448075139881 0.00831448075139881 0.00831447935527401 0.00831845968817158 0.00831845968817158 0.00831845968817158 0.00833987516907809 0.00831845968817158 0.00831845968817158 0.00831845968817158 0.00831845968817158 0.00831845968817158 0.00831845968817158 0.00831845968817158 0.00831845968817158 0.00831447935527401 0.00831447935527401
-9999 -9999 -9999 -9999 -9999 -9999 -9999 -9999 -9999 -9999 -9999 -9999 -9999 -9999 -9999 -9999 -9999 -9999 -9999 0.00831447935527401 0.00831447935527401 0.00831447935527401 0.00831447935527401 0.00831845968817158 0.00831845968817158 0.00831845968817158 0.00831845968817158 0.00831447935527401 0.00831845968817158 0.00831845968817158 0.00831845968817158 0.00831447935527401 0.00831845968817158 0.00831845968817158 0.0083175591831948 0.00831845968817158 0.00831447935527401 0.00831447935527401 0.00831447935527401 0.00831447935527401 0.00831447935527401 0.00831447935527401 0.00831447935527401 0.00831447935527401 0.00831447935527401 -9999
-9999 -9999 -9999 -9999 -9999 -9999 -9999 -9999 -9999 -9999 -9999 -9999 -9999 -9999 -9999 -9999 -9999 -9999 -9999 0.00831447935527401 0.00831447935527401 0.00831447935527401 0.00831447935527401 0.00831447935527401 0.00831447935527401 0.00831845968817158 0.00831845968817158 0.00831845968817158 0.00831845968817158 0.00831845968817158 0.00831845968817158 0.00831845968817158 0.00831845968817158 0.00831845968817158 0.00831845968817158 0.00831845968817158 0.00831447935527401 0.00831447935527401 0.00831448075139881 0.00831845968817158 0.00831845968817158 0.00831447935527401 0.00831447935527401 0.00831447935527401 0.00831447935527401 0.00831447935527401
-9999 -9999 -9999 -9999 -9999 -9999 -9999 -9999 -9999 -9999 -9999 -9999 -9999 -9999 -9999 -9999 -9999 -9999 0.00831447935527401 0.00831447935527401 0.00831447935527401 0.00831447935527401 0.00831447935527401 0.00831447935527401 0.00831447935527401 0.00831447935527401 0.00831447935527401 0.00831845968817158 0.00834504884980836 0.00831845968817158 0.00831845968817158 0.00831845968817158 0.00831845968817158 0.00831845968817158 0.0086102997224333 0.00831845968817158 0.00831447935527401 0.00831845968817158 -9999 -9999 0.00831845968817158 0.00831447935527401 0.00831447935527401 0.00831447935527401 0.00831447935527401 0.00831447935527401
-9999 -9999 -9999 -9999 -9999 -9999 -9999 -9999 -9999 -9999 -9999 -9999 -9999 -9999 -9999 -9999 -9999 -9999 0.00831845968817158 0.00831448075139881 0.00831447935527401 0.00831447935527401 0.00831447935527401 0.00831447935527401 0.00831447935527401 0.00831447935527401 0.00831845968817158 0.00831845968817158 0.00831845968817158 0.00831447935527401 0.00831447935527401 0.00831845968817158 0.00831845968817158 0.00831845968817158 0.00831845968817158 0.00882594551916559 -9999 -9999 -9999 -9999 -9999 -9999 0.00831447935527401 0.00831447935527401 0.00831447935527401 0.00831447935527401
-9999 -9999 -9999 0.00831448075139881 0.00831845968817158 0.00831845968817158 0.00831845968817158 0.00857179754518285 0.00831447935527401 0.00831447935527401 0.00831447935527401 0.00831447935527401 0.0083081846831873 0.00831447935527401 0.00831447935527401 0.00831574260002254 0.00832094159249987 0.00831845968817158 0.00831845968817158 0.00831845968817158 0.00831447935527401 0.00831447935527401 0.00831447935527401 0.00831447935527401 0.00831447935527401 0.00831447935527401 0.00831447935527401 0.00831447935527401 -9999 -9999 -9999 -9999 0.00831447935527401 0.00831447935527401 -9999 -9999 -9999 -9999 -9999 -9999 -9999 -9999 0.00831447935527401 0.00831447935527401 0.00831447935527401 0.00831448075139881
-9999 -9999 -9999 0.00831845968817158 0.00831845968817158 0.00831845968817158 0.00831845968817158 0.00831845968817158 0.00831845968817158 0.00831845968817158 0.00831845968817158 0.00831845968817158 0.00831447935527401 0.00831448075139881 0.00831447935527401 0.00831448075139881 0.00831845968817158 0.00831447935527401 0.00831845968817158 0.00831845968817158 0.00831447935527401 0.0127462607658429 0.00831447935527401 0.00831447935527401 0.00831447935527401 0.00831447935527401 0.00831447935527401 -9999 -9999 -9999 -9999 -9999 -9999 -9999 -9999 -9999 -9999 -9999 -9999 -9999 -9999 -9999 -9999 0.00831447935527401 0.00831447935527401 0.00831447935527401
-9999 -9999 -9999 -9999 0.00831845968817158 0.00831845968817158 0.00831845968817158 0.00831845968817158 0.00831845968817158 0.00837128650797246 0.00837128650797246 0.00837286659986534 0.00837529371775174 0.00831447935527401 0.00831447935527401 0.00831447935527401 0.00831448075139881 0.00837128650797246 0.00836796619441017 0.00831447935527401 0.00831448075139881 0.00831845968817158 0.00831448075139881 0.00831845968817158 0.00831845968817158 0.00831447935527401 0.00831447935527401 0.00833496487003223 -9999 -9999 -9999 -9999 -9999 -9999 -9999 -9999 -9999 -9999 -9999 -9999 -9999 -9999 -9999 -9999 0.00831447935527401 0.00831447935527401
-9999 -9999 -9999 0.00831448075139881 0.00831845968817158 0.00831845968817158 0.00831845968817158 0.00831845968817158 0.00831447935527401 0.00837128650797246 0.00837128650797246 0.00837128650797246 0.00837286659986534 0.00836231227608352 0.00831447935527401 0.00853790423936254 0.00833213723508889 0.00837286659986534 0.00837128650797246 0.00837128650797246 0.00837128650797246 0.00837128650797246 0.00837128650797246 0.00830768200783143 0.00831845968817158 0.00831845968817158 0.00831447935527401 -9999 -9999 -9999 -9999 -9999 -9999 -9999 -9999 -9999 -9999 -9999 -9999 -9999 -9999 -9999 -9999 -9999 -9999 -9999
-9999 -9999 -9999 -9999 0.00831845968817158 0.00831845968817158 0.00831447935527401 0.00831447935527401 0.00831447935527401 0.00837128650797246 0.00837128650797246 0.00837128650797246 0.00837529371775174 0.00831447935527401 0.0127254655041617 0.00837529371775174 0.0130240809987294 0.00837128650797246 0.00837128650797246 0.00837128650797246 0.00837128650797246 0.00837128650797246 0.00837128650797246 0.00837529371775174 0.00833105218389505 -9999 -9999 -9999 -9999 -9999 -9999 -9999 -9999 -9999 -9999 -9999 -9999 -9999 -9999 -9999 -9999 -9999 -9999 -9999 -9999 -9999
-9999 -9999 -9999 -9999 0.00831845968817158 0.00831845968817158 0.00831447935527401 0.00831447935527401 0.00831447935527401 0.00833759010053214 0.00831204291538164 0.00837128650797246 0.00831447935527401 0.00831447935527401 0.00837286659986534 0.00831204291538164 0.0130236980124971 0.0128516155230409 0.00837128650797246 0.0130240809987294 0.00837286659986534 0.00834053835711546 0.00834053835711546 -9999 -9999 -9999 -9999 -9999 -9999 -9999 -9999 -9999 -9999 -9999 -9999 -9999 -9999 0.00831447935527401 0.00831447935527401 0.00831447935527401 -9999 -9999 -9999 -9999 -9999 -9999
-9999 -9999 -9999 0.00831447935527401 0.00831845968817158 0.00831447935527401 0.00831447935527401 0.00831447935527401 0.00831447935527401 0.00831447935527401 0.00831447935527401 0.00831447935527401 0.00837529371775174 0.00837128650797246 0.00837128650797246 0.00837286659986534 0.00831447935527401 0.0135384206328524 0.00837128650797246 0.0129908106078266 0.00833496487003223 0.00833496487003223 -9999 -9999 -9999 -9999 -9999 -9999 -9999 -9999 -9999 -9999 -9999 -9999 -9999 -9999 -9999 -9999 0.00831447935527401 0.00831447935527401 -9999 -9999 -9999 -9999 -9999 -9999
