BRT_projection_files/BRT_CCV/B_bohemicus_2_projection.asc
NCOLS 79 
NROWS 71 
XLLCORNER -10.5 
YLLCORNER 36 
CELLSIZE 0.5 
NODATA_value -9999 
[rows 42 to 62 of 71, columns 0 to 48 of 79]
-9999 -9999 -9999 -9999 -9999 -9999 -9999 -9999 -9999 -9999 0.224508287972498 -9999 -9999 0.25875087186274 -9999 -9999 -9999 -9999 -9999 -9999 -9999 -9999 -9999 -9999 0.163447057009692 0.153826222565133 0.252566797821656 0.301795254287993 0.785355473692371 0.811555226624453 0.647345834545816 0.61083848706926 0.642481920988001 0.644341999889595 0.60711572333599 0.507288061994708 0.320851567446315 0.399207681575885 0.475401690951344 0.626175206952798 0.335383973389134 0.525399912192261 0.566594887839339 0.542821098676731 0.570395448017308 0.590400928618924 0.598805894401873 0.460119507921517 0.451546265268763
-9999 -9999 -9999 -9999 -9999 -9999 -9999 -9999 -9999 -9999 -9999 -9999 -9999 -9999 -9999 -9999 -9999 -9999 -9999 -9999 -9999 -9999 0.187396924647047 0.178164610574336 0.154574138581545 0.082210612097741 0.0746826836947079 0.141126964874272 0.200209658747373 0.450684878993591 0.665354149234062 0.722081838874402 0.667718204382277 0.774471455086705 0.562810724939536 0.310477989332577 0.536523167186578 0.217373971232999 0.403115050410184 0.455529989986566 0.598083007408728 0.508898808539123 0.558786731451404 0.563541100635781 0.52370300360967 0.566519926978149 0.637999544751733 0.427297312001976 0.641913306473455
-9999 -9999 -9999 -9999 -9999 -9999 -9999 -9999 -9999 -9999 -9999 -9999 -9999 -9999 -9999 -9999 -9999 -9999 0.0822738817053267 0.0983703295200641 0.109277563364731 0.207979795483394 0.142495876560005 0.133524206048814 0.0764721262832538 0.106416170685509 0.0844686552191987 0.142179571707553 0.210111830494195 0.205116918148758 0.359861436382901 0.581359938017041 0.48232951855499 0.468198618477165 0.283787708776056 0.663424413057354 0.453733554561419 0.180071852128839 0.268505260396306 0.466911023870412 0.693414546500014 0.599990244167322 0.768246803536189 0.55891964891838 0.533027852798827 0.553839496205516 0.62297231569236 0.646341546832772 0.676217145393753
-9999 -9999 -9999 -9999 -9999 -9999 -9999 -9999 -9999 -9999 -9999 -9999 -9999 -9999 0.0835543545079083 -9999 -9999 -9999 0.0967226131453023 0.387808842194103 0.250165020169196 0.179437227926037 0.176176699410491 0.136781412149034 0.097911782484915 0.118772733254897 0.0979859538478523 0.0734926867687705 0.129152510581799 0.153357250831982 0.139244276057164 0.40525813014628 0.554132182224845 0.625584310163313 0.349239046273055 0.424232292829097 0.201352515092414 0.418830807270467 0.516500432489863 0.587703165621602 0.492125568332427 0.621039398108673 0.481107948980385 0.733659891857489 0.534480351791056 0.597203417691586 0.569442732577766 0.657011137922362 0.492452662976179
-9999 -9999 -9999 -9999 -9999 -9999 -9999 -9999 -9999 -9999 -9999 -9999 0.0959652486009412 0.142972075308293 0.128448788344582 0.136698380555186 0.0723202435511068 0.103104385668174 0.0790723938553618 0.145516300803433 0.143283117489838 0.0820954502192802 0.133908026926523 0.156055701222272 0.0689245957507143 0.0800352889404079 0.0857263790350819 0.0784768226836721 0.0674053027056144 0.138534328676034 0.152849680100874 0.547099262052737 0.624065462685475 0.586040567166452 0.318469428774913 0.377171571650976 0.196497678467077 0.604227041057299 0.573027514283797 0.544459873777618 0.744187590619507 0.741196537832331 0.775512129609226 0.79043978351536 0.78044065881207 0.509633619022113 0.73700795697097 0.803696970475555 0.810110309694256
-9999 -9999 -9999 -9999 -9999 -9999 -9999 -9999 -9999 -9999 -9999 -9999 -9999 -9999 0.0857859242058638 0.0726801851481125 0.0774226545528894 0.0742643360061146 0.072725700425395 0.0721805691059589 0.0742238798488406 0.0859561161768872 0.070218121507473 0.0781378607652439 0.075190365705546 0.0768191744458437 0.0748521450023182 0.0671958892277672 0.0743915015850138 0.187323823033019 0.460644197763325 0.597104187937922 0.307251045680423 0.56182067836582 0.54950451399157 0.593860720089132 0.526619968592269 0.67013222865779 0.7526078038261 0.790527537379722 0.799367695881222 0.812860238988208 0.703176000180649 0.582919095847437 0.668028099219443 0.810425003200306 0.777049555935214 0.837353450790224 0.763122946898687
-9999 -9999 -9999 -9999 -9999 -9999 -9999 -9999 -9999 -9999 -9999 -9999 -9999 -9999 -9999 -9999 -9999 0.0998037388084809 0.0821438956119457 0.0965206643730435 0.0784028591574083 0.0854350831176848 0.105644047593293 0.0674520258462178 0.0708215220223769 0.0790345787844186 0.0674987194291605 0.164021790619093 0.195770721857644 0.526604492439574 0.306646548894881 0.178592320390932 0.214354329315189 0.61499386739622 0.697392260127948 0.807456536730552 0.834305299458014 0.830622074541308 0.854267630825551 0.859315439114938 0.746007117169397 0.866189258507992 0.684943029518217 0.804512753508204 0.861696075883516 0.85870670486474 0.787463585704315 0.837959745932191 0.773126068419418
-9999 -9999 -9999 -9999 -9999 -9999 -9999 -9999 -9999 -9999 -9999 -9999 -9999 -9999 -9999 -9999 -9999 0.0748018240848244 0.0725047295658495 0.0673281074580808 0.0658974036693286 0.0748883971125836 0.067896620382215 0.0667345042697936 0.0739419319020513 0.0668144995576178 0.0698519186808117 0.0889887671638852 0.179249151071865 0.657128510292519 0.187282124676288 0.0814598216363611 0.57869895244892 0.749644608180613 0.812975927846048 0.883896694327879 0.855525948423593 0.808897812891125 0.858969568092818 0.797459429047283 0.846720743608093 0.611523514970491 0.484383317350931 0.756392284103887 0.585988945252129 0.548442428076739 0.807543411569277 0.778408857959265 0.732263993179562
-9999 -9999 -9999 -9999 -9999 -9999 -9999 -9999 -9999 -9999 -9999 -9999 -9999 -9999 -9999 -9999 -9999 -9999 -9999 0.0730564845979797 0.073402541538753 0.0653573591365479 0.067464106916637 0.0842229491414767 0.222897896599747 0.357563744078175 0.355838658148283 0.192070598594306 0.226710457535075 0.32082565318809 0.231071943994622 0.0906362957552618 0.647365759193767 0.700795845285885 0.714971272835972 0.695428421888944 0.61024105473 0.784303085386746 0.76836543841124 0.795170470414894 0.674211172489777 0.519722147556852 0.420769390639451 0.753109408814488 0.608502981427592 0.705365065839779 0.66394940868696 0.555858023419421 0.726478958785957
-9999 -9999 -9999 -9999 -9999 -9999 -9999 -9999 -9999 -9999 -9999 -9999 -9999 -9999 -9999 -9999 -9999 -9999 -9999 0.0772813442958267 0.0715228617992222 0.0769677689532224 0.0813071085476583 0.0948390284105385 0.534334339066146 0.310062420752878 0.622255223081248 0.300961131300322 0.316545858347702 0.291062529977078 0.300701653031962 0.107419837837122 0.625819736430882 0.648521032689999 0.717743322959025 0.756476238629116 0.80818096286004 0.581282362717304 0.110513840001709 0.115406668250628 0.658700284508132 0.792024574031952 0.670834982948945 0.730561621360359 0.52437353262333 0.0876586035631366 0.0670737894254473 -9999 0.0826683464723743
-9999 -9999 -9999 -9999 -9999 -9999 -9999 -9999 -9999 -9999 -9999 -9999 -9999 -9999 -9999 -9999 -9999 -9999 -9999 0.0856856586773339 0.0785054983822637 0.0828495723157681 0.0918979029030773 0.0827704895559158 0.0723600184682787 0.534020756974173 0.741044195403663 0.64164793987909 0.680813248066176 0.726619546655485 0.0923967280548767 0.0880987841355666 0.288829327560354 0.731636184737164 0.716058948406842 0.751321924320989 0.10125565514714 0.0652119905975503 0.0686908459331957 0.085755578535043 0.0840798125207882 0.0682313328784524 0.0774391599591376 0.0699740043750053 0.0895217259170793 -9999 -9999 -9999 0.0675879695137307
-9999 -9999 -9999 -9999 -9999 -9999 -9999 -9999 -9999 -9999 -9999 -9999 -9999 -9999 -9999 -9999 -9999 -9999 -9999 0.0924497324139511 0.0888407932348204 0.0893481271214187 0.0810073755351863 0.0868163091943594 0.0867864552339751 0.273416506387148 0.615228068387232 0.723766677475351 0.722930070452983 0.57555167538671 0.0919629803569479 0.568886890602208 0.716515140649049 0.749073122297796 0.775429793762953 0.705050194734881 0.0892019072522322 0.104268258664774 0.081528114669854 0.535761080348726 0.0795690916766466 0.0917360213354708 0.0961024197957517 0.0949155501354378 0.0768644214428031 0.0703259724938732 -9999 -9999 -9999
-9999 -9999 -9999 -9999 -9999 -9999 -9999 -9999 -9999 -9999 -9999 -9999 -9999 -9999 -9999 -9999 -9999 -9999 0.0889258693429325 0.0705348598121616 0.0759507219800794 0.0737139627111809 0.0790453994188477 0.0876723664330943 0.0826125940496453 0.0710730578217457 0.363078515512825 0.641281490996133 0.639118312581536 0.0799166659623188 0.0935117667663602 0.21333332588604 0.586065194106726 0.644343348054028 0.726254967469215 0.686380654119689 0.450673694098397 0.0830815363501186 -9999 -9999 0.0898704984412707 0.323745844401021 0.363534424024199 0.198390069868765 0.0841317575115369 0.0759069646583477 -9999 -9999 -9999
-9999 -9999 -9999 -9999 -9999 -9999 -9999 -9999 -9999 -9999 -9999 -9999 -9999 -9999 -9999 -9999 -9999 -9999 0.0808444550781483 0.0766128437955846 0.068052046330262 0.0675293793852385 0.0672777706340098 0.122373492327099 0.0796502840490345 0.0957192049500861 0.0834146698125909 0.0840590912877792 0.0745842150690381 0.0834919882839102 0.107378935012597 0.106771828731838 0.07841176811569 0.0750604545715879 0.0767349168845074 0.108562057236726 -9999 -9999 -9999 -9999 -9999 -9999 0.0912751417907502 0.0841943863161439 0.307733137214398 0.491147278110895 0.0760621213036178 -9999 -9999
-9999 -9999 -9999 0.0637344824122435 0.0919520492746976 0.0735011819607075 0.0676835680349953 0.143814737778107 0.529479578775626 0.240159923643786 0.522965034848164 0.610232942597794 0.0672009896228348 0.0700479692757251 0.0947316576406958 0.0881047571609875 0.0781193960152821 0.0766468242818478 0.0845562676736391 0.0823759362120736 0.0900406066742647 0.0906387619732765 0.0727749562577002 0.0827199456086705 0.0870616276735364 0.0865911032938371 0.080541301697108 0.0804796716240758 -9999 -9999 -9999 -9999 0.0863993390445653 0.0787066171493917 -9999 -9999 -9999 -9999 -9999 -9999 -9999 -9999 0.0759026992306395 0.075000039207839 0.0713923933950806 0.0762356088888795 0.172891688718704 0.0747961495563103 0.07838455764393
-9999 -9999 -9999 0.0847894546134182 0.0748125289323051 0.0742726849901852 0.0675866888228591 0.47125025520021 0.546695162809958 0.493383884665975 0.504075166520999 0.516369375482757 0.51829952571456 0.536179745569576 0.490487280122013 0.161776466514384 0.458930283064587 0.0852827446956674 0.0689875477192986 0.53106953438496 0.738117100265674 0.738581807980357 0.653930983408934 0.550250223586508 0.40715349269199 0.154928539172815 0.0724994045489647 -9999 -9999 -9999 -9999 -9999 -9999 -9999 -9999 -9999 -9999 -9999 -9999 -9999 -9999 -9999 -9999 0.0753734527086309 0.0746855396223502 0.0747954292584549 0.0801421878492646 0.358312919120996 0.0750007528501774
-9999 -9999 -9999 -9999 0.0821363110132054 0.0683932056552263 0.492577070412256 0.521372371014907 0.476683654571592 0.0605470624933261 0.0603815795269382 0.064117408866959 0.0640178477056455 0.0786084555092364 0.532946660302256 0.577231199825596 0.0798736271338962 0.0684702671164152 0.0549565401171929 0.0635004957992023 0.0668907353179554 0.0666745600041039 0.163084075804562 0.452807806874965 0.480669999068321 0.623286774589151 0.0647543365821997 0.0682040854021535 -9999 -9999 -9999 -9999 -9999 -9999 -9999 -9999 -9999 -9999 -9999 -9999 -9999 -9999 -9999 -9999 0.0769837836743828 0.090969871705158 0.0772097782508451 0.646425251941513 0.540807689553677
-9999 -9999 -9999 0.0693984715312717 0.0610728735462927 0.152463529172377 0.0664330199861542 0.0703827478386177 0.077571799530701 0.0597417994278698 0.0640586614198416 0.097365780667984 0.0639648263871836 0.0596798238195262 0.0716137690835454 0.070622287297849 0.100083728809877 0.0590357151123998 0.0612269922401184 0.0677707321905867 0.0597541110328452 0.061267601747029 0.0644822048970068 0.0618091365358222 0.0950215749208832 0.0919946228157239 0.0892086787528621 -9999 -9999 -9999 -9999 -9999 -9999 -9999 -9999 -9999 -9999 -9999 -9999 -9999 -9999 -9999 -9999 -9999 -9999 -9999 0.0875201602150872 0.080481160265458 0.0764165900495106
-9999 -9999 -9999 -9999 0.127953792004634 0.0723642616225541 0.0703634673259401 0.0684143516908456 0.0886575570045883 0.0684050671323589 0.0640750131003483 0.0641141109397395 0.0610612378825081 0.149122511149314 0.535678882660108 0.0633443585569347 0.127446873275028 0.116073583936354 0.0577675761501905 0.0595671399698164 0.0581201175354383 0.063726721379847 0.0599310002258066 0.0867188093880969 0.095288446098554 -9999 -9999 -9999 -9999 -9999 -9999 -9999 -9999 -9999 -9999 -9999 -9999 -9999 -9999 -9999 -9999 -9999 -9999 -9999 -9999 -9999 -9999 -9999 0.0796873656239194
-9999 -9999 -9999 -9999 0.0814859041129527 0.0719909860645433 0.0781483813961893 0.0753830715329499 0.102722091824708 0.0807770130951956 0.0730733665192639 0.0732470204264168 0.266083633915933 0.141819693054243 0.0616371110617077 0.0633926464710599 0.136274680334779 0.464703363391257 0.153559737841207 0.143557974797618 0.061468947158736 0.0641597405598238 0.0692668230561475 -9999 -9999 -9999 -9999 -9999 -9999 -9999 -9999 -9999 -9999 -9999 -9999 -9999 -9999 0.0744052302918584 0.0889031779207494 0.0889527976356986 -9999 -9999 -9999 -9999 -9999 -9999 -9999 -9999 -9999
-9999 -9999 -9999 0.0714614959471554 0.0728496335160815 0.0800078920535183 0.0776792358278516 0.0780869137325961 0.0766043685236557 0.0848070190893853 0.0815457061999098 0.0734351879507968 0.0620428230370917 0.0885581688673938 0.0821803258655235 0.0593103757279018 0.0680548853256765 0.415312927314645 0.146867765113963 0.448196365664201 0.0670056903144953 0.0753282165038093 -9999 -9999 -9999 -9999 -9999 -9999 -9999 -9999 -9999 -9999 -9999 -9999 -9999 -9999 -9999 -9999 0.0697499122286579 0.0833277759866995 -9999 -9999 -9999 -9999 -9999 -9999 -9999 -9999 -9999
