BRT_projection_files/BRT_CCV/B_cingulatus_2_projection.asc
NCOLS 79 
NROWS 71 
XLLCORNER -10.5 
YLLCORNER 36 
CELLSIZE 0.5 
NODATA_value -9999 
[rows 42 to 62 of 71, columns 0 to 45 of 79]
-9999 -9999 -9999 -9999 -9999 -9999 -9999 -9999 -9999 -9999 0.00797663940734615 -9999 -9999 0.00791849438269328 -9999 -9999 -9999 -9999 -9999 -9999 -9999 -9999 -9999 -9999 0.00790148204891816 0.00790148204891816 0.00790148204891816 0.00790148204891816 0.00790131056476783 0.00790131056476783 0.00790148204891816 0.00790148204891816 0.00791097602278077 0.00791116112351042 0.00791116112351042 0.00790285963538091 0.00790285963538091 0.00790285963538091 0.00790285963538091 0.00791116112351042 0.00790148204891816 0.00790148204891816 0.00790148204891816 0.00790148204891816 0.00790148204891816 0.00790148204891816
-9999 -9999 -9999 -9999 -9999 -9999 -9999 -9999 -9999 -9999 -9999 -9999 -9999 -9999 -9999 -9999 -9999 -9999 -9999 -9999 -9999 -9999 0.00790148204891816 0.00790148204891816 0.00790148204891816 0.00790148204891816 0.00790148204891816 0.00790148204891816 0.00790148204891816 0.00790148204891816 0.00791116112351042 0.00797907076275377 0.00798645748032271 0.00797646605325044 0.00791116112351042 0.00790148204891816 0.00790285963538091 0.00791011011215344 0.00790148204891816 0.00790148204891816 0.00790285963538091 0.00790285963538091 0.00790285963538091 0.00790148204891816 0.00790148204891816 0.00790148204891816
-9999 -9999 -9999 -9999 -9999 -9999 -9999 -9999 -9999 -9999 -9999 -9999 -9999 -9999 -9999 -9999 -9999 -9999 0.00790148204891816 0.00790148204891816 0.00790285963538091 0.00790148204891816 0.00790148204891816 0.00790148204891816 0.00790148204891816 0.00790148204891816 0.00790148204891816 0.00790148204891816 0.00790148204891816 0.00790285963538091 0.00790148204891816 0.00790131056476783 0.00790148204891816 0.00790131056476783 0.00790148204891816 0.00790148204891816 0.00854271766231105 0.00790285963538091 0.00790148204891816 0.00790148204891816 0.00790148204891816 0.00790148204891816 0.00790285963538091 0.00790148204891816 0.00790148204891816 0.00790148204891816
-9999 -9999 -9999 -9999 -9999 -9999 -9999 -9999 -9999 -9999 -9999 -9999 -9999 -9999 0.00790148204891816 -9999 -9999 -9999 0.00790148204891816 0.00790148204891816 0.00790148204891816 0.00790148204891816 0.00790148204891816 0.00790285963538091 0.00790285963538091 0.0085556117353069 0.00790285963538091 0.00790148204891816 0.00790148204891816 0.00790148204891816 0.00790148204891816 0.00790131056476783 0.00790131056476783 0.00790148204891816 0.00790148204891816 0.00790148204891816 0.00790148204891816 0.00790148204891816 0.00790148204891816 0.00857297129926374 0.00790148204891816 0.00790148204891816 0.00790148204891816 0.00790148204891816 0.00790148204891816 0.00790148204891816
-9999 -9999 -9999 -9999 -9999 -9999 -9999 -9999 -9999 -9999 -9999 -9999 0.00790148204891816 0.00790148204891816 0.00790148204891816 0.00790148204891816 0.00790148204891816 0.00790285963538091 0.00790148204891816 0.00790148204891816 0.00790148204891816 0.00790148204891816 0.00790148204891816 0.00790285963538091 0.00790285963538091 0.00790285963538091 0.00790285963538091 0.00790148204891816 0.00790148204891816 0.00790148204891816 0.00790148204891816 0.00790131056476783 0.00790131056476783 0.00790148204891816 0.00790148204891816 0.00790148204891816 0.00790148204891816 0.00792259745693561 0.00791116112351042 0.00790148204891816 0.00790131056476783 0.00790148204891816 0.00790148204891816 0.00790148204891816 0.00790148204891816 0.00790148204891816
-9999 -9999 -9999 -9999 -9999 -9999 -9999 -9999 -9999 -9999 -9999 -9999 -9999 -9999 0.00797663940734615 0.00790148204891816 0.00790148204891816 0.00790148204891816 0.00790148204891816 0.00790148204891816 0.00790148204891816 0.00790148204891816 0.00790285963538091 0.00790285963538091 0.00790148204891816 0.00790148204891816 0.00790148204891816 0.00790148204891816 0.00790148204891816 0.00790148204891816 0.00790148204891816 0.00790131056476783 0.00790131056476783 0.00791116112351042 0.00791784217553726 0.00791116112351042 0.00790148204891816 0.00791116112351042 0.00797907076275377 0.00797646605325044 0.00790131056476783 0.00790131056476783 0.00790387812918555 0.00797097724357569 0.00791116112351042 0.00791116112351042
-9999 -9999 -9999 -9999 -9999 -9999 -9999 -9999 -9999 -9999 -9999 -9999 -9999 -9999 -9999 -9999 -9999 0.00790148204891816 0.00790148204891816 0.00790148204891816 0.00790285963538091 0.00790285963538091 0.00790285963538091 0.00790148204891816 0.00790148204891816 0.00790148204891816 0.00790148204891816 0.00790148204891816 0.00790148204891816 0.00790148204891816 0.00790148204891816 0.00790131056476783 0.00791116112351042 0.00791116112351042 0.00791116112351042 0.00798645748032271 0.00797114441856329 0.00797646605325044 0.00797646605325044 0.00794414915631474 0.00798645748032271 0.0513103724293995 0.0400968785125298 0.0641077304745225 0.00792828470805471 0.00792653294190646
-9999 -9999 -9999 -9999 -9999 -9999 -9999 -9999 -9999 -9999 -9999 -9999 -9999 -9999 -9999 -9999 -9999 0.00790148204891816 0.00790148204891816 0.00790148204891816 0.00790148204891816 0.00790148204891816 0.00790148204891816 0.00790148204891816 0.00790148204891816 0.00790148204891816 0.00790148204891816 0.00790148204891816 0.00790148204891816 0.00790852962037673 0.00790148204891816 0.00790148204891816 0.00791116112351042 0.00791116112351042 0.00797663940734615 0.00790131056476783 0.00790387812918555 0.052522288899 0.0426616100891879 0.037285693167998 0.039655778602311 0.0579765786877268 0.157062990813838 0.0656806169119237 0.0598885844553228 0.0525021897023624
-9999 -9999 -9999 -9999 -9999 -9999 -9999 -9999 -9999 -9999 -9999 -9999 -9999 -9999 -9999 -9999 -9999 -9999 -9999 0.00790148204891816 0.00790148204891816 0.00790148204891816 0.00790148204891816 0.00790148204891816 0.00790148204891816 0.00790148204891816 0.00790148204891816 0.00790148204891816 0.00790148204891816 0.00790148204891816 0.00790148204891816 0.00790148204891816 0.00791760623862514 0.00797907076275377 0.00798645748032271 0.04082184302582 0.0434023031990751 0.058770732126016 0.00791759100920528 0.0290631889236886 0.0483026853826626 0.0402707816391347 0.0439833099220994 0.00791892673845985 0.0431099762949628 0.0381855793310126
-9999 -9999 -9999 -9999 -9999 -9999 -9999 -9999 -9999 -9999 -9999 -9999 -9999 -9999 -9999 -9999 -9999 -9999 -9999 0.00790148204891816 0.00790148204891816 0.00790148204891816 0.00790148204891816 0.00790148204891816 0.00791760623862514 0.00790148204891816 0.00790148204891816 0.00790148204891816 0.00790148204891816 0.00790131056476783 0.00790131056476783 0.00790148204891816 0.00791116112351042 0.00801601789857448 0.0483784637274427 0.0442683246892665 0.0102868445041587 0.00791116112351042 0.00835124953326718 0.00859872394981686 0.00791116112351042 0.00791116112351042 0.00791116112351042 0.00791116112351042 0.00790131056476783 0.00790148204891816
-9999 -9999 -9999 -9999 -9999 -9999 -9999 -9999 -9999 -9999 -9999 -9999 -9999 -9999 -9999 -9999 -9999 -9999 -9999 0.00790148204891816 0.00790148204891816 0.00790148204891816 0.00790148204891816 0.00791116112351042 0.00791760623862514 0.00792932007949087 0.00791116112351042 0.00790148204891816 0.00791116112351042 0.00791116112351042 0.00791116112351042 0.00790148204891816 0.00791097602278077 0.00791760623862514 0.124702968144638 0.00791097602278077 0.00790131056476783 0.00790148204891816 0.00790148204891816 0.00790148204891816 0.00790148204891816 0.00790148204891816 0.00790966450016411 0.00790148204891816 0.00790148204891816 -9999
-9999 -9999 -9999 -9999 -9999 -9999 -9999 -9999 -9999 -9999 -9999 -9999 -9999 -9999 -9999 -9999 -9999 -9999 -9999 0.00790148204891816 0.00790148204891816 0.00790148204891816 0.00790148204891816 0.00790148204891816 0.00790148204891816 0.00791116112351042 0.00791116112351042 0.00791116112351042 0.00791116112351042 0.00791892673845985 0.00791116112351042 0.00791116112351042 0.00791577753681394 0.00791135791096194 0.0441681815031358 0.00798645748032271 0.00790148204891816 0.00790268836562599 0.00790131056476783 0.00791116112351042 0.00790852962037673 0.00790148204891816 0.00790285963538091 0.00790285963538091 0.00790285963538091 0.00791011011215344
-9999 -9999 -9999 -9999 -9999 -9999 -9999 -9999 -9999 -9999 -9999 -9999 -9999 -9999 -9999 -9999 -9999 -9999 0.00857263977426733 0.00790148204891816 0.00790148204891816 0.00790148204891816 0.00790285963538091 0.00790148204891816 0.00790148204891816 0.00790148204891816 0.00797663940734615 0.00798645748032271 0.00783496274300312 0.00798645748032271 0.00790387812918555 0.00792818025051578 0.00791279863744449 0.00792919665080867 0.00793095851611244 0.00796799080536986 0.00790148204891816 0.00791761561587048 -9999 -9999 0.00861965642832693 0.00790148204891816 0.00790148204891816 0.00790148204891816 0.00790148204891816 0.00790285963538091
-9999 -9999 -9999 -9999 -9999 -9999 -9999 -9999 -9999 -9999 -9999 -9999 -9999 -9999 -9999 -9999 -9999 -9999 0.00791116112351042 0.00790131056476783 0.00790148204891816 0.00790148204891816 0.00790285963538091 0.00790285963538091 0.00790285963538091 0.00790148204891816 0.00791116112351042 0.00796407740999514 0.00791116112351042 0.00790148204891816 0.00790285963538091 0.00797771190483754 0.00798645748032271 0.00798626567337848 0.00801601789857448 0.00925390812376733 -9999 -9999 -9999 -9999 -9999 -9999 0.00790131056476783 0.00790148204891816 0.00790148204891816 0.00790148204891816
-9999 -9999 -9999 0.00797646605325044 0.00798645748032271 0.00798645748032271 0.00799315846056556 0.0088175052813828 0.00792103606469279 0.00790148204891816 0.00792103606469279 0.00790792862016644 0.0080830304136516 0.00790148204891816 0.00790148204891816 0.00899253518519453 0.00810590064426287 0.00798645748032271 0.00798645748032271 0.00791116112351042 0.00790148204891816 0.00790148204891816 0.00790148204891816 0.00790148204891816 0.00790148204891816 0.00790148204891816 0.00790148204891816 0.00790285963538091 -9999 -9999 -9999 -9999 0.00790148204891816 0.00790148204891816 -9999 -9999 -9999 -9999 -9999 -9999 -9999 -9999 0.00790148204891816 0.00790148204891816 0.00790148204891816 0.00790131056476783
-9999 -9999 -9999 0.00798645748032271 0.00798645748032271 0.00798645748032271 0.00799425285786039 0.00801601789857448 0.00799425285786039 0.00799274486802193 0.00798645748032271 0.00797646605325044 0.00797876618886545 0.00798272601842912 0.00798168098185168 0.00798272601842912 0.00797907076275377 0.00797646605325044 0.00798645748032271 0.00798645748032271 0.00790148204891816 0.00809951963682867 0.00790148204891816 0.00790148204891816 0.00790148204891816 0.00790148204891816 0.00790148204891816 -9999 -9999 -9999 -9999 -9999 -9999 -9999 -9999 -9999 -9999 -9999 -9999 -9999 -9999 -9999 -9999 0.00790285963538091 0.00790148204891816 0.00790148204891816
-9999 -9999 -9999 -9999 0.00798645748032271 0.00798645748032271 0.00799315846056556 0.00798626567337848 0.00799619992232421 0.00787382797939769 0.00794863707563707 0.00802905231081301 0.00810899372159246 0.00791011011215344 0.00790148204891816 0.00790148204891816 0.00798907441150186 0.00798438317071898 0.00856916595768836 0.00800769555401654 0.00798907441150186 0.00798272601842912 0.00798272601842912 0.00799912411802996 0.00799912411802996 0.00790148204891816 0.00790148204891816 0.00788326411040588 -9999 -9999 -9999 -9999 -9999 -9999 -9999 -9999 -9999 -9999 -9999 -9999 -9999 -9999 -9999 -9999 0.00790148204891816 0.00790148204891816
-9999 -9999 -9999 0.00797646605325044 0.00798626567337848 0.00799425285786039 0.00798645748032271 0.00798645748032271 0.00790285963538091 0.00800014892619165 0.00803994698805227 0.00794863707563707 0.00809816308962234 0.00799660958842009 0.00791011011215344 0.00791011011215344 0.00787052121377211 0.00791893182070422 0.00786275849104707 0.00786275849104707 0.00787382797939769 0.0079550297031218 0.00787382797939769 0.00797258038286072 0.00801030966623939 0.00799912411802996 0.0079069154260879 -9999 -9999 -9999 -9999 -9999 -9999 -9999 -9999 -9999 -9999 -9999 -9999 -9999 -9999 -9999 -9999 -9999 -9999 -9999
-9999 -9999 -9999 -9999 0.00798645748032271 0.00798645748032271 0.00790285963538091 0.00790285963538091 0.00791011011215344 0.00792415611404969 0.00796575930581394 0.00792415611404969 0.00792952705453095 0.00791011011215344 0.00818184371207666 0.00792952705453095 0.0080547247330261 0.00787335372487381 0.00786275849104707 0.00786275849104707 0.00786275849104707 0.00788442321322442 0.00788707718104202 0.00792696511041283 0.00787970155223894 -9999 -9999 -9999 -9999 -9999 -9999 -9999 -9999 -9999 -9999 -9999 -9999 -9999 -9999 -9999 -9999 -9999 -9999 -9999 -9999 -9999
-9999 -9999 -9999 -9999 0.00801601789857448 0.00798626567337848 0.00790285963538091 0.00791011011215344 0.00790285963538091 0.00787052121377211 0.0079301033696517 0.00793355455828939 0.00790285963538091 0.00790285963538091 0.00791893182070422 0.00792952705453095 0.00883464366936837 0.00818723262548728 0.00788442321322442 0.0080547247330261 0.00793297824316864 0.00788326411040588 0.00788326411040588 -9999 -9999 -9999 -9999 -9999 -9999 -9999 -9999 -9999 -9999 -9999 -9999 -9999 -9999 0.00790285963538091 0.00790148204891816 0.00790148204891816 -9999 -9999 -9999 -9999 -9999 -9999
-9999 -9999 -9999 0.00797646605325044 0.00799425285786039 0.00792103606469279 0.00790148204891816 0.00790148204891816 0.00790148204891816 0.00790148204891816 0.00790148204891816 0.00790148204891816 0.00791893182070422 0.00786275849104707 0.00786275849104707 0.00799157343563955 0.00790285963538091 0.00881988012643128 0.00787051639273054 0.00815127977908544 0.00788326411040588 0.00788326411040588 -9999 -9999 -9999 -9999 -9999 -9999 -9999 -9999 -9999 -9999 -9999 -9999 -9999 -9999 -9999 -9999 0.00790148204891816 0.00790148204891816 -9999 -9999 -9999 -9999 -9999 -9999
