BRT_projection_files/BRT_CCV/B_confusus_2_projection.asc
NCOLS 79 
NROWS 71 
XLLCORNER -10.5 
YLLCORNER 36 
CELLSIZE 0.5 
NODATA_value -9999 
[rows 42 to 62 of 71, columns 0 to 47 of 79]
-9999 -9999 -9999 -9999 -9999 -9999 -9999 -9999 -9999 -9999 0.0322575179892819 -9999 -9999 0.0287232017953667 -9999 -9999 -9999 -9999 -9999 -9999 -9999 -9999 -9999 -9999 0.0311340046458884 0.0312179543433202 0.0310212068200896 0.0308808589720144 0.0354249710318994 0.0350855086031866 0.0384686424399298 0.233061477618445 0.0332154957031263 0.0327471163486129 0.0419494616825847 0.0566035984432608 0.0416647123296992 0.0514212710986699 0.049171450168502 0.0362292295517025 0.0691373293073005 0.0673858966681418 0.101135729917486 0.061458945115295 0.0736190717829042 0.0730783286771253 0.32319203970983 0.494716282505776
-9999 -9999 -9999 -9999 -9999 -9999 -9999 -9999 -9999 -9999 -9999 -9999 -9999 -9999 -9999 -9999 -9999 -9999 -9999 -9999 -9999 -9999 0.034245393367781 0.0312875018869094 0.0312393549522059 0.0307825810318866 0.030818902198066 0.0311351551435852 0.0315374273996277 0.0320186160018338 0.039811449845916 0.0411441954862888 0.0400299513859156 0.0376569551037688 0.0305398425862316 0.0505443588814257 0.0472274000439596 0.0342093305368721 0.0501914629629235 0.0349436697258161 0.0424617816801983 0.0401461652582934 0.0449729314984828 0.0567642073425937 0.0949108261371987 0.0604894168359126 0.0438386918345364 0.116627882117294
-9999 -9999 -9999 -9999 -9999 -9999 -9999 -9999 -9999 -9999 -9999 -9999 -9999 -9999 -9999 -9999 -9999 -9999 0.0309219030679524 0.03252853229138 0.0329320068646871 0.036440479943774 0.0308182399948558 0.0305956191497251 0.0308337487358573 0.0309797587036467 0.0306019107173237 0.0308623683166899 0.0315680319257976 0.0314546959628048 0.0333873100758347 0.0360141704155328 0.034047377720367 0.0342336061492274 0.0505953732919947 0.0438814243173747 0.0308551686396608 0.0537006566836908 0.0406454468909963 0.0376782495489901 0.0554007992903625 0.0426563348475013 0.0473407208351246 0.0660966277759585 0.101809727516975 0.10145105662257 0.0635946608313636 0.242816098668465
-9999 -9999 -9999 -9999 -9999 -9999 -9999 -9999 -9999 -9999 -9999 -9999 -9999 -9999 0.0310213016833495 -9999 -9999 -9999 0.0305701383693872 0.0327421640784675 0.031742281925569 0.0331692649256567 0.0315575966057783 0.0308494276670094 0.0405107678106354 0.029449415817535 0.0335895448045687 0.0308602063332741 0.0311842426326292 0.031113590951475 0.0310978484655919 0.0367630754726018 0.039965854090771 0.0315622440977587 0.0348429901397612 0.0410237063190891 0.040217262058502 0.0366977275458935 0.0583475102656519 0.0519388810668263 0.0505508413320534 0.108152518954757 0.04555913266006 0.0466608493692317 0.0492633030113451 0.0412794967482978 0.0573780778415599 0.0423886207507073
-9999 -9999 -9999 -9999 -9999 -9999 -9999 -9999 -9999 -9999 -9999 -9999 0.0308237381619129 0.0308366605136901 0.0322166470029276 0.0306953999979822 0.0308473647935475 0.030746656929027 0.0304461390800641 0.0304328249672862 0.0324785263410763 0.0308642701766589 0.0312837856744756 0.0311222800062773 0.0308987875975446 0.0308439332572772 0.0307326460036859 0.0308730793537791 0.0327159413146172 0.0308623683166899 0.0333578697287148 0.0409175558576925 0.0338367964662436 0.0355713864568585 0.0348637053942164 0.0427426796548712 0.0393581280827345 0.0275959655827294 0.0436586343863673 0.0816041845322193 0.0500005415871173 0.0650099469041363 0.0577497164728816 0.0756762804868669 0.208737179285558 0.0423263567361578 0.0612951120550322 0.0508931887383591
-9999 -9999 -9999 -9999 -9999 -9999 -9999 -9999 -9999 -9999 -9999 -9999 -9999 -9999 0.0332970170566012 0.030776574261028 0.0304202399889402 0.0306243030389186 0.0307670648092511 0.0307487989240929 0.0308475203490325 0.0325716977410302 0.0308815317514535 0.0308956701868034 0.0298339993886268 0.0416846905218473 0.0308770037089582 0.0327342620587525 0.0308834707012676 0.0335991994002335 0.0343514567106685 0.0421425562126504 0.0352279337060527 0.0332380973324458 0.0283355457668476 0.0322532343966921 0.15379398823002 0.0403451608216491 0.0444197688981102 0.0436826741170014 0.0398432752326738 0.039889211702279 0.0377803377674028 0.0327633477407973 0.030934246451384 0.0306716051017511 0.0297070102825878 0.0296432542752106
-9999 -9999 -9999 -9999 -9999 -9999 -9999 -9999 -9999 -9999 -9999 -9999 -9999 -9999 -9999 -9999 -9999 0.0307599216065049 0.0307242269108821 0.0307516863176621 0.0309057407453762 0.0311462357649924 0.030765943469825 0.0316766553289959 0.03402718401803 0.0456835908379539 0.0327030495319136 0.0417846317656922 0.0368127846698601 0.0391936172357776 0.034603396160949 0.032671544916105 0.0336507031764081 0.0374794837011539 0.032378415971681 0.0460256443735776 0.03760482360623 0.04208795615637 0.0327107962628819 0.0291870966719561 0.03025964588423 0.0280467752602719 0.0298508886317524 0.0299084166244524 0.0281683945789817 0.0282081771110226 0.0281831151502519 0.0284055665543321
-9999 -9999 -9999 -9999 -9999 -9999 -9999 -9999 -9999 -9999 -9999 -9999 -9999 -9999 -9999 -9999 -9999 0.0308318018507717 0.0308757352348853 0.0308025633038239 0.0308792985549475 0.0308417388493108 0.0308515794932717 0.041661968928765 0.0308515794932717 0.0419456041176722 0.0327551004517202 0.0330486857707439 0.032959236887145 0.0333711606364658 0.0328169044355558 0.0324784911005242 0.0402963047965528 0.0312566152192765 0.0471541108635631 0.036273024335903 0.0295484934493047 0.0296956445498137 0.0281831151502519 0.0281923808623339 0.0281433326182111 0.0318523070586945 0.0319659140080332 0.0300377819832957 0.0305478226474623 0.0314192441631796 0.031077015198901 0.0305338940973319
-9999 -9999 -9999 -9999 -9999 -9999 -9999 -9999 -9999 -9999 -9999 -9999 -9999 -9999 -9999 -9999 -9999 -9999 -9999 0.0308931464368918 0.0308480886772719 0.0349384651964421 0.0325808374193898 0.0378812257896472 0.0327549932173173 0.0465304051634193 0.0337214046116624 0.0327565722854825 0.0448494555900315 0.0371412594517613 0.0343235964730475 0.0330889801818174 0.0288800103358643 0.0352523973629896 0.0320397801125709 0.0298176168025182 0.0296176086010607 0.0298557283765799 0.0297284224744711 0.0296956445498137 0.0297660613765857 0.0298608375696666 0.0309226382472998 0.02886832849216 0.0300254699745003 0.0290090611056934 0.0403287446385108 0.0427024942182875
-9999 -9999 -9999 -9999 -9999 -9999 -9999 -9999 -9999 -9999 -9999 -9999 -9999 -9999 -9999 -9999 -9999 -9999 -9999 0.0308194701888222 0.0308515794932717 0.0308438297149838 0.0324787972231258 0.035759282200065 0.0267950925162794 0.033420592811029 0.0571292877569628 0.0336749989850718 0.0401302714244072 0.0337673591837284 0.0329348239036095 0.038778620703216 0.0320654632925991 0.0284024191055996 0.0298482254998607 0.0295717806987765 0.0304662054730787 0.0277508553041462 0.0271849692182931 0.0230035450701596 0.0314685437516235 0.0307961242122924 0.0301291244971605 0.0307462044665032 0.031540075731685 0.0280468398513303 0.0280468398513303 -9999
-9999 -9999 -9999 -9999 -9999 -9999 -9999 -9999 -9999 -9999 -9999 -9999 -9999 -9999 -9999 -9999 -9999 -9999 -9999 0.0336893401428069 0.031040009929575 0.0379937153388544 0.0389535992918019 0.0326894087311719 0.0274513595683306 0.026997222727236 0.0393295702720254 0.0512412467018468 0.03917338961679 0.0372950128736198 0.0325049460062943 0.0349237342341378 0.0265605428095014 0.0341303543450972 0.0341532452766142 0.030559750942151 0.0339641466890706 0.0293522172978733 0.0280380660301329 0.0285778431393984 0.0307967859042989 0.0288094157538059 0.0299151086693251 0.0280380660301329 0.0288454728721342 -9999 -9999 -9999
-9999 -9999 -9999 -9999 -9999 -9999 -9999 -9999 -9999 -9999 -9999 -9999 -9999 -9999 -9999 -9999 -9999 -9999 -9999 0.0337913025575942 0.0329901024880399 0.0309137173859379 0.0334326623139926 0.038561177067034 0.039861103690578 0.033470431587443 0.0658798766220516 0.0385971025281398 0.0321107454236275 0.03178145768198 0.032361989089679 0.0353703537450256 0.0273164227912501 0.0256490959904192 0.0365936147564401 0.0414171258862408 0.0306262145246293 0.0330017915189938 0.0298223791584667 0.0421555484436406 0.0365011539419448 0.030685222181284 0.0298605812849675 0.0288057961829023 0.0308918395432789 0.0344909602798624 -9999 -9999
-9999 -9999 -9999 -9999 -9999 -9999 -9999 -9999 -9999 -9999 -9999 -9999 -9999 -9999 -9999 -9999 -9999 -9999 0.0229887409466876 0.0415908656252586 0.0372678987724209 0.0313853746731336 0.0308296211933085 0.0309317202861648 0.0328721099286719 0.0308842677535408 0.049246724059895 0.0408218030023749 0.0275954319433337 0.035403281879424 0.0333428375630152 0.0335128230367183 0.0298441771242463 0.0363703699099252 0.031513958966714 0.0331060305106952 0.0367857023423676 0.0263069627501164 -9999 -9999 0.0227509647665837 0.03919216355382 0.0555482751687123 0.0381830242299303 0.0307816241800517 0.0291968889547013 -9999 -9999
-9999 -9999 -9999 -9999 -9999 -9999 -9999 -9999 -9999 -9999 -9999 -9999 -9999 -9999 -9999 -9999 -9999 -9999 0.0290021024832485 0.0344257005312542 0.0372173901941379 0.0326800002046024 0.0329795544273364 0.0306833884931246 0.0308296211933085 0.0308236457357615 0.0343975063737479 0.0385828797766873 0.0311649148335032 0.0353301336092581 0.0368617253537458 0.0343050495028974 0.0356163674526308 0.0297178083926927 0.0270532706702388 0.0269750009726701 -9999 -9999 -9999 -9999 -9999 -9999 0.0298586563180912 0.0444889578282502 0.0474420989794328 0.0412188802191832 0.0318748411754035 -9999
-9999 -9999 -9999 0.0266383206854468 0.0279858214144111 0.0307615686107959 0.026501167847968 0.0264018400991627 0.0515354092572855 0.0467828334373266 0.0416316670584007 0.298607015255622 0.0452782924110052 0.0433758729231152 0.0452371400072851 0.0303659986673501 0.0301473445734499 0.0264575022727678 0.0403790011080379 0.0363765693556873 0.0472538206740469 0.032745856303739 0.0309247290513378 0.0324525352862885 0.0308383953729543 0.0392266024697789 0.0416235747307932 0.0299056033582971 -9999 -9999 -9999 -9999 0.0294140290960746 0.0340724545184957 -9999 -9999 -9999 -9999 -9999 -9999 -9999 -9999 0.0439328505857286 0.0464094237224399 0.0327350874472305 0.0367792216401615 0.0333405661034871 0.0309857301539927
-9999 -9999 -9999 0.030217640261533 0.0312170749835558 0.0349815633467499 0.027816875654932 0.0269474296191949 0.0289132693569215 0.0473390015496193 0.0380877933365228 0.0571766948028068 0.0442023342109949 0.0409591409072839 0.0441005707207998 0.0386536004330523 0.0389500290710924 0.0388430619130825 0.036859420535809 0.0422613470549929 0.0897976021972448 0.0801747054128371 0.395895209581693 0.187263180519666 0.260314336189726 0.0353625842583642 0.0372445800680075 -9999 -9999 -9999 -9999 -9999 -9999 -9999 -9999 -9999 -9999 -9999 -9999 -9999 -9999 -9999 -9999 0.0309012929078947 0.0305537932985723 0.0314396092372685 0.0479229838965871 0.0398785243916234
-9999 -9999 -9999 -9999 0.0316793578842155 0.0307249308506842 0.0358991670581488 0.0382585870735029 0.0424777185351647 0.0399258174487803 0.0414451356282992 0.039134847321187 0.0401216551565261 0.0403897801171606 0.435886118032643 0.415753307173842 0.0371843614959014 0.0502253900899857 0.0384373840082288 0.0476303341347131 0.0403263212028736 0.0377086202829565 0.0376939324318213 0.04335782663622 0.055658707939661 0.481553112649296 0.0634733396659382 0.0344735764680443 -9999 -9999 -9999 -9999 -9999 -9999 -9999 -9999 -9999 -9999 -9999 -9999 -9999 -9999 -9999 -9999 0.0337808771423298 0.0306834575983907 0.0295073751404273 0.0373905001680773
-9999 -9999 -9999 0.0281234524638761 0.0281363902182006 0.0281953688039275 0.0382719824134125 0.0369556089909129 0.0362486250584007 0.0409370391916497 0.0408618858130533 0.035908244244537 0.0416233585788238 0.0421992601066492 0.0349882234613893 0.0339955040151139 0.0407555763319854 0.0392003976320109 0.0365504064467358 0.0370787304590738 0.0484664232450804 0.064557793675227 0.040514023445416 0.06054090174512 0.035574521130762 0.0308770480678968 0.0340632412488371 -9999 -9999 -9999 -9999 -9999 -9999 -9999 -9999 -9999 -9999 -9999 -9999 -9999 -9999 -9999 -9999 -9999 -9999 -9999 0.0307236702563381 0.0339142230980422
-9999 -9999 -9999 -9999 0.0381621067472858 0.032287723853062 0.0372989392217547 0.0361344144646044 0.0390576961749283 0.0417736036249573 0.0415486041652288 0.0409844869032172 0.0354205981349245 0.0396458838483156 0.0389138019417749 0.0395424140482768 0.0397559006595512 0.0393314061153745 0.039600560249397 0.039923934812893 0.0585779936315655 0.0621650965453181 0.0353183202007647 0.0361877673056456 0.0329327184991067 -9999 -9999 -9999 -9999 -9999 -9999 -9999 -9999 -9999 -9999 -9999 -9999 -9999 -9999 -9999 -9999 -9999 -9999 -9999 -9999 -9999 -9999 -9999
-9999 -9999 -9999 -9999 0.0266784449556379 0.0304083869299138 0.0467136916908399 0.0381733520484153 0.0535743072983048 0.0411492532371759 0.0395348640265555 0.0656259720195803 0.0442631197922539 0.0486763087248386 0.0405624655450583 0.0393136371214641 0.038435351705627 0.0444944188207154 0.0636710312426227 0.0390991908721961 0.0342675148002194 0.03431996022643 0.0376328368391393 -9999 -9999 -9999 -9999 -9999 -9999 -9999 -9999 -9999 -9999 -9999 -9999 -9999 -9999 0.0353051843975003 0.0365295664685275 0.0401769473028259 -9999 -9999 -9999 -9999 -9999 -9999 -9999 -9999
-9999 -9999 -9999 0.0347520871864102 0.0263949268527221 0.0400089422251742 0.0465010791395914 0.0432486069252171 0.0407312429951757 0.0477980334019614 0.0493116402228566 0.0522139024507838 0.0411478941620524 0.0383716338934038 0.0355652582190494 0.0416941941248622 0.0379957513502607 0.166018238534993 0.0346730374015647 0.0392177473848446 0.0354014556208499 0.0344885145970793 -9999 -9999 -9999 -9999 -9999 -9999 -9999 -9999 -9999 -9999 -9999 -9999 -9999 -9999 -9999 -9999 0.0399393798843259 0.041242807311319 -9999 -9999 -9999 -9999 -9999 -9999 -9999 -9999
