BRT_projection_files/BRT_CCV/B_consobrinus_2_projection.asc
NCOLS 79 
NROWS 71 
XLLCORNER -10.5 
YLLCORNER 36 
CELLSIZE 0.5 
NODATA_value -9999 
[rows 40 to 59 of 71, columns 0 to 46 of 79]
-9999 -9999 -9999 -9999 -9999 -9999 -9999 -9999 -9999 -9999 -9999 -9999 -9999 -9999 -9999 0.00679316107612139 0.00610287233047042 0.00610287233047042 0.00610287233047042 0.00610287233047042 0.00610287233047042 0.00610287233047042 0.00610287233047042 0.00610287233047042 -9999 -9999 -9999 0.00610287233047042 0.00610287233047042 0.00610287233047042 0.00610287233047042 0.00610287233047042 0.00610287233047042 0.00610287233047042 0.00898183513335083 0.00610287233047042 0.00610287233047042 0.00610287233047042 0.00610287233047042 0.00610946878889731 0.00610287233047042 0.00610287233047042 0.00610287233047042 0.00610287233047042 0.00610874326318218 0.00610287233047042 0.00610287233047042
-9999 -9999 -9999 -9999 -9999 -9999 -9999 -9999 -9999 -9999 -9999 -9999 0.00610287233047042 0.00610287233047042 0.00610287233047042 0.00610287233047042 0.00679316107612139 0.00610287233047042 -9999 -9999 -9999 0.00610287233047042 -9999 -9999 0.00610287233047042 0.00610287233047042 0.00610287233047042 0.00610287233047042 0.00610287233047042 0.00610287233047042 0.00610287233047042 0.00610287233047042 0.00610287233047042 0.00610287233047042 0.00610287233047042 0.00610287233047042 0.00610920000358475 0.00610920000358475 0.00610920000358475 0.00610920000358475 0.00610287233047042 0.00610287233047042 0.00610287233047042 0.00610287233047042 0.00610287233047042 0.00610287233047042 0.00610287233047042
-9999 -9999 -9999 -9999 -9999 -9999 -9999 -9999 -9999 -9999 0.00683688174697755 -9999 -9999 0.00642414130850337 -9999 -9999 -9999 -9999 -9999 -9999 -9999 -9999 -9999 -9999 0.00610287233047042 0.00610287233047042 0.00610287233047042 0.00610287233047042 0.00610287233047042 0.00610287233047042 0.00610287233047042 0.00610287233047042 0.00614070651975578 0.00610920000358475 0.00610920000358475 0.00610287233047042 0.00610287233047042 0.00610287233047042 0.00610287233047042 0.00610920000358475 0.00610287233047042 0.00610287233047042 0.00610287233047042 0.00610287233047042 0.00610287233047042 0.00610287233047042 0.00610287233047042
-9999 -9999 -9999 -9999 -9999 -9999 -9999 -9999 -9999 -9999 -9999 -9999 -9999 -9999 -9999 -9999 -9999 -9999 -9999 -9999 -9999 -9999 0.00610287233047042 0.00610287233047042 0.00610287233047042 0.00610287233047042 0.00610287233047042 0.00610287233047042 0.00610287233047042 0.00610287233047042 0.00610920000358475 0.00676195306639332 0.00676207511611673 0.00679509452935423 0.00610920000358475 0.00610287233047042 0.00610287233047042 0.00610134769694035 0.00610287233047042 0.00610287233047042 0.00610287233047042 0.00610287233047042 0.00610287233047042 0.00610287233047042 0.00610287233047042 0.00610287233047042 0.00610287233047042
-9999 -9999 -9999 -9999 -9999 -9999 -9999 -9999 -9999 -9999 -9999 -9999 -9999 -9999 -9999 -9999 -9999 -9999 0.00610287233047042 0.00610287233047042 0.00610287233047042 0.00610287233047042 0.00610287233047042 0.00610287233047042 0.00610287233047042 0.00610287233047042 0.00610287233047042 0.00610287233047042 0.00610287233047042 0.00610287233047042 0.00610287233047042 0.00610287233047042 0.00610287233047042 0.00610287233047042 0.00610287233047042 0.00610287233047042 0.00930769266102192 0.00610287233047042 0.00610287233047042 0.00610287233047042 0.00610287233047042 0.00610287233047042 0.00610287233047042 0.00610287233047042 0.00610287233047042 0.00610287233047042 0.00610287233047042
-9999 -9999 -9999 -9999 -9999 -9999 -9999 -9999 -9999 -9999 -9999 -9999 -9999 -9999 0.00610287233047042 -9999 -9999 -9999 0.00610287233047042 0.00610287233047042 0.00610287233047042 0.00610287233047042 0.00610287233047042 0.00610287233047042 0.00610287233047042 0.00917429891363224 0.00610287233047042 0.00610287233047042 0.00610287233047042 0.00610287233047042 0.00610287233047042 0.00610287233047042 0.00610287233047042 0.00610287233047042 0.00610287233047042 0.00610287233047042 0.00610287233047042 0.00610287233047042 0.00610287233047042 0.00903887206349177 0.00610287233047042 0.00610287233047042 0.00610287233047042 0.00610287233047042 0.00610287233047042 0.00610287233047042 0.00610287233047042
-9999 -9999 -9999 -9999 -9999 -9999 -9999 -9999 -9999 -9999 -9999 -9999 0.00610287233047042 0.00610287233047042 0.00610287233047042 0.00610287233047042 0.00610287233047042 0.00610287233047042 0.00610287233047042 0.00610287233047042 0.00610287233047042 0.00610287233047042 0.00610287233047042 0.00610287233047042 0.00610287233047042 0.00610287233047042 0.00610287233047042 0.00610287233047042 0.00610287233047042 0.00610287233047042 0.00610287233047042 0.00610287233047042 0.00610706532127902 0.00610287233047042 0.00610287233047042 0.00610287233047042 0.00610287233047042 0.00619676314578383 0.00610920000358475 0.00610287233047042 0.00610287233047042 0.00610287233047042 0.00610287233047042 0.00610287233047042 0.00610287233047042 0.00610287233047042 0.00610287233047042
-9999 -9999 -9999 -9999 -9999 -9999 -9999 -9999 -9999 -9999 -9999 -9999 -9999 -9999 0.00675533253359803 0.00610287233047042 0.00610287233047042 0.00610287233047042 0.00610287233047042 0.00610287233047042 0.00610287233047042 0.00610287233047042 0.00610287233047042 0.00610287233047042 0.00610287233047042 0.00610287233047042 0.00610287233047042 0.00610287233047042 0.00610287233047042 0.00610287233047042 0.00610287233047042 0.00610287233047042 0.00610287233047042 0.00610920000358475 0.00611039135418421 0.00610791966393475 0.00610287233047042 0.00610920000358475 0.00680466127003812 0.00679316107612139 0.00610287233047042 0.00610287233047042 0.00610946878889731 0.00675659234242465 0.00610920000358475 0.00610920000358475 0.00610920000358475
-9999 -9999 -9999 -9999 -9999 -9999 -9999 -9999 -9999 -9999 -9999 -9999 -9999 -9999 -9999 -9999 -9999 0.00610287233047042 0.00610287233047042 0.00610287233047042 0.00610287233047042 0.00610287233047042 0.00610287233047042 0.00610287233047042 0.00610287233047042 0.00610287233047042 0.00610287233047042 0.00610287233047042 0.00610287233047042 0.00610287233047042 0.00610287233047042 0.00610287233047042 0.00610920000358475 0.00610920000358475 0.00610920000358475 0.00675749417019855 0.00675641862441342 0.0067490126600693 0.0067490126600693 0.00610706532127902 0.006755755242588 0.031711317851986 0.0184594723367258 0.0241509016504622 0.00699156240050447 0.00698502852786756 0.032510321884522
-9999 -9999 -9999 -9999 -9999 -9999 -9999 -9999 -9999 -9999 -9999 -9999 -9999 -9999 -9999 -9999 -9999 0.00610287233047042 0.00610287233047042 0.00610287233047042 0.00610287233047042 0.00610287233047042 0.00610287233047042 0.00610287233047042 0.00610287233047042 0.00610287233047042 0.00610287233047042 0.00610287233047042 0.00610287233047042 0.00610946878889731 0.00610287233047042 0.00610287233047042 0.00610920000358475 0.00610920000358475 0.00675227254599271 0.00610287233047042 0.00610946878889731 0.0136679574301635 0.0274348524889026 0.02011886819721 0.0283582858432821 0.0290649664284248 0.02749864042911 0.0184185703828456 0.0192375475987536 0.0201180828600223 0.0192542369857675
-9999 -9999 -9999 -9999 -9999 -9999 -9999 -9999 -9999 -9999 -9999 -9999 -9999 -9999 -9999 -9999 -9999 -9999 -9999 0.00610287233047042 0.00610287233047042 0.00610287233047042 0.00610287233047042 0.00610287233047042 0.00610287233047042 0.00610287233047042 0.00610287233047042 0.00610287233047042 0.00610287233047042 0.00610287233047042 0.00610287233047042 0.00610287233047042 0.00611039135418421 0.00676195306639332 0.00678089502746437 0.0199773827709141 0.026269279047372 0.0184710649719585 0.00646235828587997 0.0136618016007014 0.0322491254739861 0.0317184698630707 0.0248988998616855 0.00614143094814666 0.0182834198613863 0.0108530951654923 0.00610920000358475
-9999 -9999 -9999 -9999 -9999 -9999 -9999 -9999 -9999 -9999 -9999 -9999 -9999 -9999 -9999 -9999 -9999 -9999 -9999 0.00610287233047042 0.00610287233047042 0.00610287233047042 0.00610287233047042 0.00610287233047042 0.00611039135418421 0.00610287233047042 0.00610287233047042 0.00610287233047042 0.00610287233047042 0.00610287233047042 0.00610287233047042 0.00610287233047042 0.00610920000358475 0.00679121063388526 0.0160787646361428 0.0260893000371548 0.00999291809347062 0.00610920000358475 0.0117214681970623 0.0114664736710187 0.00610920000358475 0.00610920000358475 0.00610920000358475 0.00610920000358475 0.00610287233047042 0.00610287233047042 0.00610287233047042
-9999 -9999 -9999 -9999 -9999 -9999 -9999 -9999 -9999 -9999 -9999 -9999 -9999 -9999 -9999 -9999 -9999 -9999 -9999 0.00610287233047042 0.00610287233047042 0.00610287233047042 0.00610287233047042 0.00610920000358475 0.00611039135418421 0.00611039135418421 0.00610920000358475 0.00610287233047042 0.00610920000358475 0.00610920000358475 0.00610920000358475 0.00610287233047042 0.00610920000358475 0.00613257777279471 0.0199476223941018 0.00613491928978423 0.00610287233047042 0.00610287233047042 0.00610287233047042 0.00610287233047042 0.00610287233047042 0.00610287233047042 0.00630039743247282 0.00610287233047042 0.00610287233047042 -9999 -9999
-9999 -9999 -9999 -9999 -9999 -9999 -9999 -9999 -9999 -9999 -9999 -9999 -9999 -9999 -9999 -9999 -9999 -9999 -9999 0.00610287233047042 0.00610287233047042 0.00610287233047042 0.00610287233047042 0.00610287233047042 0.00610287233047042 0.00610920000358475 0.00610920000358475 0.00610920000358475 0.00610920000358475 0.00613257777279471 0.00610920000358475 0.00610920000358475 0.00643594668407125 0.00686157153615129 0.0176684116653505 0.00679729275317065 0.00610287233047042 0.00610287233047042 0.00610287233047042 0.00610920000358475 0.00610946878889731 0.00610287233047042 0.00610287233047042 0.00610287233047042 0.00610287233047042 0.0060935672735454 -9999
-9999 -9999 -9999 -9999 -9999 -9999 -9999 -9999 -9999 -9999 -9999 -9999 -9999 -9999 -9999 -9999 -9999 -9999 0.00880439433898708 0.00610287233047042 0.00610287233047042 0.00610287233047042 0.00610287233047042 0.00610287233047042 0.00610287233047042 0.00610287233047042 0.0067637113172232 0.00676163194322883 0.00619158734419879 0.00676163194322883 0.00610946878889731 0.00644756571567259 0.00627590216805958 0.00668792846536759 0.00634309799007852 0.00678250390982495 0.00610287233047042 0.00614030453377372 -9999 -9999 0.0115580044855529 0.0061225078679362 0.00610287233047042 0.00610287233047042 0.00610287233047042 0.00610287233047042 -9999
-9999 -9999 -9999 -9999 -9999 -9999 -9999 -9999 -9999 -9999 -9999 -9999 -9999 -9999 -9999 -9999 -9999 -9999 0.00610920000358475 0.00610287233047042 0.00610287233047042 0.00610287233047042 0.00610287233047042 0.00610287233047042 0.00610287233047042 0.00610287233047042 0.00610920000358475 0.00675609929400893 0.00610920000358475 0.00610287233047042 0.00610287233047042 0.00679896279608614 0.00680181323335293 0.00680951226399771 0.00679166353774303 0.00706280265623191 -9999 -9999 -9999 -9999 -9999 -9999 0.00610287233047042 0.00610287233047042 0.00610287233047042 0.00610287233047042 0.00610287233047042
-9999 -9999 -9999 0.00677415628510268 0.00678678265620307 0.00676163194322883 0.00676304073589214 0.00684599231561061 0.0062087397260871 0.0061225078679362 0.00691683189095719 0.0061225078679362 0.00715213634398002 0.00612504756234007 0.00610287233047042 0.006785366977772 0.00669956291023629 0.006755755242588 0.006755755242588 0.00610920000358475 0.00610287233047042 0.00610287233047042 0.00610287233047042 0.00610287233047042 0.00610287233047042 0.00610287233047042 0.00610287233047042 0.00610287233047042 -9999 -9999 -9999 -9999 0.00610287233047042 0.00614374047996076 -9999 -9999 -9999 -9999 -9999 -9999 -9999 -9999 0.00610287233047042 0.00610287233047042 0.00610287233047042 0.00610287233047042 0.00610287233047042
-9999 -9999 -9999 0.00678089502746437 0.00675215003424097 0.00676207511611673 0.00680127737516457 0.00695717764135056 0.00677186269240521 0.00680181323335293 0.00679987978012008 0.00681718450252232 0.00679509452935423 0.00679509452935423 0.00679218551072863 0.00679509452935423 0.00683909028517626 0.00679509452935423 0.00676163194322883 0.006755755242588 0.00610287233047042 0.00609631531514879 0.00610287233047042 0.00610287233047042 0.00610287233047042 0.00610287233047042 0.00610287233047042 -9999 -9999 -9999 -9999 -9999 -9999 -9999 -9999 -9999 -9999 -9999 -9999 -9999 -9999 -9999 -9999 0.00610287233047042 0.00610287233047042 0.00610287233047042 0.00610287233047042
-9999 -9999 -9999 -9999 0.00678089502746437 0.00676207511611673 0.00679166353774303 0.00678678265620307 0.00680181323335293 0.00607708798840809 0.00607708798840809 0.00607708798840809 0.00607708798840809 0.00610134769694035 0.00610287233047042 0.00610287233047042 0.00679370773249781 0.00607708798840809 0.00662858520409649 0.00692720832294031 0.00679218551072863 0.00679956714446328 0.00679509452935423 0.00680181323335293 0.00680927905181392 0.00610287233047042 0.00610287233047042 0.00607708798840809 -9999 -9999 -9999 -9999 -9999 -9999 -9999 -9999 -9999 -9999 -9999 -9999 -9999 -9999 -9999 -9999 0.00610287233047042 0.00610287233047042 0.00610287233047042
-9999 -9999 -9999 0.0067490126600693 0.006755755242588 0.00676304073589214 0.00679987978012008 0.00679987978012008 0.00610287233047042 0.00607708798840809 0.00607708798840809 0.00607708798840809 0.00607708798840809 0.00607708798840809 0.00610134769694035 0.00610874326318218 0.00607708798840809 0.00607708798840809 0.00607708798840809 0.00607708798840809 0.00607708798840809 0.00607708798840809 0.00607708798840809 0.00607708798840809 0.00683467648010527 0.00679890589175278 0.00610287233047042 -9999 -9999 -9999 -9999 -9999 -9999 -9999 -9999 -9999 -9999 -9999 -9999 -9999 -9999 -9999 -9999 -9999 -9999 -9999 0.00610287233047042
