BRT_projection_files/BRT_CCV/B_consobrinus_1_projection.asc
NCOLS 79 
NROWS 71 
XLLCORNER -10.5 
YLLCORNER 36 
CELLSIZE 0.5 
NODATA_value -9999 
[rows 40 to 59 of 71, columns 0 to 46 of 79]
-9999 -9999 -9999 -9999 -9999 -9999 -9999 -9999 -9999 -9999 -9999 -9999 -9999 -9999 -9999 0.00898738530205661 0.00898738530205661 0.00898738530205661 0.00898738530205661 0.00898738530205661 0.00898738530205661 0.00898738530205661 0.00898738530205661 0.00898738530205661 -9999 -9999 -9999 0.00898738530205661 0.00898738530205661 0.00898738530205661 0.00898738530205661 0.00898738530205661 0.00898738530205661 0.00898738530205661 0.00909879327991627 0.00898738530205661 0.00898738530205661 0.00898738530205661 0.00898738530205661 0.00898288194777585 0.00898738530205661 0.00898738530205661 0.00898738530205661 0.00898350977488726 0.00899871230601659 0.00898704090707069 0.00898738530205661
-9999 -9999 -9999 -9999 -9999 -9999 -9999 -9999 -9999 -9999 -9999 -9999 0.00898738530205661 0.00898738530205661 0.00898738530205661 0.00898738530205661 0.00898738530205661 0.00898738530205661 -9999 -9999 -9999 0.00898738530205661 -9999 -9999 0.00898738530205661 0.00898738530205661 0.00898738530205661 0.00898738530205661 0.00898738530205661 0.00898738530205661 0.00898738530205661 0.00898738530205661 0.00898738530205661 0.00898738530205661 0.00898738530205661 0.00898738530205661 0.00909929773713985 0.00909929773713985 0.00906534813695586 0.00898288194777585 0.00898738530205661 0.00898738530205661 0.00898738530205661 0.00898738530205661 0.00898738530205661 0.00898738530205661 0.00898738530205661
-9999 -9999 -9999 -9999 -9999 -9999 -9999 -9999 -9999 -9999 0.00898738530205661 -9999 -9999 0.00898738530205661 -9999 -9999 -9999 -9999 -9999 -9999 -9999 -9999 -9999 -9999 0.00898738530205661 0.00898738530205661 0.00898738530205661 0.00898738530205661 0.00898738530205661 0.00898738530205661 0.00898738530205661 0.00898738530205661 0.00909929773713985 0.00909929773713985 0.00903578545338854 0.00898738530205661 0.00898738530205661 0.00898738530205661 0.00898738530205661 0.00909929773713985 0.00898738530205661 0.00898738530205661 0.00898738530205661 0.00898738530205661 0.00898738530205661 0.00898738530205661 0.00898738530205661
-9999 -9999 -9999 -9999 -9999 -9999 -9999 -9999 -9999 -9999 -9999 -9999 -9999 -9999 -9999 -9999 -9999 -9999 -9999 -9999 -9999 -9999 0.00898738530205661 0.00898738530205661 0.00898738530205661 0.00898738530205661 0.00898738530205661 0.00898738530205661 0.00898738530205661 0.00898738530205661 0.00902820197377074 0.00898738530205661 0.00909929773713985 0.00898738530205661 0.00909929773713985 0.00898738530205661 0.00898738530205661 0.00898350977488726 0.00898738530205661 0.00898738530205661 0.00898738530205661 0.00898704090707069 0.00898738530205661 0.00898738530205661 0.00898738530205661 0.00898738530205661 0.00899718606317596
-9999 -9999 -9999 -9999 -9999 -9999 -9999 -9999 -9999 -9999 -9999 -9999 -9999 -9999 -9999 -9999 -9999 -9999 0.00898738530205661 0.00898738530205661 0.00898738530205661 0.00898738530205661 0.00898738530205661 0.00898738530205661 0.00898738530205661 0.00898738530205661 0.00898738530205661 0.00898738530205661 0.00898738530205661 0.00898738530205661 0.00898738530205661 0.00898738530205661 0.00898738530205661 0.00906034894749612 0.00898738530205661 0.00898738530205661 0.00903233994193484 0.00898738530205661 0.00898738530205661 0.00898738530205661 0.00898738530205661 0.00898738530205661 0.00898738530205661 0.00898738530205661 0.00898738530205661 0.00898738530205661 0.00898738530205661
-9999 -9999 -9999 -9999 -9999 -9999 -9999 -9999 -9999 -9999 -9999 -9999 -9999 -9999 0.00898738530205661 -9999 -9999 -9999 0.00898738530205661 0.00898738530205661 0.00898738530205661 0.00898738530205661 0.00898738530205661 0.00898738530205661 0.00898738530205661 0.00909465903137131 0.00898738530205661 0.00898738530205661 0.00898738530205661 0.00898738530205661 0.00898738530205661 0.00898738530205661 0.00898917825124917 0.00898738530205661 0.00898738530205661 0.00898738530205661 0.00898738530205661 0.00898738530205661 0.00898738530205661 0.00905532356341807 0.00898738530205661 0.00898738530205661 0.00898738530205661 0.00898738530205661 0.00898738530205661 0.00898738530205661 0.00898738530205661
-9999 -9999 -9999 -9999 -9999 -9999 -9999 -9999 -9999 -9999 -9999 -9999 0.00898738530205661 0.00898738530205661 0.00898738530205661 0.00898738530205661 0.00898738530205661 0.00898738530205661 0.00898738530205661 0.00898738530205661 0.00898738530205661 0.00898738530205661 0.00898738530205661 0.00898704090707069 0.00898704090707069 0.00898704090707069 0.00898738530205661 0.00898738530205661 0.00898738530205661 0.00898738530205661 0.00898738530205661 0.00899718606317596 0.00904078485843632 0.00898738530205661 0.00898738530205661 0.00898738530205661 0.00898738530205661 0.00912104991584228 0.00900452243597329 0.00898738530205661 0.00898738530205661 0.00898738530205661 0.00898738530205661 0.00898738530205661 0.00898738530205661 0.00898738530205661 0.00898738530205661
-9999 -9999 -9999 -9999 -9999 -9999 -9999 -9999 -9999 -9999 -9999 -9999 -9999 -9999 0.00898738530205661 0.00898738530205661 0.00898738530205661 0.00898738530205661 0.00898738530205661 0.00898738530205661 0.00898738530205661 0.00898738530205661 0.00898738530205661 0.00898738530205661 0.00898738530205661 0.00898738530205661 0.00898738530205661 0.00898738530205661 0.00898738530205661 0.00898738530205661 0.00898738530205661 0.00898738530205661 0.00899718606317596 0.00909929773713985 0.0090934994795563 0.00909929773713985 0.00898738530205661 0.00909929773713985 0.00898738530205661 0.00898738530205661 0.00898738530205661 0.00898738530205661 0.00898738530205661 0.00909929773713985 0.00909929773713985 0.00905123549793405 0.00951663920542256
-9999 -9999 -9999 -9999 -9999 -9999 -9999 -9999 -9999 -9999 -9999 -9999 -9999 -9999 -9999 -9999 -9999 0.00898738530205661 0.00898738530205661 0.00898738530205661 0.00898704090707069 0.00898738530205661 0.00898738530205661 0.00898738530205661 0.00898738530205661 0.00898738530205661 0.00898738530205661 0.00898738530205661 0.00898738530205661 0.00898738530205661 0.00898738530205661 0.00898738530205661 0.00909929773713985 0.00909929773713985 0.00909929773713985 0.00898738530205661 0.00898738530205661 0.00898738530205661 0.00898702705395811 0.00891050930079508 0.0091439626332402 0.0266018778819698 0.0290878858676102 0.0129542147528962 0.00972356308460878 0.00947538861863716 0.0278812686862212
-9999 -9999 -9999 -9999 -9999 -9999 -9999 -9999 -9999 -9999 -9999 -9999 -9999 -9999 -9999 -9999 -9999 0.00898738530205661 0.00898738530205661 0.00898738530205661 0.00898738530205661 0.00898738530205661 0.00898738530205661 0.00898738530205661 0.00898738530205661 0.00898738530205661 0.00898738530205661 0.00898738530205661 0.00898738530205661 0.00902820197377074 0.00898738530205661 0.00898738530205661 0.00909893948904135 0.00908737605087053 0.00898738530205661 0.00898738530205661 0.00903195804368338 0.0223208699356045 0.0273364006987719 0.0269440901206216 0.0280587714371785 0.0252714780264667 0.0286201159835962 0.0275541541619277 0.0250913813550846 0.0252260726151119 0.0283469688761194
-9999 -9999 -9999 -9999 -9999 -9999 -9999 -9999 -9999 -9999 -9999 -9999 -9999 -9999 -9999 -9999 -9999 -9999 -9999 0.00898738530205661 0.00898738530205661 0.00898738530205661 0.00898738530205661 0.00898738530205661 0.00898738530205661 0.00898738530205661 0.00898738530205661 0.00898738530205661 0.00898738530205661 0.00898738530205661 0.00898738530205661 0.00898738530205661 0.00911547380774444 0.00909929773713985 0.00909929773713985 0.0229009331070955 0.0220154890801823 0.0238174481753708 0.00950465613813782 0.012633850877187 0.0221820334842025 0.0238873510109741 0.0244742989959798 0.00951354101185422 0.0287776713596692 0.0125872849256829 0.00909929773713985
-9999 -9999 -9999 -9999 -9999 -9999 -9999 -9999 -9999 -9999 -9999 -9999 -9999 -9999 -9999 -9999 -9999 -9999 -9999 0.00898738530205661 0.00898738530205661 0.00898738530205661 0.00898738530205661 0.00898738530205661 0.00910280648997502 0.00898738530205661 0.00898738530205661 0.00898738530205661 0.00898738530205661 0.00898738530205661 0.00909929773713985 0.00898738530205661 0.00909929773713985 0.0090442896495934 0.0230464839036075 0.0287415757232108 0.0128286050171038 0.00909929773713985 0.00917743424487569 0.00917743424487569 0.00909929773713985 0.00909929773713985 0.00909929773713985 0.00909929773713985 0.00898738530205661 0.00910329933432623 0.00910329933432623
-9999 -9999 -9999 -9999 -9999 -9999 -9999 -9999 -9999 -9999 -9999 -9999 -9999 -9999 -9999 -9999 -9999 -9999 -9999 0.00898738530205661 0.00898738530205661 0.00898738530205661 0.00898738530205661 0.00909929773713985 0.00910280648997502 0.0091306650817169 0.00909929773713985 0.00898738530205661 0.00909929773713985 0.00909929773713985 0.00909929773713985 0.00898738530205661 0.00910612441269486 0.00951366137621174 0.0251778387273134 0.00950541711115459 0.00898738530205661 0.0090537524177827 0.00910329933432623 0.00910329933432623 0.00909879327991627 0.00909879327991627 0.00909308120937189 0.00909879327991627 0.00909879327991627 -9999 -9999
-9999 -9999 -9999 -9999 -9999 -9999 -9999 -9999 -9999 -9999 -9999 -9999 -9999 -9999 -9999 -9999 -9999 -9999 -9999 0.00905825847219265 0.00898738530205661 0.00898738530205661 0.00898738530205661 0.00898738530205661 0.00898738530205661 0.00909929773713985 0.00909929773713985 0.00909929773713985 0.00909929773713985 0.00910280648997502 0.00909929773713985 0.00910280648997502 0.0091478536468725 0.0094251197156005 0.0127878944378251 0.00906534813695586 0.00898738530205661 0.00898704090707069 0.00906984834725308 0.00909929773713985 0.00904078485843632 0.00898738530205661 0.0090537524177827 0.00909465903137131 0.00909465903137131 0.00909430649913844 -9999
-9999 -9999 -9999 -9999 -9999 -9999 -9999 -9999 -9999 -9999 -9999 -9999 -9999 -9999 -9999 -9999 -9999 -9999 0.00910329933432623 0.00898738530205661 0.00898738530205661 0.00898738530205661 0.00898738530205661 0.00898738530205661 0.00898738530205661 0.00898738530205661 0.00898738530205661 0.00909929773713985 0.0090635728739284 0.00909929773713985 0.00909929773713985 0.00909929773713985 0.00909929773713985 0.00910280648997502 0.00944972659039416 0.00909929773713985 0.00898738530205661 0.00909929773713985 -9999 -9999 0.00921977902166623 0.00898738530205661 0.00898738530205661 0.00898738530205661 0.00898738530205661 0.00909465903137131 -9999
-9999 -9999 -9999 -9999 -9999 -9999 -9999 -9999 -9999 -9999 -9999 -9999 -9999 -9999 -9999 -9999 -9999 -9999 0.00909929773713985 0.00906534813695586 0.00898738530205661 0.00898738530205661 0.00898738530205661 0.00898738530205661 0.00898738530205661 0.00898738530205661 0.00909929773713985 0.00909929773713985 0.00909929773713985 0.00898738530205661 0.00898738530205661 0.00909929773713985 0.00909929773713985 0.00910280648997502 0.0090442896495934 0.0091695903799071 -9999 -9999 -9999 -9999 -9999 -9999 0.00898738530205661 0.00898738530205661 0.00898738530205661 0.00898738530205661 0.00898738530205661
-9999 -9999 -9999 0.00917743424487569 0.00909929773713985 0.00910280648997502 0.0090442896495934 0.00913458404014897 0.00898738530205661 0.00898738530205661 0.00905825847219265 0.00912156700718098 0.0090046440795824 0.00898738530205661 0.00898738530205661 0.00917988971982063 0.00909658623786521 0.00914371466648217 0.00909893948904135 0.00909929773713985 0.00898738530205661 0.00898738530205661 0.00898738530205661 0.00898738530205661 0.00898738530205661 0.00898738530205661 0.00898738530205661 0.00898738530205661 -9999 -9999 -9999 -9999 0.0090537524177827 0.00898738530205661 -9999 -9999 -9999 -9999 -9999 -9999 -9999 -9999 0.00898738530205661 0.00898738530205661 0.00898738530205661 0.00898738530205661 0.00898738530205661
-9999 -9999 -9999 0.00910244698125046 0.00910280648997502 0.00909929773713985 0.0090934994795563 0.00907695292156119 0.0090442896495934 0.00909929773713985 0.00909929773713985 0.00909929773713985 0.00906096371611338 0.00909929773713985 0.00906096371611338 0.00909929773713985 0.00909929773713985 0.00906534813695586 0.00909929773713985 0.00910280648997502 0.00903195804368338 0.00943266275792576 0.00898738530205661 0.00898738530205661 0.00898738530205661 0.00898738530205661 0.00898738530205661 -9999 -9999 -9999 -9999 -9999 -9999 -9999 -9999 -9999 -9999 -9999 -9999 -9999 -9999 -9999 -9999 0.00898738530205661 0.00898738530205661 0.00898738530205661 0.00898738530205661
-9999 -9999 -9999 -9999 0.00909007860411194 0.00910280648997502 0.0090442896495934 0.00910377188187821 0.00910280648997502 0.00899802338009228 0.00899802338009228 0.00899802338009228 0.00899802338009228 0.00898704090707069 0.00898738530205661 0.00898738530205661 0.00909929773713985 0.00899802338009228 0.00901361755509979 0.00906000340690472 0.00906034894749612 0.00909929773713985 0.00909929773713985 0.00915520140951514 0.00911547380774444 0.00898738530205661 0.00898738530205661 0.00898704090707069 -9999 -9999 -9999 -9999 -9999 -9999 -9999 -9999 -9999 -9999 -9999 -9999 -9999 -9999 -9999 -9999 0.00898738530205661 0.00898738530205661 0.00898738530205661
-9999 -9999 -9999 0.00917707599677718 0.00911288340089862 0.00910619106816359 0.00909929773713985 0.00909929773713985 0.00898704090707069 0.00899802338009228 0.00899802338009228 0.00899802338009228 0.00899802338009228 0.00899802338009228 0.00898704090707069 0.00898704090707069 0.00898350977488726 0.00899802338009228 0.00899802338009228 0.00899802338009228 0.00899802338009228 0.00899802338009228 0.00899802338009228 0.00899871230601659 0.00909929773713985 0.0091964458317873 0.00905532356341807 -9999 -9999 -9999 -9999 -9999 -9999 -9999 -9999 -9999 -9999 -9999 -9999 -9999 -9999 -9999 -9999 -9999 -9999 -9999 0.00898738530205661
