BRT_projection_files/BRT_CCV/B_cryptarum_1_projection.asc
NCOLS 79 
NROWS 71 
XLLCORNER -10.5 
YLLCORNER 36 
CELLSIZE 0.5 
NODATA_value -9999 
[rows 42 to 62 of 71, columns 0 to 47 of 79]
-9999 -9999 -9999 -9999 -9999 -9999 -9999 -9999 -9999 -9999 0.0504283583418314 -9999 -9999 0.0489031911807105 -9999 -9999 -9999 -9999 -9999 -9999 -9999 -9999 -9999 -9999 0.055400210141589 0.175601157714605 0.402807739982062 0.205548289315336 0.320555767921192 0.480607245266078 0.197566209483807 0.300334737991942 0.561545311086401 0.350375371196835 0.186292230186789 0.121547037075124 0.170551514112282 0.17533129037591 0.129159210471656 0.268555135500693 0.161850643633395 0.161656918955275 0.158607662014054 0.160977420122438 0.153235252091491 0.222601966750832 0.139886307380141 0.11615489791312
-9999 -9999 -9999 -9999 -9999 -9999 -9999 -9999 -9999 -9999 -9999 -9999 -9999 -9999 -9999 -9999 -9999 -9999 -9999 -9999 -9999 -9999 0.0553343129271245 0.0630211705896058 0.0826909089714046 0.045559565787176 0.0491829587028833 0.0629846547190797 0.202167953863897 0.139637314203724 0.184508239069753 0.167204739179106 0.428093303377379 0.178150063384383 0.317227209846443 0.210938517525553 0.126315921556795 0.124544570283707 0.262724055862758 0.178013769905127 0.102203841014634 0.0808255131360852 0.109167386931685 0.179603632933663 0.155225895432381 0.184922568883415 0.183509512678748 0.074085527682076
-9999 -9999 -9999 -9999 -9999 -9999 -9999 -9999 -9999 -9999 -9999 -9999 -9999 -9999 -9999 -9999 -9999 -9999 0.047944594347364 0.0535533829674638 0.0484760517886076 0.0764463608105747 0.0573720570290295 0.0654408014142453 0.0684823153661775 0.0517511293689324 0.0561133655778484 0.0556813622384751 0.0719430355919888 0.0456569706159777 0.200873007468343 0.164156539518518 0.174506847555485 0.45579863431916 0.29906546813044 0.194234712369489 0.200909185204952 0.080474971588241 0.263931573003878 0.211959781038285 0.158891134623018 0.196289917187836 0.132260716344361 0.124739260152398 0.139553734438305 0.111024454698445 0.136529315962855 0.144982140776422
-9999 -9999 -9999 -9999 -9999 -9999 -9999 -9999 -9999 -9999 -9999 -9999 -9999 -9999 0.0527031047008712 -9999 -9999 -9999 0.0487157339518443 0.0955916940850335 0.215226837870425 0.0979234740883711 0.133765759876863 0.0388548403673846 0.0524077771902295 0.200441381444343 0.0511369674336434 0.066300421691798 0.0558514843306029 0.0509613194192976 0.0490339606189007 0.188564749523499 0.176485878541154 0.288795561105325 0.229184374492701 0.168177753625235 0.17604508580245 0.148672682546094 0.263673159078645 0.338037598053143 0.143920827098894 0.255287634534084 0.109035421662214 0.119026885949109 0.112128245518446 0.107335622408239 0.160361745103129 0.167154223769047
-9999 -9999 -9999 -9999 -9999 -9999 -9999 -9999 -9999 -9999 -9999 -9999 0.0487764682322549 0.0465982529900257 0.0481174297655387 0.0529435366668375 0.0516856493667735 0.0429688499432309 0.0453857322903149 0.046477320668091 0.052654470007699 0.0696087346145845 0.0528563789714605 0.0418739506847239 0.0393922841952247 0.0409304583033097 0.0442713769608972 0.0467969930432688 0.0560265269501489 0.0571440847767236 0.0563004175780205 0.192526636301371 0.197613542890918 0.196617224633932 0.162792080548528 0.199380998336532 0.337945724310448 0.30383032971401 0.30351997104571 0.167159011623063 0.157152083399905 0.275943814525423 0.51419550074893 0.498585050511901 0.447182737131807 0.1247488269793 0.117409610155366 0.143291342801413
-9999 -9999 -9999 -9999 -9999 -9999 -9999 -9999 -9999 -9999 -9999 -9999 -9999 -9999 0.0517126924793531 0.0512433429701127 0.0457181425850198 0.0419351941215999 0.046589595153036 0.0514179927941024 0.0558992000128268 0.0659355073686524 0.0476543462269737 0.0441492178330334 0.0473280635806521 0.0540314783092423 0.103610775672259 0.0575961588864673 0.0535086044918145 0.0946999475612778 0.180897696503464 0.185883482452062 0.096866292592958 0.397417607169602 0.301291836805575 0.287948166802351 0.114375849351318 0.17198465234547 0.238464300965061 0.17218774116009 0.0941995642568113 0.0851961213976059 0.121003683269852 0.282337770355003 0.444244934584958 0.135894187875955 0.484547448339436 0.490705361559341
-9999 -9999 -9999 -9999 -9999 -9999 -9999 -9999 -9999 -9999 -9999 -9999 -9999 -9999 -9999 -9999 -9999 0.0563029793096042 0.0463997916889726 0.0411298332400373 0.0375289016652138 0.0452052877606489 0.0435566613687232 0.0570988234416959 0.0524364837778235 0.0550434704048081 0.0526872577503114 0.0540358559169962 0.0532929387461553 0.157637111795442 0.061227646190666 0.0518623359086465 0.068384616688104 0.299754984986523 0.337534589570205 0.132631829783415 0.1141104331708 0.11899611479482 0.1551385606141 0.12959365441308 0.202701388451372 0.270390037026713 0.780925530076933 0.422875108349989 0.183289441058172 0.171885072030518 0.456531703702816 0.445306447080114
-9999 -9999 -9999 -9999 -9999 -9999 -9999 -9999 -9999 -9999 -9999 -9999 -9999 -9999 -9999 -9999 -9999 0.040776692563264 0.0417133967564054 0.0464705532613889 0.0518999586524479 0.0459127560708677 0.0496366140366271 0.0583170597694521 0.0505047529863848 0.0618264971477349 0.0896137126490082 0.0676736284004264 0.0675978693666332 0.233586662472291 0.0648348456007371 0.0607011574129825 0.317847151377419 0.340640661757916 0.123302836263769 0.125670063674549 0.135486530877065 0.439781683770537 0.373164433750912 0.30183768059766 0.350205522318604 0.18061992073989 0.579622191749534 0.814551017727166 0.845910008028877 0.779627572060226 0.791885891704334 0.66305073356724
-9999 -9999 -9999 -9999 -9999 -9999 -9999 -9999 -9999 -9999 -9999 -9999 -9999 -9999 -9999 -9999 -9999 -9999 -9999 0.0403581202858749 0.0452196915656378 0.0486109753717076 0.046543693170881 0.0812392508215557 0.076319811788299 0.260506459856704 0.223588048755528 0.107745042840038 0.126242048466784 0.279842174961613 0.0621231082357854 0.058613219272495 0.323446011130174 0.144775934563007 0.362598300702252 0.367862921074913 0.438830938753875 0.788257190826785 0.497393685898913 0.435698334633773 0.439781751209816 0.829729256138472 0.760122824525182 0.397762599800954 0.763191568116404 0.610125120782863 0.428267096358957 0.232622744668002
-9999 -9999 -9999 -9999 -9999 -9999 -9999 -9999 -9999 -9999 -9999 -9999 -9999 -9999 -9999 -9999 -9999 -9999 -9999 0.0407830029654798 0.0403474455803948 0.0417870335527218 0.0602748237033096 0.0540447643313383 0.281677521447033 0.169860893289288 0.188720108860898 0.168649199454919 0.194388333636601 0.171828254414103 0.137201345190302 0.0496617598820225 0.276163626511548 0.255672287854143 0.67753125431049 0.699659415593475 0.425572571536657 0.299285868669551 0.0487283297035555 0.0680212274340157 0.218157658706203 0.253404036439066 0.311663727051414 0.27839789902383 0.122005058993531 0.0710749183023719 0.0364501754457164 -9999
-9999 -9999 -9999 -9999 -9999 -9999 -9999 -9999 -9999 -9999 -9999 -9999 -9999 -9999 -9999 -9999 -9999 -9999 -9999 0.0440457041755184 0.0555206484854251 0.0641081742448965 0.0459934858034943 0.0652743881339084 0.0651856623325993 0.267466048508292 0.579039950432649 0.303808635191339 0.470731030010629 0.355398906205834 0.0710142494445496 0.0518915783743612 0.229672899969071 0.563389800872962 0.734835004946152 0.650400886841166 0.12271010910247 0.0398074537026788 0.0548350822715435 0.0677713182434334 0.0604067063848114 0.061389340024129 0.0963982785982362 0.122211376647525 0.132334208529543 -9999 -9999 -9999
-9999 -9999 -9999 -9999 -9999 -9999 -9999 -9999 -9999 -9999 -9999 -9999 -9999 -9999 -9999 -9999 -9999 -9999 -9999 0.0438583061009867 0.0545848465229777 0.0641550495652106 0.0452475775061806 0.0452566221505848 0.0639116000317196 0.100610772506208 0.168509998261798 0.241730143763682 0.594863157847412 0.451201430501228 0.0920358518631613 0.25762834037235 0.244121260646431 0.241711149882819 0.638961574451777 0.246815467120911 0.0421025487395426 0.0326413035923946 0.0430272886411365 0.241982002317821 0.0510161768416202 0.0391573992232736 0.0778740648492253 0.0706965962824533 0.0407810329102806 0.0643340521100706 -9999 -9999
-9999 -9999 -9999 -9999 -9999 -9999 -9999 -9999 -9999 -9999 -9999 -9999 -9999 -9999 -9999 -9999 -9999 -9999 0.0333622313284386 0.046438355589071 0.0445309214217336 0.0480701025295571 0.0428950039264674 0.0604946127196681 0.0551746755733635 0.0472075589370424 0.234256141237699 0.481967320728041 0.24545345446175 0.0611178445714419 0.045694373794403 0.420925168178005 0.339866980239634 0.316043517867049 0.229308432427645 0.583316950676459 0.175018433425089 0.0503846862007437 -9999 -9999 0.0528340740437647 0.168078800404907 0.152675569213912 0.109343144729767 0.0406678347611214 0.0811943841253487 -9999 -9999
-9999 -9999 -9999 -9999 -9999 -9999 -9999 -9999 -9999 -9999 -9999 -9999 -9999 -9999 -9999 -9999 -9999 -9999 0.0452305570769392 0.0437637891114128 0.0629808845697235 0.0460404126882496 0.0358595968306358 0.0422213488075351 0.0446536947050205 0.0516630970103634 0.113038564482629 0.133434741900024 0.0481368130925611 0.0438187840023223 0.0422139689640113 0.0505416429680763 0.0744408578841202 0.0902025223056999 0.060470828278737 0.0381011006866244 -9999 -9999 -9999 -9999 -9999 -9999 0.0321703435862475 0.041743807949152 0.180698052889129 0.158353622968584 0.0416635929562195 -9999
-9999 -9999 -9999 0.0397325635722373 0.0311709311063452 0.0498126063019007 0.0513437227659724 0.0427783809026412 0.160995372268096 0.201300026989069 0.177155402864754 0.108366705264504 0.0478984458314702 0.0435456825271694 0.0413145605007903 0.0325072527055122 0.041884547360219 0.0491733801433695 0.0591311952566819 0.0577894827933233 0.0525461593643657 0.0420000959246639 0.0550043940293017 0.0546563321629147 0.0582104476746542 0.0417195252129301 0.0433040962456685 0.040677074678358 -9999 -9999 -9999 -9999 0.0437516755826372 0.0487910606736659 -9999 -9999 -9999 -9999 -9999 -9999 -9999 -9999 0.0424261201736251 0.0429787542531359 0.0385583868805574 0.0443346458254907 0.0561531289810808 0.0465012845774624
-9999 -9999 -9999 0.0401272763580119 0.0493590513157212 0.0784508019716352 0.0493044933152537 0.196530970818331 0.164470230488093 0.211325366951755 0.24381073189086 0.191535858983447 0.146466757602853 0.137693069164134 0.101208560931035 0.180288864440251 0.31976110518807 0.0479703596030378 0.0542060991914747 0.0754044409142466 0.104648863265395 0.0790556322165023 0.0638716233352678 0.0573214070879718 0.223682855760936 0.0699708798652546 0.0515707628556643 -9999 -9999 -9999 -9999 -9999 -9999 -9999 -9999 -9999 -9999 -9999 -9999 -9999 -9999 -9999 -9999 0.042669559984352 0.0472046689641804 0.0411295329307703 0.0475364728198212 0.184705353174112
-9999 -9999 -9999 -9999 0.0601942421252926 0.0469527638020954 0.198550919550455 0.167787797284871 0.16274473913315 0.0317428792675504 0.0303327128182656 0.035429384894255 0.0329823038166478 0.0350505784246077 0.112180851735219 0.140882392489624 0.0606756130349975 0.0334335030094641 0.0317391038588434 0.0306710553801855 0.0561998484103618 0.0667012358961066 0.0737106773969616 0.0752897387972473 0.177679911719053 0.145807365548937 0.038089218868386 0.0330467131411638 -9999 -9999 -9999 -9999 -9999 -9999 -9999 -9999 -9999 -9999 -9999 -9999 -9999 -9999 -9999 -9999 0.0448199521134939 0.0401295637171271 0.0379858255917766 0.315222490582964
-9999 -9999 -9999 0.040288475322705 0.0514659464050224 0.05156850257598 0.0480764492595441 0.0413856942624558 0.0333010143992012 0.0303813065014344 0.0339051287714119 0.0337246663461136 0.0345909381579946 0.0355505438615877 0.0350741059471581 0.0461344971741398 0.0789845092068554 0.0348240226113389 0.0310404042570931 0.0377831919915955 0.0305868065348437 0.0307691269743447 0.0318984219166646 0.0312756140230191 0.0390097605644729 0.0656851686183768 0.0394572405249435 -9999 -9999 -9999 -9999 -9999 -9999 -9999 -9999 -9999 -9999 -9999 -9999 -9999 -9999 -9999 -9999 -9999 -9999 -9999 0.050186800704001 0.0410304874224379
-9999 -9999 -9999 -9999 0.0321167535397545 0.0524075555044201 0.0371348111487796 0.0334766978941797 0.034850977782904 0.0341864851850148 0.030177838782598 0.0303600814060603 0.032487252382783 0.0468672577182456 0.0443129758911227 0.0343861002677384 0.0415516981372678 0.0412218987957726 0.0343317153824806 0.0325385613853182 0.032295625792261 0.0340284980424415 0.0324844282924621 0.0323909060796463 0.037826750206947 -9999 -9999 -9999 -9999 -9999 -9999 -9999 -9999 -9999 -9999 -9999 -9999 -9999 -9999 -9999 -9999 -9999 -9999 -9999 -9999 -9999 -9999 -9999
-9999 -9999 -9999 -9999 0.0395066645165749 0.0753404277844907 0.0385658173791738 0.037288404174112 0.0467867624896879 0.0352484147439759 0.0368117636604314 0.038587075829006 0.0626479518920255 0.0477005330633584 0.0315017886364514 0.0335428140611291 0.0549242342520279 0.0470283993584099 0.0727719707729546 0.0424023941435193 0.0346511131447829 0.0307308577747703 0.0329093880484221 -9999 -9999 -9999 -9999 -9999 -9999 -9999 -9999 -9999 -9999 -9999 -9999 -9999 -9999 0.03994134821667 0.0430305142609124 0.0506981255549072 -9999 -9999 -9999 -9999 -9999 -9999 -9999 -9999
-9999 -9999 -9999 0.0408965840815801 0.0425470040158879 0.0388375285319651 0.0375032431121818 0.0395666394479899 0.0394287425030433 0.0459226287516324 0.0434753098048061 0.0477915950380291 0.0311884685538769 0.0385622714963398 0.0329872397582103 0.0301875141081304 0.0399080028044299 0.0512478791935307 0.079967116036156 0.0447815240049775 0.0363732673721446 0.0331883917511329 -9999 -9999 -9999 -9999 -9999 -9999 -9999 -9999 -9999 -9999 -9999 -9999 -9999 -9999 -9999 -9999 0.042230989594618 0.0497943491055199 -9999 -9999 -9999 -9999 -9999 -9999 -9999 -9999
