BRT_projection_files/BRT_CCV/B_cryptarum_2_projection.asc
NCOLS 79 
NROWS 71 
XLLCORNER -10.5 
YLLCORNER 36 
CELLSIZE 0.5 
NODATA_value -9999 
[rows 44 to 65 of 71, columns 0 to 47 of 79]
-9999 -9999 -9999 -9999 -9999 -9999 -9999 -9999 -9999 -9999 -9999 -9999 -9999 -9999 -9999 -9999 -9999 -9999 0.0708792862147044 0.0724485456546265 0.0597839018769042 0.0715551519283395 0.055011108760423 0.0817177876639364 0.0526562092942092 0.050793205674986 0.0493326123941061 0.0492170515179402 0.111835731931559 0.103465617449109 0.133649965589911 0.173493777994286 0.171531197352904 0.219233208490878 0.216183032078753 0.166817395216385 0.115783536621081 0.0471911665313581 0.176658835162616 0.230305665992033 0.27069204730051 0.410275155723225 0.269977816134097 0.301239301326966 0.221107589220652 0.202373100637196 0.222527884713792 0.386029589474772
-9999 -9999 -9999 -9999 -9999 -9999 -9999 -9999 -9999 -9999 -9999 -9999 -9999 -9999 0.0772288392231842 -9999 -9999 -9999 0.0826065143904871 0.247347730169865 0.20503098341501 0.28237459910093 0.128474531283037 0.0452505724494388 0.051379116630196 0.0628891542722674 0.0584411284960102 0.049636299697737 0.0538350872893319 0.0920224230169692 0.107746858139211 0.186037260298994 0.177474313241141 0.26282685456735 0.226510744641262 0.104532052611002 0.0904793102318962 0.0884103105714888 0.183562631580448 0.174326101678556 0.209530573860413 0.30060228886558 0.213834858131064 0.267247627296287 0.271626577535492 0.212615716216293 0.245506964105017 0.250130450761136
-9999 -9999 -9999 -9999 -9999 -9999 -9999 -9999 -9999 -9999 -9999 -9999 0.0613679293720273 0.0769426663909867 0.0556904859980384 0.0556358719177643 0.0547261249064504 0.0491332059497131 0.0552383840301518 0.0546739373140981 0.0737470705657418 0.0508875217626591 0.0668164284539094 0.0609095321839707 0.0452090443381672 0.0459832945560813 0.0480668002852555 0.0494747295847496 0.0496598016319542 0.0539655436462485 0.151436785224136 0.176444250008047 0.176983677454666 0.226947822281813 0.0863348963067057 0.0897966091028975 0.115045870030699 0.252833198911273 0.235251303608442 0.216075901357466 0.25434744596358 0.298097178111369 0.274196433222117 0.295776446846975 0.273642256421615 0.270137499118693 0.259480400417037 0.225977306434466
-9999 -9999 -9999 -9999 -9999 -9999 -9999 -9999 -9999 -9999 -9999 -9999 -9999 -9999 0.0729803441912132 0.0558102644293158 0.0545387839357659 0.0488352254345601 0.0532744080196855 0.0553626303950479 0.0533558567957219 0.0695296918789952 0.0460199695328628 0.0461862208655727 0.0667190621067257 0.0693871647328195 0.049452237869986 0.0542396159281893 0.0542046302214572 0.154840590854918 0.193632038914998 0.17709058858488 0.18881175144137 0.164693628830777 0.185175401299626 0.164406426182535 0.182786303359324 0.187203602225673 0.214139503843823 0.234606206669705 0.200128801469804 0.270562708934359 0.278804009691571 0.336545200108517 0.377131891261305 0.349436013963234 0.289112190606188 0.399035615788326
-9999 -9999 -9999 -9999 -9999 -9999 -9999 -9999 -9999 -9999 -9999 -9999 -9999 -9999 -9999 -9999 -9999 0.0578091759316319 0.059233607358337 0.0530401084251868 0.0452881855342838 0.0581129545154307 0.0496336546852492 0.049382509796961 0.0534295436509709 0.0659481126099993 0.0554276041294555 0.0775370922474562 0.106554647223601 0.220004824239718 0.24247094069618 0.0608924915093235 0.0798195176635956 0.168539982846392 0.208225126450523 0.178806176564304 0.194442725544137 0.217836405396759 0.236111994111805 0.278712337571056 0.135709411947715 0.394722505706107 0.323274811994727 0.422407979910038 0.492223067663197 0.479219391553558 0.535870969271371 0.323996415414056
-9999 -9999 -9999 -9999 -9999 -9999 -9999 -9999 -9999 -9999 -9999 -9999 -9999 -9999 -9999 -9999 -9999 0.0530211095387485 0.0565947456355851 0.0557098554188695 0.0493457391442588 0.0493925781639244 0.04948230126981 0.0548799513055633 0.0553869929491502 0.0547949100970378 0.0649418407393903 0.0833091128668104 0.0752740840457157 0.180421723159565 0.0840364920533129 0.072013068726792 0.159969236003108 0.425119554711614 0.289679593001314 0.545740162478499 0.445814375449475 0.434862937590682 0.51845016323336 0.408626592953456 0.596467928888698 0.676362162045196 0.459700137502573 0.392895075332318 0.406251258745732 0.385498096890103 0.361480238305873 0.338229609219207
-9999 -9999 -9999 -9999 -9999 -9999 -9999 -9999 -9999 -9999 -9999 -9999 -9999 -9999 -9999 -9999 -9999 -9999 -9999 0.0544045960412279 0.0530757265461864 0.0559652083098114 0.0530806375333285 0.0794995622702857 0.179906448751113 0.255564480392328 0.291310700899921 0.112351796026361 0.203353918184506 0.2235140691135 0.109883879905246 0.0718568331596004 0.204553901558445 0.201129188478757 0.380891551308764 0.351866814051088 0.361650787556899 0.437359459284781 0.302168928833084 0.446905582650776 0.502473555322321 0.425265287458292 0.406994077272237 0.375449492396535 0.293456799012717 0.298815865567444 0.206624675713007 0.103940814547609
-9999 -9999 -9999 -9999 -9999 -9999 -9999 -9999 -9999 -9999 -9999 -9999 -9999 -9999 -9999 -9999 -9999 -9999 -9999 0.0533220233856021 0.055356405918295 0.0540568198626639 0.0722030085180238 0.0686774188949778 0.165706060969691 0.0965076748679325 0.154036717863726 0.207201545559983 0.108538565092161 0.212546325189285 0.0776356816082821 0.0687734770715797 0.163935137678541 0.323013141273988 0.404438213109851 0.483787816055874 0.471880963014999 0.161501922097084 0.0636973270528022 0.0600899857179657 0.157708090255896 0.246124532114721 0.414972048597168 0.287976187191823 0.171404449572361 0.0545853355931614 0.0535972569239674 -9999
-9999 -9999 -9999 -9999 -9999 -9999 -9999 -9999 -9999 -9999 -9999 -9999 -9999 -9999 -9999 -9999 -9999 -9999 -9999 0.0707790768890526 0.0630281300453287 0.0899179000686655 0.0556992533672487 0.0627899946449342 0.05664862581253 0.164369540871706 0.287079525007518 0.251742103544418 0.190315415013375 0.205869081844162 0.0651916698924055 0.0609776244268081 0.154261460992174 0.315039940541488 0.452808323898366 0.335572170311743 0.0721749053706236 0.0538170138214141 0.0594274342784969 0.0590431154677075 0.059788242988164 0.0575154978882425 0.0513380468348254 0.0528769397223926 0.0554062963549441 -9999 -9999 -9999
-9999 -9999 -9999 -9999 -9999 -9999 -9999 -9999 -9999 -9999 -9999 -9999 -9999 -9999 -9999 -9999 -9999 -9999 -9999 0.0541236407233636 0.0887289271627386 0.0731968619971023 0.0803001957824565 0.0685755830881463 0.0798204665165786 0.17692785241056 0.161921182125505 0.292170419435052 0.282725119087213 0.191253959479747 0.0587838978750522 0.188232155809363 0.419937125840482 0.420337252845443 0.55791851802445 0.292677707880974 0.0569902535871348 0.0584507875401251 0.0622601869855943 0.163157712248688 0.0633805617516343 0.0609878755104996 0.0511977183919919 0.046060635066699 0.0433412066184932 0.0498312010190188 -9999 -9999
-9999 -9999 -9999 -9999 -9999 -9999 -9999 -9999 -9999 -9999 -9999 -9999 -9999 -9999 -9999 -9999 -9999 -9999 0.0701973908814801 0.0482211505111695 0.0515741712740491 0.0590034495131544 0.0459677105154529 0.0566530644906749 0.0855908839639045 0.0640516519381255 0.310030998361042 0.226650720998356 0.281921677055251 0.0579670147814957 0.0715315871180614 0.0907467071857878 0.183733280857865 0.399070736429614 0.505034303542972 0.363867680056844 0.0974720410729034 0.0631800274121581 -9999 -9999 0.0592863377850043 0.116434113697588 0.114216124590129 0.145074667420971 0.0506888092752614 0.0460000574567546 -9999 -9999
-9999 -9999 -9999 -9999 -9999 -9999 -9999 -9999 -9999 -9999 -9999 -9999 -9999 -9999 -9999 -9999 -9999 -9999 0.0571661714263034 0.0596181335791207 0.0566463794950072 0.0480277605208394 0.0448980923781304 0.0474113313060263 0.0460987028685559 0.0657384978458623 0.0585993018685392 0.0606977120620631 0.0555903945947308 0.0753569492895849 0.0682073485988057 0.0581075721789085 0.064135492760088 0.0594098996762601 0.0565380474428079 0.0564652155533674 -9999 -9999 -9999 -9999 -9999 -9999 0.0601850145037994 0.0798431684098188 0.103177271016622 0.182401318314519 0.0595921298215812 -9999
-9999 -9999 -9999 0.0480136366249431 0.0463560568505336 0.0470607104261834 0.0457974053312661 0.0666614614644853 0.117639459108109 0.105834579479622 0.136820064017827 0.114499034755216 0.0492458640130184 0.0502992603471818 0.0528925083035441 0.0489453435676412 0.0456784968546058 0.0451252396418049 0.0487796172273871 0.0595182396551319 0.0717367942558196 0.0711146367367801 0.059742852439209 0.0690819792132815 0.0672953285462103 0.0682241790487919 0.0787174149586343 0.056164960865557 -9999 -9999 -9999 -9999 0.080109522112487 0.0620957713190222 -9999 -9999 -9999 -9999 -9999 -9999 -9999 -9999 0.0748797042601266 0.0640271718674805 0.0538007070454836 0.0659856040748368 0.0782989747842665 0.0426568435886872
-9999 -9999 -9999 0.0459096657888595 0.0464275248716775 0.053647768748713 0.0484426704257108 0.113405742072015 0.117171409726125 0.0978445148566603 0.119223418113028 0.108593427222243 0.0956430532686735 0.0961694874081562 0.0957480455525682 0.0595363896425019 0.111669057356666 0.0603369701040785 0.0474009817335737 0.119304266914714 0.2919914340542 0.228378547616975 0.236999403769145 0.135204378035767 0.169019385571911 0.0577488664154551 0.0450562918154447 -9999 -9999 -9999 -9999 -9999 -9999 -9999 -9999 -9999 -9999 -9999 -9999 -9999 -9999 -9999 -9999 0.0462202048672335 0.0796529175748202 0.0549515334315975 0.0677191933171781 0.110563114792667
-9999 -9999 -9999 -9999 0.0531207602507942 0.0500215996046141 0.105321958645848 0.114719706141 0.0942124735282183 0.0442653711419277 0.0390028409298773 0.0394475906408719 0.0389124338143116 0.0396243184445691 0.119065926369329 0.119817566879754 0.0420651728975475 0.0461926972152429 0.0449035672051583 0.0448453574949733 0.0438124332033192 0.0466648316154918 0.108296165077416 0.10393358158147 0.0997817164863825 0.164375840953049 0.0498576034529018 0.0490926663978228 -9999 -9999 -9999 -9999 -9999 -9999 -9999 -9999 -9999 -9999 -9999 -9999 -9999 -9999 -9999 -9999 0.0676742906882 0.0577981411408378 0.07716128705072 0.159758453254056
-9999 -9999 -9999 0.0439162469223949 0.0451366474289901 0.0587002654646706 0.0557840597829461 0.0515089638246433 0.0467707492730984 0.0394960469812151 0.0394761176379415 0.0407254494948979 0.0390610843392076 0.0392988085285306 0.0469141747671419 0.049042720285133 0.0442299142738779 0.0436279456707672 0.0394180285241666 0.0402492913003916 0.0387755900324354 0.0395198391948117 0.0445237199077584 0.0448683524082451 0.042769815226441 0.0445530374222289 0.0470521140073284 -9999 -9999 -9999 -9999 -9999 -9999 -9999 -9999 -9999 -9999 -9999 -9999 -9999 -9999 -9999 -9999 -9999 -9999 -9999 0.0675793660175823 0.0652632859170801
-9999 -9999 -9999 -9999 0.0490904404132616 0.0519909141860418 0.0431919510790093 0.0432487124282221 0.0501069098878309 0.0434173305326188 0.0388652517134345 0.0396060523781809 0.0416948729734562 0.0433486525068745 0.119536394022045 0.0470084158475429 0.0511165293992138 0.0435551713639412 0.0432239322449326 0.0375922423939868 0.0390477634356626 0.0496787617128724 0.0447775919713773 0.047199980390782 0.0511528103658693 -9999 -9999 -9999 -9999 -9999 -9999 -9999 -9999 -9999 -9999 -9999 -9999 -9999 -9999 -9999 -9999 -9999 -9999 -9999 -9999 -9999 -9999 -9999
-9999 -9999 -9999 -9999 0.0464155216903138 0.0496673091777655 0.0474801691634309 0.0442711043870261 0.0544405591192248 0.0482640706559173 0.047581031513387 0.0521642644534553 0.0504068093876019 0.0493846882668102 0.046797776904082 0.0431294923586836 0.0462705055081196 0.119903012626045 0.102033522857255 0.105163763292413 0.0430725635730317 0.0438942564339885 0.0483106873320124 -9999 -9999 -9999 -9999 -9999 -9999 -9999 -9999 -9999 -9999 -9999 -9999 -9999 -9999 0.0516824421201198 0.0725157272881681 0.0602261614514425 -9999 -9999 -9999 -9999 -9999 -9999 -9999 -9999
-9999 -9999 -9999 0.0551105506669873 0.049657974976512 0.0553613006558044 0.0543662166534851 0.0534761732106016 0.0519003499098623 0.0550326048147775 0.0571178794693309 0.0545336715266973 0.0395341954548317 0.0470974840636159 0.0438939453383295 0.0389012298206131 0.0431646455469781 0.103639727724417 0.0587575152463971 0.134586924472959 0.0445089914123935 0.0489224609249547 -9999 -9999 -9999 -9999 -9999 -9999 -9999 -9999 -9999 -9999 -9999 -9999 -9999 -9999 -9999 -9999 0.07078368037492 0.0874590024301469 -9999 -9999 -9999 -9999 -9999 -9999 -9999 -9999
-9999 -9999 -9999 0.0533238977493617 0.0495471653106367 0.0466648346904458 0.0442723668815566 0.0477835408252468 0.0473829383956853 0.0591205011952265 0.0469374775109076 0.0440952670167233 0.0394651081262317 0.0400649590692819 0.039783932168935 0.0390389703103182 0.0417050111604102 0.0482603158142067 0.0441807867292603 0.0461748209677356 0.0493151939952837 -9999 -9999 -9999 -9999 -9999 -9999 -9999 -9999 -9999 -9999 -9999 -9999 -9999 -9999 -9999 -9999 -9999 0.0563415177093607 0.058657382467176 -9999 -9999 -9999 -9999 -9999 -9999 -9999 -9999
-9999 -9999 0.0523279945457452 0.0459732903901349 0.0455794128909228 0.0453495666857186 0.0511166980300396 0.0437616786630288 0.0451877388976151 0.0476738807584257 0.0505989280442726 0.0499429535659269 0.0459721090275354 0.0392115395380287 0.0394136844277503 0.0393948085201896 0.0393708811318718 0.0395655651094595 0.0441643465266231 0.0459483856744892 -9999 -9999 -9999 -9999 -9999 -9999 -9999 -9999 -9999 -9999 -9999 -9999 -9999 -9999 -9999 -9999 -9999 -9999 0.0486636518369717 0.0513605683599298 -9999 -9999 -9999 -9999 -9999 -9999 -9999 -9999
-9999 -9999 0.0505640393454509 0.0453643082513831 0.049006739434534 0.0553622821051358 0.0480897125333704 0.0397790199729768 0.0447281704606364 0.0478776202180903 0.0508235726521745 0.0484970570815524 0.0396809991707569 0.0419272960056652 0.0437394712300536 0.0418790044384597 0.046000174633475 0.0399768496556446 0.038626599451752 0.0394010649712748 0.0403437191265277 -9999 -9999 -9999 -9999 -9999 -9999 -9999 -9999 -9999 -9999 -9999 -9999 -9999 -9999 -9999 -9999 -9999 -9999 -9999 -9999 -9999 -9999 -9999 -9999 -9999 -9999 -9999
