BRT_projection_files/BRT_CCV/B_gerstaeckeri_2_projection.asc
NCOLS 79 
NROWS 71 
XLLCORNER -10.5 
YLLCORNER 36 
CELLSIZE 0.5 
NODATA_value -9999 
[rows 42 to 62 of 71, columns 0 to 47 of 79]
-9999 -9999 -9999 -9999 -9999 -9999 -9999 -9999 -9999 -9999 0.0119683940701577 -9999 -9999 0.0175324916755366 -9999 -9999 -9999 -9999 -9999 -9999 -9999 -9999 -9999 -9999 0.011614523350597 0.0117731042551936 0.0105024461365378 0.0104939358302355 0.0105024461365378 0.0112916967462096 0.0105024461365378 0.0116114625203515 0.0457586264775792 0.0186804178142492 0.0123589048030265 0.0107590754074338 0.012075580668893 0.0102017378325088 0.0102017378325088 0.0167594952590763 0.010612741412038 0.0104948563590084 0.0106401257886728 0.0116840980334732 0.0120844801455119 0.0108259841756738 0.0114530436337718 0.0110082999374914
-9999 -9999 -9999 -9999 -9999 -9999 -9999 -9999 -9999 -9999 -9999 -9999 -9999 -9999 -9999 -9999 -9999 -9999 -9999 -9999 -9999 -9999 0.0117098942398319 0.0116148503557414 0.0113364121202537 0.0105326369749311 0.0105458867588207 0.0105426978228877 0.0105740502010675 0.0116677982320672 0.0171856389605751 0.0261164827092977 0.0166888645971679 0.0105100610345853 0.0127596875723349 0.0119415128891583 0.0104776071989886 0.0107590754074338 0.00975932824077033 0.0118781644556276 0.0104776071989886 0.0105216981611619 0.0104756298698842 0.0105776322355739 0.0106245844943808 0.0108048680690515 0.011010866887949 0.010560904269889
-9999 -9999 -9999 -9999 -9999 -9999 -9999 -9999 -9999 -9999 -9999 -9999 -9999 -9999 -9999 -9999 -9999 -9999 0.0105559476335324 0.010597275264097 0.0104755621219524 0.0118998519652278 0.0116175326195527 0.0104999270175871 0.0105518248879535 0.0104940248946312 0.0104940248946312 0.0105458867588207 0.0105774819036165 0.0105170592379434 0.0106080159197588 0.0117095865694076 0.0113319882809206 0.010497823604334 0.0104979496985136 0.012962523358162 0.0462366046978959 0.00961411184879152 0.0104756006484317 0.0104979496985136 0.0105486461377511 0.0106450125711361 0.0105750621487801 0.0104920475755577 0.0106340724014693 0.0105672780957043 0.0130128503445762 0.0215553627364309
-9999 -9999 -9999 -9999 -9999 -9999 -9999 -9999 -9999 -9999 -9999 -9999 -9999 -9999 0.0105525922425963 -9999 -9999 -9999 0.0117991883991364 0.0118022236215773 0.0105990067376675 0.0106081499982146 0.0105989889204409 0.0105542295674551 0.0104812422459273 0.00969615177628483 0.0104642110111499 0.0105458867588207 0.0106399271474191 0.0105913551609043 0.0106151213497184 0.0116967146835509 0.0106151213497184 0.0105024461365378 0.0113328530124751 0.011655391973429 0.0104979496985136 0.0200782534048528 0.0104000476372428 0.00963952528103265 0.0119677470661631 0.010583116380802 0.0105852111507508 0.0104985558150601 0.0105437427493711 0.0104965291821027 0.0105380352690429 0.0165192243391693
-9999 -9999 -9999 -9999 -9999 -9999 -9999 -9999 -9999 -9999 -9999 -9999 0.0119682056122059 0.0172228935250647 0.0117971698943592 0.0105559476335324 0.0105559476335324 0.0104863193484861 0.011788991231691 0.011788991231691 0.0116693391227806 0.0105367750517366 0.0106031496230401 0.0105294234244188 0.0105832722402209 0.0105294234244188 0.0105298103936427 0.0105560575400838 0.0105989889204409 0.0105620379412972 0.0106173994274758 0.0116792885778606 0.016323966848955 0.011614523350597 0.0435297981318304 0.0441429744763885 0.0104979496985136 0.070321952046137 0.0120172608138454 0.0105776322355739 0.0105024461365378 0.0105179615234681 0.0105024461365378 0.0105171036299615 0.0112589089942094 0.0116567813688151 0.0115776656073416 0.0119483487368575
-9999 -9999 -9999 -9999 -9999 -9999 -9999 -9999 -9999 -9999 -9999 -9999 -9999 -9999 0.0116824106081101 0.0105677349244309 0.0105559476335324 0.0105500138664814 0.0116498690208133 0.0105774055920036 0.0105559476335324 0.0105430084649686 0.0105832722402209 0.010539542537181 0.0104920475755577 0.0106085136080036 0.0105466721394036 0.0106047946072785 0.0106066865044788 0.0106481921497743 0.0116577741725979 0.0106080159197588 0.011669234191395 0.0225098304708617 0.0453170675733011 0.0170416504279346 0.0330385143730972 0.0422956730949907 0.014224549208692 0.012036521303473 0.0188312605882636 0.0636562205005439 0.19327802482041 0.0319485731039332 0.414684835516525 0.651248427038032 0.602845486152199 0.711710631935982
-9999 -9999 -9999 -9999 -9999 -9999 -9999 -9999 -9999 -9999 -9999 -9999 -9999 -9999 -9999 -9999 -9999 0.0104965113271512 0.0104965113271512 0.0104906400442966 0.0105279576210936 0.010539542537181 0.0104822332658616 0.0105998078959623 0.0106082075566285 0.0105595419729163 0.0106047946072785 0.0106141879578419 0.0117899152930341 0.0117957142703831 0.0106151213497184 0.0104979160989309 0.0192801479285954 0.0408880604892009 0.0408967224014725 0.0349223825046234 0.0348769530669489 0.015744748739837 0.0304020702198393 0.130829707820211 0.582764136206434 0.0538281612271142 0.741813378935241 0.478454896282684 0.724554758103772 0.797002483349623 0.864558048650888 0.894057285442605
-9999 -9999 -9999 -9999 -9999 -9999 -9999 -9999 -9999 -9999 -9999 -9999 -9999 -9999 -9999 -9999 -9999 0.0105525922425963 0.0105559476335324 0.0106049405047186 0.0106031496230401 0.0105603718577445 0.0105956650105898 0.0106147411866994 0.010597275264097 0.0106172125970337 0.0106113713106949 0.0105740502010675 0.0116728627656048 0.0167536260389446 0.0105525922425963 0.0118111840056091 0.0350497243648115 0.158476663340501 0.0159804507921856 0.0811855907585916 0.884356142516862 0.360175547831763 0.674461880539114 0.897298997284553 0.723289158978082 0.0320443069655899 0.0242169462712637 0.0434351802870278 0.0388560544859373 0.0374670812375107 0.910655135976046 0.891496176378683
-9999 -9999 -9999 -9999 -9999 -9999 -9999 -9999 -9999 -9999 -9999 -9999 -9999 -9999 -9999 -9999 -9999 -9999 -9999 0.0105525922425963 0.0105525922425963 0.0106149246764299 0.0106113713106949 0.0117973263107943 0.0118094189534084 0.0144366746177978 0.0106006306550331 0.0105525922425963 0.0106139912845534 0.0115801936436757 0.0105489403526108 0.0210972418468138 0.0443610035732405 0.0289034552005279 0.491187440292727 0.0991384513920613 0.20175144023489 0.399883027044791 0.766905919296234 0.750403346071736 0.801538576565852 0.125725064255688 0.0976329514293573 0.0497828909467022 0.180362368482132 0.784714338787267 0.034398425082639 0.026643530508888
-9999 -9999 -9999 -9999 -9999 -9999 -9999 -9999 -9999 -9999 -9999 -9999 -9999 -9999 -9999 -9999 -9999 -9999 -9999 0.0105525922425963 0.010597275264097 0.0116175326195527 0.0118160240534274 0.0120305976975185 0.045268092423896 0.054167176580991 0.0141415829571695 0.0104865539616722 0.0651320580347735 0.0105677349244309 0.0105044727694952 0.0118794772712934 0.043386948458255 0.104886694591619 0.477161371638689 0.0638650922780354 0.0242720738380784 0.050132826699467 0.0275676910163722 0.0284378877034278 0.0569591607409058 0.108191192750541 0.0990695865285779 0.0228653406107497 0.019127122351668 0.0119285876818878 0.0119102136674069 -9999
-9999 -9999 -9999 -9999 -9999 -9999 -9999 -9999 -9999 -9999 -9999 -9999 -9999 -9999 -9999 -9999 -9999 -9999 -9999 0.0113999069149434 0.010605727999155 0.0106115433189708 0.0130473990597704 0.0171723064745415 0.0514308313248628 0.066125660759287 0.0677440238449935 0.0111412881118603 0.0137580811487764 0.0129924982348732 0.0158716268698025 0.0117961486343826 0.0546472323768957 0.149088498473703 0.0338984691527738 0.0293454621813138 0.0104979496985136 0.0105442127167771 0.0104000476372428 0.0104592109437501 0.0104999270175871 0.0104864859598987 0.0104920475755577 0.0104805957763562 0.0104805957763562 -9999 -9999 -9999
-9999 -9999 -9999 -9999 -9999 -9999 -9999 -9999 -9999 -9999 -9999 -9999 -9999 -9999 -9999 -9999 -9999 -9999 -9999 0.0489916308121447 0.0105426772191586 0.0105466721394036 0.0106039936576972 0.011162499660334 0.0149001764858428 0.0228186045534488 0.0349577669943645 0.0182282453483327 0.0311402279259474 0.117661903755021 0.0174988161397874 0.0167671460522448 0.0221215467197405 0.312435247558171 0.0885541501430583 0.0130525814812188 0.0104999270175871 0.0104921903583561 0.0112851469720218 0.0187622612919965 0.0157900351965355 0.0104999270175871 0.0104756298698842 0.0104901734640037 0.010475508042227 0.0107815264630528 -9999 -9999
-9999 -9999 -9999 -9999 -9999 -9999 -9999 -9999 -9999 -9999 -9999 -9999 -9999 -9999 -9999 -9999 -9999 -9999 0.0128530402611397 0.0184139661941104 0.0441677679017046 0.010604767841461 0.0105335553456368 0.0105500138664814 0.0106113713106949 0.0106090833900911 0.0115621373112694 0.0259901377633522 0.185797504640109 0.0284077446171646 0.0120654857643985 0.0117682631402442 0.0130543030503244 0.0185177777898059 0.0726372024883973 0.0858265804590438 0.0130139140294668 0.0142599969961199 -9999 -9999 0.0328955052510344 0.0890254919186858 0.0126704320439092 0.0115810222364442 0.0104940248946312 0.0107590754074338 -9999 -9999
-9999 -9999 -9999 -9999 -9999 -9999 -9999 -9999 -9999 -9999 -9999 -9999 -9999 -9999 -9999 -9999 -9999 -9999 0.0237919841498891 0.0118116662989101 0.0140754403140177 0.0106054375436438 0.0105823388483444 0.0104801015471157 0.010526552029659 0.0116154494522901 0.039780887697053 0.0273069320874108 0.0429278834040903 0.0104979496985136 0.0104769059711809 0.011697620959151 0.0122426056853542 0.016684323421103 0.0393067461434508 0.0176275101316009 -9999 -9999 -9999 -9999 -9999 -9999 0.0112851469720218 0.0104864859598987 0.0510598681454405 0.010551533096706 0.0105037335947668 -9999
-9999 -9999 -9999 0.0351166662342647 0.0568752394750879 0.0307826808732497 0.0240253321701172 0.075716336717194 0.0963696277364003 0.0319806627495101 0.31883646425089 0.0877875688963772 0.0369341944382546 0.122812696224092 0.0259957282108358 0.0251878099698507 0.022719678996526 0.0296047151103106 0.0241139125047098 0.0342954689697077 0.0231073628674388 0.0117812822490997 0.010597275264097 0.0105525922425963 0.010597275264097 0.0116278640860309 0.0106020550644742 0.0113300157455948 -9999 -9999 -9999 -9999 0.0097452793981237 0.0131464588520217 -9999 -9999 -9999 -9999 -9999 -9999 -9999 -9999 0.010557412384028 0.0105575495885064 0.0105952448029399 0.0104979496985136 0.0105574204907906 0.0104727142735524
-9999 -9999 -9999 0.0593620457248047 0.0339959094397608 0.0169304330672592 0.0138939731483863 0.0415523384730767 0.0163268796491348 0.0122316937441555 0.0134179328993329 0.0138913705693698 0.0105870867621327 0.0105731881556694 0.0105704084397724 0.0105341500595729 0.0145823712072428 0.010494729364802 0.017003118095871 0.0258228586298558 0.490377959106113 0.477185942426827 0.0453256843718892 0.0542078117878678 0.313827970275697 0.244247497687523 0.0120821285725056 -9999 -9999 -9999 -9999 -9999 -9999 -9999 -9999 -9999 -9999 -9999 -9999 -9999 -9999 -9999 -9999 0.0105841119814433 0.0106151213497184 0.0105595419729163 0.0104997852362857 0.111228783920725
-9999 -9999 -9999 -9999 0.0699775917160272 0.0169035087420987 0.0363604156306247 0.0726990013610407 0.0121007708745043 0.0106396053466043 0.0105890505764016 0.0105923899130825 0.0105685453287841 0.010539346453873 0.0123363123438444 0.0122855212234296 0.0105317370405763 0.010539346453873 0.0105737108513491 0.0105566814573132 0.0105856711640641 0.0117370120895307 0.0105799381435068 0.012124516184498 0.0124513162728979 0.0283016441715917 0.0128309879388105 0.0113760261445471 -9999 -9999 -9999 -9999 -9999 -9999 -9999 -9999 -9999 -9999 -9999 -9999 -9999 -9999 -9999 -9999 0.0113881289851616 0.0115810084665216 0.0104979496985136 0.0127847455251763
-9999 -9999 -9999 0.0165896208403137 0.0368081132242304 0.0357143608316796 0.0117205558832468 0.0122541642900027 0.0129776000114418 0.0105923899130825 0.0105888541118754 0.0104766571064938 0.0105890505764016 0.010592206423352 0.0161747910111648 0.014414313735534 0.0112969080858424 0.0162047730997185 0.0126475610216657 0.0125196125700628 0.010585673196371 0.0105946778336862 0.010613237886753 0.0105923899130825 0.0128096370216175 0.0105937323782911 0.00977731716144046 -9999 -9999 -9999 -9999 -9999 -9999 -9999 -9999 -9999 -9999 -9999 -9999 -9999 -9999 -9999 -9999 -9999 -9999 -9999 0.0115789982747274 0.0146738296396244
-9999 -9999 -9999 -9999 0.0303310788921972 0.0159618227765772 0.0127624108128063 0.0194611279931477 0.0105685453287841 0.0105779373330928 0.0105685453287841 0.0105923899130825 0.0167493315582359 0.0164012092077018 0.0204478153858956 0.0164521559942813 0.0167518924370455 0.0163853376995188 0.0166337448837023 0.0114340302912239 0.0119698053793166 0.0106159431596262 0.0162455673793555 0.0124353890707855 0.011753089819922 -9999 -9999 -9999 -9999 -9999 -9999 -9999 -9999 -9999 -9999 -9999 -9999 -9999 -9999 -9999 -9999 -9999 -9999 -9999 -9999 -9999 -9999 -9999
-9999 -9999 -9999 -9999 0.0370699668564193 0.0159337510516769 0.0189943276724992 0.0161914537164854 0.0163489029789401 0.0187349380287749 0.0113090577569587 0.0106437350232695 0.0182142066916424 0.0200431230360609 0.0192331447779701 0.0165760854271465 0.0128280059423999 0.0168919546099544 0.0105685453287841 0.0161435120293445 0.016136185520114 0.0161415780121679 0.0111508946239878 -9999 -9999 -9999 -9999 -9999 -9999 -9999 -9999 -9999 -9999 -9999 -9999 -9999 -9999 0.0111592279110811 0.0105525922425963 0.0111767014092818 -9999 -9999 -9999 -9999 -9999 -9999 -9999 -9999
-9999 -9999 -9999 0.0112079181241247 0.0151982874697886 0.0451881707505548 0.0268714110434102 0.0225796595861985 0.0546989984472981 0.0328868571663916 0.0488354921996086 0.0173105521428784 0.0167317225576251 0.0109839340086358 0.0187670151594726 0.0105685453287841 0.0170073744235316 0.0140659926680868 0.0161415780121679 0.0153567113940829 0.0126108114120292 0.0118735891784273 -9999 -9999 -9999 -9999 -9999 -9999 -9999 -9999 -9999 -9999 -9999 -9999 -9999 -9999 -9999 -9999 0.0106149246764299 0.0106107766255211 -9999 -9999 -9999 -9999 -9999 -9999 -9999 -9999
