BRT_projection_files/BRT_CCV/B_hypnorum_2_projection.asc
NCOLS 79 
NROWS 71 
XLLCORNER -10.5 
YLLCORNER 36 
CELLSIZE 0.5 
NODATA_value -9999 
[rows 44 to 65 of 71, columns 0 to 48 of 79]
-9999 -9999 -9999 -9999 -9999 -9999 -9999 -9999 -9999 -9999 -9999 -9999 -9999 -9999 -9999 -9999 -9999 -9999 0.471169806817645 0.378228043318664 0.497747675448564 0.458911788876934 0.420830878625867 0.543090759458236 0.473938820802921 0.499359121025594 0.419090038598663 0.426488730606776 0.621257007122913 0.526702445857599 0.423306390752539 0.424867897313306 0.562836920929855 0.752891200875267 0.877511941838467 0.854105490798766 0.804171141849937 0.642280100586621 0.884020365883832 0.784713128821096 0.728038203953025 0.678312670505078 0.782937124993596 0.869747650237264 0.508993942486254 0.739661638769094 0.511345733272744 0.680224739244959 0.509021857968031
-9999 -9999 -9999 -9999 -9999 -9999 -9999 -9999 -9999 -9999 -9999 -9999 -9999 -9999 0.374608518224191 -9999 -9999 -9999 0.520112112804503 0.696396481881403 0.710021606951846 0.63072078197005 0.626923793805398 0.236842082736496 0.493011649043894 0.417617294177161 0.412036834794327 0.240297420463369 0.311732635908696 0.335813342645705 0.415434745883906 0.39708236464269 0.51005818259118 0.795454299544126 0.650246944260256 0.619174784412594 0.59425345532882 0.737037564225724 0.879063112856221 0.908215952414598 0.767273877999897 0.719845642191426 0.700589160922593 0.791022581177315 0.691849451567771 0.783166744626839 0.725320909398435 0.584331091193106 0.618730093868553
-9999 -9999 -9999 -9999 -9999 -9999 -9999 -9999 -9999 -9999 -9999 -9999 0.424708548116609 0.501921425329554 0.293471885670607 0.510027976917087 0.513143526546612 0.633675659274699 0.54400209582563 0.505938263370266 0.518704351413931 0.498976699206861 0.54523877254375 0.263479912992705 0.200190572099406 0.338085105803645 0.287741321197469 0.349170686884722 0.350603752166964 0.372317470487925 0.337862289245539 0.387281220199733 0.487603472314851 0.557416487266628 0.536166225270699 0.654365810671637 0.607598884318146 0.44356535639085 0.719365520192782 0.751376530693372 0.715305841052272 0.797871585091023 0.860299286311775 0.886221305517614 0.865634496676793 0.672173071598759 0.686576064392177 0.720412589702142 0.603077356889921
-9999 -9999 -9999 -9999 -9999 -9999 -9999 -9999 -9999 -9999 -9999 -9999 -9999 -9999 0.24232871495375 0.391853822094714 0.522100895424582 0.539848032580887 0.508813706180386 0.514177140607708 0.496632363262603 0.452294621048079 0.413388948099046 0.339508754774556 0.370247968180441 0.255806957544258 0.40766587073879 0.321929004154783 0.336725122377911 0.482166545389508 0.389132257487829 0.437471256482979 0.400964842823317 0.478149798923896 0.63827082301522 0.744711970681454 0.837066992126702 0.470150812919309 0.744020236297207 0.735535152149548 0.690470626849998 0.65565658473932 0.501377142389778 0.477317645487557 0.716228978088901 0.820436492149554 0.780707886327671 0.833094201614997 0.734396589899505
-9999 -9999 -9999 -9999 -9999 -9999 -9999 -9999 -9999 -9999 -9999 -9999 -9999 -9999 -9999 -9999 -9999 0.511817099483836 0.501261338715269 0.504798942973488 0.409539288403157 0.215072668299968 0.40482263444479 0.27189669863977 0.199947418352738 0.194816302308821 0.393412502545902 0.259086079793256 0.305555581869551 0.411696536578837 0.58554536094282 0.346207735997953 0.389034017613749 0.39290145838275 0.601896896005377 0.750935311803222 0.805343034927631 0.862553269784314 0.865554700180159 0.679886909865667 0.839620985336342 0.453901578468052 0.647046315432664 0.713107771637379 0.718047450852508 0.612162216553295 0.671822955054388 0.629957184211093 0.562468171317915
-9999 -9999 -9999 -9999 -9999 -9999 -9999 -9999 -9999 -9999 -9999 -9999 -9999 -9999 -9999 -9999 -9999 0.337669052813408 0.246900101801884 0.401162411025248 0.48520031408493 0.279696088843265 0.328843166523284 0.15892266539436 0.500990342802868 0.203953651999041 0.273667461891343 0.389147177804374 0.259713750270677 0.548034618092008 0.379775563130053 0.349652247412203 0.53908353660948 0.734540722191867 0.750869030938422 0.812336780541782 0.816694339991102 0.726088975176337 0.48201729511191 0.389231210694732 0.301834519073363 0.590868861423339 0.572229689493782 0.607263653565594 0.655807412074031 0.586620480895546 0.649508687644221 0.675059557922367 0.590222856943505
-9999 -9999 -9999 -9999 -9999 -9999 -9999 -9999 -9999 -9999 -9999 -9999 -9999 -9999 -9999 -9999 -9999 -9999 -9999 0.181835702422057 0.222432159120655 0.186398179119795 0.363260320598144 0.293786034671339 0.372139805536482 0.421824965620424 0.6811390626624 0.501920903167704 0.411654822742858 0.614096445463746 0.492936109886564 0.325801391633966 0.59390104251107 0.844116309948044 0.616042003397648 0.605514692168025 0.622251552023648 0.707010066333483 0.735418874880896 0.742408844622331 0.68896071687771 0.617662000071687 0.590385240938513 0.736170802010514 0.59323807248325 0.643910979204499 0.500491323862491 0.757120012071153 0.829717612085412
-9999 -9999 -9999 -9999 -9999 -9999 -9999 -9999 -9999 -9999 -9999 -9999 -9999 -9999 -9999 -9999 -9999 -9999 -9999 0.289599110114393 0.165105271161149 0.324033695919073 0.301195250128234 0.335770451564743 0.474635082826675 0.440169472649755 0.344742855195641 0.641874572861104 0.466012488917276 0.725701280791486 0.515220152045722 0.34333498473555 0.486292629388085 0.557181050154182 0.594201592207831 0.610192364104593 0.63679458711731 0.569922285040488 0.365742627707868 0.377395653693861 0.842149828459551 0.632962071449961 0.553324080569583 0.517425977340236 0.848076859037256 0.403757257971966 0.209798987190875 -9999 0.333222555061026
-9999 -9999 -9999 -9999 -9999 -9999 -9999 -9999 -9999 -9999 -9999 -9999 -9999 -9999 -9999 -9999 -9999 -9999 -9999 0.161728700236393 0.223218903453193 0.189066792252746 0.203228401352361 0.171015117008823 0.216279420516671 0.389560356358823 0.346523064479064 0.482896244592967 0.451106739188749 0.602348024060268 0.319316594367806 0.310527126030679 0.600674550944819 0.600305955384027 0.639282027805505 0.648859649695984 0.336830025241731 0.148698320902393 0.184923170664884 0.349230062996275 0.171868240010475 0.167400543041652 0.274199229001914 0.204861423780152 0.267779926324365 -9999 -9999 -9999 0.130310412078703
-9999 -9999 -9999 -9999 -9999 -9999 -9999 -9999 -9999 -9999 -9999 -9999 -9999 -9999 -9999 -9999 -9999 -9999 -9999 0.218650661304741 0.227847376983852 0.223290837546046 0.158476670585611 0.14162620710072 0.17026790694777 0.472720032932069 0.42079847306287 0.310235725020235 0.297158612836836 0.543664126736349 0.16198860925894 0.404048161812236 0.686418617256612 0.710955118699999 0.634883664648544 0.593045040409091 0.21726460019314 0.216901940626038 0.281492098496423 0.541378209468535 0.27518261804761 0.340870781069594 0.380871811667961 0.219044732575053 0.161640657296885 0.120263534170859 -9999 -9999 -9999
-9999 -9999 -9999 -9999 -9999 -9999 -9999 -9999 -9999 -9999 -9999 -9999 -9999 -9999 -9999 -9999 -9999 -9999 0.131284370604266 0.0901581167813659 0.100062764735905 0.133977098720248 0.325462417985181 0.235660067434222 0.160453698256747 0.393068562779252 0.626556992929347 0.369161582915049 0.521502457108292 0.115482948221455 0.134309275129685 0.419089907692319 0.357129258375091 0.339416713266729 0.606710273072501 0.324064263014122 0.446798786556141 0.150638794243739 -9999 -9999 0.253079533992044 0.566959661227405 0.444237737733216 0.774477593327414 0.254115414866403 0.254470881864398 -9999 -9999 -9999
-9999 -9999 -9999 -9999 -9999 -9999 -9999 -9999 -9999 -9999 -9999 -9999 -9999 -9999 -9999 -9999 -9999 -9999 0.100911166176583 0.099727162038567 0.148474352726832 0.109145326952964 0.127021125814903 0.289574306421343 0.314367230871815 0.22265030664094 0.173446606199216 0.150003393317377 0.173837215747933 0.153612354856321 0.120477630177757 0.140574372166791 0.15433368637087 0.18326002602207 0.162722779188783 0.214373629594647 -9999 -9999 -9999 -9999 -9999 -9999 0.259836566154688 0.275217541989156 0.564295679445478 0.545745397951592 0.395243023398232 -9999 -9999
-9999 -9999 -9999 0.133714787046073 0.153135380633411 0.187985476132904 0.187545134920758 0.266879038655924 0.315318524679545 0.484048339228038 0.329606258856657 0.410437080591515 0.207948561980745 0.114231608446233 0.161825545491325 0.229753211235195 0.254404243326913 0.347848622110663 0.251855690536871 0.182193553942123 0.177772366402272 0.176189041074969 0.228380924367275 0.196209418709372 0.219187163014495 0.147148506467042 0.142116248036976 0.146009975837042 -9999 -9999 -9999 -9999 0.152000807613074 0.119537983893473 -9999 -9999 -9999 -9999 -9999 -9999 -9999 -9999 0.120858337960552 0.111462981232231 0.230037724927241 0.254667749690178 0.299854338861105 0.313577626223076 0.14355820776608
-9999 -9999 -9999 0.15130598385985 0.190407391185196 0.258664687364592 0.215064636464464 0.471901238114855 0.422820782629987 0.504436049481181 0.374445916586175 0.369658373628748 0.462039474016119 0.397892527244384 0.382841134003874 0.437386104940809 0.386011853817358 0.294634511402846 0.177045697873102 0.519310194250107 0.662561322115966 0.605518656251673 0.334604338705429 0.363571476519221 0.438129554560642 0.324430694235015 0.113790150219752 -9999 -9999 -9999 -9999 -9999 -9999 -9999 -9999 -9999 -9999 -9999 -9999 -9999 -9999 -9999 -9999 0.125839261712237 0.115961464957727 0.129831194956215 0.187624379448598 0.460312517263204 0.312496120663304
-9999 -9999 -9999 -9999 0.253266134712012 0.142999607687113 0.33241563248903 0.274179314272347 0.353134524439383 0.140523474425064 0.0894309787166748 0.0867810895499018 0.0576260466254873 0.323411412581117 0.31307029502416 0.315083507206871 0.326025843260518 0.117053582804728 0.0828078252506399 0.134520928117243 0.189754608316123 0.138900485301519 0.320809149522713 0.410470531088119 0.305856526792076 0.505985962500451 0.078770829742447 0.0715068904197913 -9999 -9999 -9999 -9999 -9999 -9999 -9999 -9999 -9999 -9999 -9999 -9999 -9999 -9999 -9999 -9999 0.136879102084759 0.173601904850111 0.177038715617096 0.428818181397079 0.562469625615947
-9999 -9999 -9999 0.13804415997636 0.303362489600565 0.294301822019559 0.180912584411641 0.145095772899808 0.106484458156247 0.121388230015999 0.0536927870411881 0.094798267269452 0.0669143238422488 0.12546887379662 0.165381965172937 0.126685059371482 0.13032004938535 0.0867075111266013 0.0775527782044851 0.120229561033926 0.0692859448281952 0.0766383810133723 0.128798493097696 0.129944045325905 0.178494843187223 0.178240842444039 0.103823105369181 -9999 -9999 -9999 -9999 -9999 -9999 -9999 -9999 -9999 -9999 -9999 -9999 -9999 -9999 -9999 -9999 -9999 -9999 -9999 0.218083085290962 0.136255659835758 0.105983461018657
-9999 -9999 -9999 -9999 0.205961186291097 0.173078062388104 0.0975748011961103 0.0837029427078854 0.118464257750448 0.0903496885818251 0.0671690994338687 0.111151181085485 0.0828758687912713 0.157363084663911 0.273618468899788 0.140624419348635 0.123199901443189 0.111256454195595 0.0871908648128046 0.0757580539622392 0.0714943284499208 0.0731027549993106 0.0636595427373967 0.0880265497928301 0.111551910827023 -9999 -9999 -9999 -9999 -9999 -9999 -9999 -9999 -9999 -9999 -9999 -9999 -9999 -9999 -9999 -9999 -9999 -9999 -9999 -9999 -9999 -9999 -9999 0.153311626544184
-9999 -9999 -9999 -9999 0.119876606374461 0.113825102812213 0.115431342941747 0.0889426540876339 0.110926689552959 0.203406763686822 0.149349140146935 0.215782762878449 0.503505486239305 0.462156330672341 0.137766784897188 0.101662149641511 0.111544109361316 0.280010266683952 0.220170558872951 0.165096406814904 0.0874645632558899 0.066595027200553 0.0856570512053444 -9999 -9999 -9999 -9999 -9999 -9999 -9999 -9999 -9999 -9999 -9999 -9999 -9999 -9999 0.0979047242041719 0.191003126445238 0.102226152699153 -9999 -9999 -9999 -9999 -9999 -9999 -9999 -9999 -9999
-9999 -9999 -9999 0.102698261454362 0.0972094212013326 0.102589100270644 0.098544301581981 0.0712446779909023 0.0756228427211323 0.147213087081161 0.155866577041127 0.140007931064491 0.105201125559667 0.119467048271466 0.104845538578791 0.072956631138569 0.109962750149335 0.225519588535371 0.1692677878306 0.212394395556972 0.0813215072104091 0.0694299732436397 -9999 -9999 -9999 -9999 -9999 -9999 -9999 -9999 -9999 -9999 -9999 -9999 -9999 -9999 -9999 -9999 0.160670219054305 0.133310654790506 -9999 -9999 -9999 -9999 -9999 -9999 -9999 -9999 -9999
-9999 -9999 -9999 0.108357945322614 0.0726997196787544 0.0702253923442897 0.0705876003257098 0.0737690345500616 0.0739051964303784 0.0732848704364108 0.077388643360029 0.0769267826199486 0.0949274228090369 0.0564495516469196 0.0491224335921723 0.0563413626122236 0.0744011825534777 0.0659657257841472 0.0666231789131188 0.0765682646047618 0.128509347830423 -9999 -9999 -9999 -9999 -9999 -9999 -9999 -9999 -9999 -9999 -9999 -9999 -9999 -9999 -9999 -9999 -9999 0.168219211987332 0.0953199708700781 -9999 -9999 -9999 -9999 -9999 -9999 -9999 -9999 -9999
-9999 -9999 0.122698516521481 0.135947747625925 0.0957072701885835 0.0689311278573026 0.0788921685638803 0.0624098738924222 0.111125183876373 0.0865280862420028 0.0774980023414106 0.0684028107137203 0.0666970374816012 0.0736774702715748 0.0600535368459383 0.0495167847622427 0.0491547016198234 0.0602077206815982 0.0586498173688456 0.0880421811556393 -9999 -9999 -9999 -9999 -9999 -9999 -9999 -9999 -9999 -9999 -9999 -9999 -9999 -9999 -9999 -9999 -9999 -9999 0.0667360527054857 0.0889020198691842 -9999 -9999 -9999 -9999 -9999 -9999 -9999 -9999 -9999
-9999 -9999 0.136949476040107 0.100320054350741 0.0735334808157948 0.106087130585036 0.0890032445561289 0.115787972551395 0.118498907516899 0.0962209507010708 0.0618890175158034 0.0702149489000526 0.076761193421164 0.0892280576490716 0.0871677238330475 0.0681379367916862 0.081187905350748 0.0890406859134752 0.0626559244445272 0.0798147190264333 0.0832067836181079 -9999 -9999 -9999 -9999 -9999 -9999 -9999 -9999 -9999 -9999 -9999 -9999 -9999 -9999 -9999 -9999 -9999 -9999 -9999 -9999 -9999 -9999 -9999 -9999 -9999 -9999 -9999 -9999
