BRT_projection_files/BRT_CCV/B_jonellus_2_projection.asc
NCOLS 79 
NROWS 71 
XLLCORNER -10.5 
YLLCORNER 36 
CELLSIZE 0.5 
NODATA_value -9999 
[rows 44 to 65 of 71, columns 0 to 47 of 79]
-9999 -9999 -9999 -9999 -9999 -9999 -9999 -9999 -9999 -9999 -9999 -9999 -9999 -9999 -9999 -9999 -9999 -9999 0.179662283752369 0.140104535645811 0.103752223415642 0.165766986233697 0.110637087583119 0.136562228646863 0.0750122455094418 0.0760958553272959 0.0775158207133267 0.0942707235245423 0.163364181339675 0.127869806085318 0.201813609128618 0.260794218268185 0.229422922181753 0.278844022795971 0.484127452898569 0.386340249470981 0.230373951052942 0.108072687409527 0.511314633423883 0.342374459085131 0.297153231430323 0.336690126805854 0.291850178853282 0.519700166510282 0.291863020578278 0.356427270552365 0.39485932734395 0.494184208193301
-9999 -9999 -9999 -9999 -9999 -9999 -9999 -9999 -9999 -9999 -9999 -9999 -9999 -9999 0.091140162716767 -9999 -9999 -9999 0.317176203902858 0.660875066256238 0.373195716880927 0.340739208731496 0.196490513411083 0.0642720448759142 0.0860951718878033 0.0902360644981074 0.0933164420687176 0.0801385114570169 0.0973026473902827 0.145876411632976 0.130483286383398 0.254863622858647 0.257148782046729 0.338885493041095 0.284981568385621 0.1956161980645 0.219177479848017 0.239726049880056 0.319082911080384 0.454320041116348 0.300007552302411 0.291936067782511 0.264489602314802 0.320224275540853 0.331153661250709 0.228954854014324 0.242937738016683 0.273652914026784
-9999 -9999 -9999 -9999 -9999 -9999 -9999 -9999 -9999 -9999 -9999 -9999 0.217017623385849 0.470727177157068 0.356006958324769 0.156329756653105 0.121390698696976 0.105861756311063 0.247440824637125 0.288281526389815 0.356978338144694 0.115093745608247 0.166845061895279 0.092529488999971 0.0601480050540256 0.0651216096524883 0.0780231056352261 0.0704259818034964 0.0799891696608176 0.0937915786508287 0.175857639268386 0.25296917512736 0.262004115718644 0.299010826393775 0.205334686938815 0.221560582723107 0.188733055092192 0.298228692707716 0.226684845218483 0.315399808130773 0.266427899134575 0.293214750871127 0.380726831302213 0.420289566252052 0.551367208608938 0.305937973537664 0.280419183455642 0.440836541447244
-9999 -9999 -9999 -9999 -9999 -9999 -9999 -9999 -9999 -9999 -9999 -9999 -9999 -9999 0.100448754493059 0.15047477506812 0.319304187790931 0.207801215809522 0.0887106648559482 0.0867905896370754 0.115372131703597 0.0971365832560992 0.0720263409303438 0.0672735509296131 0.0942853833185717 0.0843970469724418 0.0830368715239705 0.0868753834124622 0.0944491383733604 0.21557336343791 0.274467077398925 0.259828217137837 0.25100428495426 0.206019969283358 0.399635012695588 0.275654282896863 0.502343805071962 0.172539007449723 0.345569607221328 0.352959760849313 0.315121801130167 0.482012146475417 0.376364206095854 0.269130535685477 0.276801508942022 0.316807367923229 0.315950235452864 0.482502855039645
-9999 -9999 -9999 -9999 -9999 -9999 -9999 -9999 -9999 -9999 -9999 -9999 -9999 -9999 -9999 -9999 -9999 0.100001257795401 0.083780233921122 0.0747254751077333 0.0540152292018545 0.0593814560419224 0.0697748263635251 0.0834918882164989 0.0737316281662292 0.0840799142610911 0.10518021929871 0.126697033781067 0.216848707958027 0.291688178769974 0.264700656714226 0.11326616283708 0.182559762687501 0.17198913679001 0.194304508766098 0.39444963773987 0.482779459470385 0.707332982770642 0.757061508912587 0.723566461949722 0.657293973303895 0.815051030576603 0.496518593982686 0.627144193259009 0.718607423910455 0.691557380365931 0.741318375497969 0.587173210959568
-9999 -9999 -9999 -9999 -9999 -9999 -9999 -9999 -9999 -9999 -9999 -9999 -9999 -9999 -9999 -9999 -9999 0.0675761129324595 0.0778459302296349 0.10752272651538 0.107010218474693 0.0749762303589993 0.0690174684782705 0.0895173028086082 0.0766550150222531 0.103429502895664 0.108661154095682 0.097124496667768 0.134990353968588 0.267279827521303 0.130094386967654 0.107488740407191 0.215722131025723 0.31984612582053 0.575341696764183 0.697937508178644 0.658299288054149 0.680928680323689 0.762946159133695 0.759215758162702 0.781764867232151 0.751337135007178 0.607551429095968 0.400007684981088 0.457116773339129 0.389129989778727 0.418882504182939 0.25075192328096
-9999 -9999 -9999 -9999 -9999 -9999 -9999 -9999 -9999 -9999 -9999 -9999 -9999 -9999 -9999 -9999 -9999 -9999 -9999 0.0688666299380494 0.0683727491910248 0.0748079431990429 0.0889192922191454 0.130718524005673 0.236284116827289 0.572580390565268 0.438714569230269 0.167107912178875 0.292026548262733 0.297028783787632 0.158252291560386 0.119756398145389 0.230600039818748 0.517886621408508 0.361066755477432 0.283802758310656 0.531793439707022 0.508126826039803 0.389916257730592 0.447397901294501 0.668929665114789 0.428784938309768 0.426038122903205 0.314278247240711 0.345736960478817 0.329061280568792 0.17522082490328 0.467486539988248
-9999 -9999 -9999 -9999 -9999 -9999 -9999 -9999 -9999 -9999 -9999 -9999 -9999 -9999 -9999 -9999 -9999 -9999 -9999 0.068450679995642 0.0684205656159177 0.0863649705315702 0.0902136642630593 0.122324924165432 0.205756000638531 0.19691492663627 0.256580021963938 0.249820049480128 0.197954235752846 0.416178128545017 0.212955129848994 0.0896963972521059 0.179014407789542 0.338671989506811 0.39627733582526 0.455769426239018 0.614471273970409 0.1994723974876 0.105288208446423 0.109191397522838 0.50845221176531 0.292513082365706 0.27305874039266 0.229759642265771 0.41588246742524 0.0789580873934128 0.0690418948266222 -9999
-9999 -9999 -9999 -9999 -9999 -9999 -9999 -9999 -9999 -9999 -9999 -9999 -9999 -9999 -9999 -9999 -9999 -9999 -9999 0.0791956226605285 0.0819720001106751 0.0795377527951567 0.0791272356441131 0.0641989041166864 0.0604874470793022 0.202409805215927 0.26069648843632 0.338221535298248 0.194030296910937 0.176456237947129 0.0698860746180433 0.110351554864801 0.2047597489981 0.247041795501074 0.462894260522343 0.307800828942908 0.128459134474717 0.0669174241300751 0.0644484446578297 0.0830015352640007 0.0670014051033474 0.065307115960164 0.0771385539780197 0.0670894749497291 0.0765888243537653 -9999 -9999 -9999
-9999 -9999 -9999 -9999 -9999 -9999 -9999 -9999 -9999 -9999 -9999 -9999 -9999 -9999 -9999 -9999 -9999 -9999 -9999 0.077237099947031 0.0944647713906467 0.084488691881265 0.0798063684244379 0.0754565629498002 0.0915102352099453 0.225112200563785 0.306013010208045 0.242972911473178 0.246977849364845 0.203583380344268 0.052545525640297 0.178996789870555 0.38100935604433 0.435768830767107 0.412060141923741 0.341289136459043 0.068524356678972 0.0739659242179631 0.0705382211254384 0.177418039588184 0.0909020541714437 0.0674787046355003 0.0802556661979722 0.0591692238961401 0.051055283875762 0.0590654588937771 -9999 -9999
-9999 -9999 -9999 -9999 -9999 -9999 -9999 -9999 -9999 -9999 -9999 -9999 -9999 -9999 -9999 -9999 -9999 -9999 0.13476457588017 0.0582757215409202 0.072359172674657 0.0780660766568846 0.0655971722026412 0.0858692965644409 0.0956505257982513 0.145586344534095 0.569336065483219 0.318295804468521 0.278236584906092 0.0453984851957035 0.0705076232055497 0.211941578652569 0.236980760891807 0.339774667688279 0.40774602404264 0.359067096016787 0.183831097509692 0.0856586379027052 -9999 -9999 0.141951495167714 0.240143776193737 0.181779674325168 0.24071784140509 0.0777943611430396 0.062791179328235 -9999 -9999
-9999 -9999 -9999 -9999 -9999 -9999 -9999 -9999 -9999 -9999 -9999 -9999 -9999 -9999 -9999 -9999 -9999 -9999 0.0619922407539175 0.0681389663545254 0.0772466850515288 0.0980664510762905 0.0551974827307432 0.0833291018183471 0.0646766021812407 0.0782194059269052 0.0746403856619331 0.0627377033395824 0.0685094577476976 0.082392565003452 0.0647743988927772 0.0613115858454169 0.046980592174299 0.0531806536195389 0.066827773863597 0.17178080188622 -9999 -9999 -9999 -9999 -9999 -9999 0.0808670960799991 0.103598879979286 0.170891556178406 0.33795508841922 0.071730006554296 -9999
-9999 -9999 -9999 0.0880334089729211 0.0563453346834528 0.0579001347027736 0.0661417649776005 0.155419493271885 0.456424432599323 0.298090783586259 0.450879486464709 0.558702284897074 0.14083918413081 0.114838003715065 0.0716550678514058 0.139696275741965 0.122731365696715 0.0890414799378667 0.0873751228842373 0.0789551646530597 0.101848609840911 0.0757250131190872 0.0818005458184739 0.0805761171060774 0.0852680477353301 0.0760966318541874 0.077506216649852 0.0616370260671947 -9999 -9999 -9999 -9999 0.0971298404196057 0.0714123827808122 -9999 -9999 -9999 -9999 -9999 -9999 -9999 -9999 0.0883141940855629 0.0745785814453023 0.0768255346956135 0.0748687113149659 0.123346025020782 0.0520348346000982
-9999 -9999 -9999 0.0573940265537654 0.0478565322336599 0.0708118668865141 0.0636918484777852 0.267972393670018 0.315200861519448 0.264390513615653 0.282343117289127 0.342112394449189 0.307604914611535 0.354545613275004 0.227839257681555 0.124473114627955 0.319017215623892 0.0783597337346404 0.084177776609832 0.283568693699703 0.476403539670019 0.38304666697598 0.40575935296304 0.320696279802067 0.192288116423564 0.094288162868426 0.062339179190616 -9999 -9999 -9999 -9999 -9999 -9999 -9999 -9999 -9999 -9999 -9999 -9999 -9999 -9999 -9999 -9999 0.0690933771435176 0.0785793161502219 0.0728211095763996 0.0824634539885399 0.167795325658506
-9999 -9999 -9999 -9999 0.0601583297285544 0.045348807427766 0.318849918971633 0.285604117639202 0.193107782096212 0.0510945883796627 0.108179924600321 0.0504305344499365 0.0530645038451531 0.0564209209617898 0.275953471116668 0.269171582021838 0.0651002108302106 0.0569991248257744 0.0729352399730737 0.0533786746789517 0.0575886455264371 0.0650301293533469 0.250066437124421 0.18787709974333 0.157868366026525 0.346101701705253 0.0652608779564372 0.0528427992213109 -9999 -9999 -9999 -9999 -9999 -9999 -9999 -9999 -9999 -9999 -9999 -9999 -9999 -9999 -9999 -9999 0.0769581056125039 0.0869753890547079 0.0794873338806553 0.178641908590444
-9999 -9999 -9999 0.0833993725564188 0.0536997577922144 0.0867685719557492 0.0593697964980242 0.0551226780452258 0.0509456993460704 0.0964735550197204 0.0470847429346972 0.0486817173351691 0.0560421379573497 0.0616463021587459 0.0567481567790864 0.0670401070428531 0.0800896904946947 0.0488313237580256 0.0439604734503684 0.0530621045567355 0.0491539958085162 0.0557579599129437 0.0534901098834064 0.127074480951969 0.0502820935497431 0.0841054821249798 0.083575006253246 -9999 -9999 -9999 -9999 -9999 -9999 -9999 -9999 -9999 -9999 -9999 -9999 -9999 -9999 -9999 -9999 -9999 -9999 -9999 0.12241958788086 0.0677740165951784
-9999 -9999 -9999 -9999 0.0799716364588068 0.0466421279995774 0.051328881611167 0.0503949595888529 0.170904532616307 0.12875233170765 0.0496021875962003 0.047165686272052 0.0494833693899484 0.0783015175200559 0.159892689910604 0.0569914525555469 0.148786130871236 0.0731944846217018 0.0493093126899715 0.0497433283085425 0.052208538002853 0.0508158538955433 0.0487233893582715 0.0514205768228203 0.0798848450603438 -9999 -9999 -9999 -9999 -9999 -9999 -9999 -9999 -9999 -9999 -9999 -9999 -9999 -9999 -9999 -9999 -9999 -9999 -9999 -9999 -9999 -9999 -9999
-9999 -9999 -9999 -9999 0.0911887669162897 0.0485923804948916 0.0641964530069581 0.11364109423575 0.161950547538075 0.113037628916072 0.12765807547044 0.125560690860253 0.176782038709001 0.0906498755588275 0.0536729774107391 0.0493757069029399 0.0791776072849085 0.158539905201974 0.251083381733474 0.116352575107045 0.0495883566025193 0.0493656267570602 0.0551427379144879 -9999 -9999 -9999 -9999 -9999 -9999 -9999 -9999 -9999 -9999 -9999 -9999 -9999 -9999 0.0573568200145833 0.0854590596819295 0.078848234732192 -9999 -9999 -9999 -9999 -9999 -9999 -9999 -9999
-9999 -9999 -9999 0.0689724542505502 0.0493195546988896 0.0725346039199014 0.067264231266146 0.0759331338886802 0.0728390286113879 0.172189715545846 0.0959732461624359 0.0709286990439761 0.0519551406930701 0.0831812222569585 0.0523895895306344 0.0543582932605442 0.0496954008606733 0.185766506980291 0.119162888086622 0.171688333988436 0.05157070119709 0.0495928367045626 -9999 -9999 -9999 -9999 -9999 -9999 -9999 -9999 -9999 -9999 -9999 -9999 -9999 -9999 -9999 -9999 0.0965510194654549 0.0778924764433976 -9999 -9999 -9999 -9999 -9999 -9999 -9999 -9999
-9999 -9999 -9999 0.07654887281406 0.0696220999655218 0.0709552365057861 0.0508758046343943 0.131327013059445 0.0631098096402508 0.0713665816372645 0.0688422748172731 0.0502117839924147 0.0483299591920222 0.0472433938666279 0.0467941151163411 0.110067984630427 0.0496736224036378 0.0494958263873867 0.0495802182301972 0.0510254135394314 0.0726425051399666 -9999 -9999 -9999 -9999 -9999 -9999 -9999 -9999 -9999 -9999 -9999 -9999 -9999 -9999 -9999 -9999 -9999 0.0789676479358216 0.0634241828872971 -9999 -9999 -9999 -9999 -9999 -9999 -9999 -9999
-9999 -9999 0.0715883984789487 0.0556461958344477 0.0521196397612232 0.112091862846555 0.114933061368171 0.0494606875404205 0.11000307793164 0.133777523931502 0.116273688563544 0.0520963250678085 0.0516634242718189 0.0454314790209019 0.0500614887844728 0.0543829423710526 0.0518189414099034 0.0467996307424215 0.0499491973658145 0.0519430560261675 -9999 -9999 -9999 -9999 -9999 -9999 -9999 -9999 -9999 -9999 -9999 -9999 -9999 -9999 -9999 -9999 -9999 -9999 0.0547191074796162 0.0615267388166743 -9999 -9999 -9999 -9999 -9999 -9999 -9999 -9999
-9999 -9999 0.0825726148731498 0.0531812624356309 0.111242482407025 0.118145619112552 0.126863615910345 0.126316816699937 0.0571410853470108 0.125476170988574 0.173520941829288 0.0517785281489201 0.126556224209874 0.133402027362238 0.124217063850592 0.14908906282798 0.0516260511515577 0.0475673691686543 0.0478711514936491 0.0450203904919729 0.0501891064347339 -9999 -9999 -9999 -9999 -9999 -9999 -9999 -9999 -9999 -9999 -9999 -9999 -9999 -9999 -9999 -9999 -9999 -9999 -9999 -9999 -9999 -9999 -9999 -9999 -9999 -9999 -9999
