BRT_projection_files/BRT_CCV/B_jonellus_1_projection.asc
NCOLS 79 
NROWS 71 
XLLCORNER -10.5 
YLLCORNER 36 
CELLSIZE 0.5 
NODATA_value -9999 
[rows 44 to 65 of 71, columns 0 to 47 of 79]
-9999 -9999 -9999 -9999 -9999 -9999 -9999 -9999 -9999 -9999 -9999 -9999 -9999 -9999 -9999 -9999 -9999 -9999 0.0690031041370226 0.0993782968006689 0.0874540593288841 0.115804090373071 0.0866115000005246 0.186069917412904 0.0542787125095959 0.0667291055199365 0.0573937332352701 0.0860077205330992 0.198725692544911 0.130620233312802 0.214753168173887 0.288807689556106 0.287712008793496 0.65463387755227 0.532901999080187 0.554990094519673 0.361332816249742 0.513174664114473 0.477371768598815 0.533425622221355 0.332507080820847 0.351108984315063 0.224251914247444 0.483804246317559 0.330846082842237 0.389935579610234 0.405365080010701 0.393912045919766
-9999 -9999 -9999 -9999 -9999 -9999 -9999 -9999 -9999 -9999 -9999 -9999 -9999 -9999 0.0628573445020243 -9999 -9999 -9999 0.152107157334785 0.38625175008171 0.293392721827899 0.232433422193267 0.220914857184836 0.075930473492704 0.0624495760803913 0.0847470392596646 0.0942608005435459 0.0542559267001736 0.0852917264044734 0.0856249246071462 0.0827661039124501 0.297883930931309 0.287058263818304 0.552532479145344 0.299230215463458 0.308741006984634 0.472046878467801 0.598897878440982 0.616894074287998 0.554342616693468 0.548118320935188 0.371236758793789 0.167022300328259 0.194200476563775 0.163346231976993 0.21602221950114 0.28411954763077 0.381392665951819
-9999 -9999 -9999 -9999 -9999 -9999 -9999 -9999 -9999 -9999 -9999 -9999 0.0591497250756522 0.0897927693430771 0.0903772199295078 0.102866525377365 0.0569128739353908 0.0650959228157226 0.0537617659308936 0.0855132436994168 0.1269475605712 0.09015040096983 0.126104465092712 0.0850503429713985 0.0770379018919667 0.0539806710137945 0.0537775478241351 0.0541198655491958 0.0538285146930173 0.0806599693373235 0.0936979424573894 0.248755766236852 0.295570837866105 0.345768590570122 0.325453888582408 0.36739777370279 0.585700047695493 0.53719882801031 0.565578644226352 0.298612195161793 0.440460351814494 0.507718053412333 0.640276701668148 0.599822381165935 0.640257414051 0.283757540745687 0.338252173926819 0.355918329491732
-9999 -9999 -9999 -9999 -9999 -9999 -9999 -9999 -9999 -9999 -9999 -9999 -9999 -9999 0.0631332397118197 0.0562341093347848 0.0550028238474327 0.0548340599709982 0.0541817378347793 0.0557070658955188 0.0555773506659427 0.0629704617481012 0.0544504323892357 0.0539132913785866 0.056382317391999 0.0542172844991877 0.054199491827828 0.0543656909777053 0.080843349110076 0.193501007357381 0.209688630725268 0.290604754456411 0.225759956061716 0.426866516132695 0.561037340321459 0.375600757494822 0.553482833237781 0.510004791543796 0.521825229834888 0.415997829141158 0.664090004999161 0.660106203068519 0.616965460698846 0.535220927266844 0.614450897803179 0.66901859949194 0.629557554689803 0.623215317724878
-9999 -9999 -9999 -9999 -9999 -9999 -9999 -9999 -9999 -9999 -9999 -9999 -9999 -9999 -9999 -9999 -9999 0.0717802057772098 0.057706503433552 0.0588683068022829 0.0543760336528574 0.0544409061658221 0.0614182356806731 0.0544223658370788 0.0534438306507579 0.0559729593852324 0.0549150339394791 0.0875133913686703 0.0999095997734229 0.285709372611172 0.161113939027523 0.0820057349296015 0.191405151123796 0.424678466063058 0.497479417377243 0.351879019742998 0.494942442895168 0.487983718746228 0.613681528498428 0.444865847869701 0.655965291025151 0.679247693658109 0.614109691229518 0.649437292672705 0.61233595355432 0.624786731564982 0.666728526891258 0.667199549214839
-9999 -9999 -9999 -9999 -9999 -9999 -9999 -9999 -9999 -9999 -9999 -9999 -9999 -9999 -9999 -9999 -9999 0.0529028661498854 0.0540460390507781 0.0548037700531043 0.0553601589591272 0.054936568898648 0.0554324223278385 0.0547272974756885 0.0553472781377174 0.0549522004271774 0.0584505907104909 0.0611310797388129 0.110091223083781 0.318974871195844 0.106876910982764 0.0676536393795752 0.466082725041706 0.565184643776508 0.308182995389317 0.393431721781047 0.680116417890292 0.656036231519296 0.665799555758555 0.66140734083409 0.639871683618182 0.653114033314882 0.637477949366986 0.609173791645101 0.583127619250198 0.634371798106015 0.669003309801224 0.613950629408682
-9999 -9999 -9999 -9999 -9999 -9999 -9999 -9999 -9999 -9999 -9999 -9999 -9999 -9999 -9999 -9999 -9999 -9999 -9999 0.0535960590720175 0.052028051761748 0.055387306075747 0.0539329812017339 0.0969080232555558 0.202489596317059 0.320989252473815 0.373243974519086 0.148910039971621 0.250216536876939 0.309647706126417 0.108105183165589 0.104850887005646 0.504538719793287 0.56296431950278 0.562659469384534 0.637019431928259 0.626537172255175 0.672433567414888 0.590140986541973 0.631386138344224 0.646221334123636 0.63561681076729 0.60833150856673 0.599951508021629 0.585947584782736 0.59752363471061 0.467697269982253 0.366929836731188
-9999 -9999 -9999 -9999 -9999 -9999 -9999 -9999 -9999 -9999 -9999 -9999 -9999 -9999 -9999 -9999 -9999 -9999 -9999 0.0543715640966341 0.0537466283898457 0.053796281355204 0.0614489725204548 0.0815196239089626 0.476984981609146 0.311972779814566 0.371881818091183 0.459896181347921 0.321768562512904 0.47705243560171 0.216429148797445 0.0604352878352498 0.459279422369298 0.477834219202171 0.610523821749096 0.615017739099491 0.579559788361406 0.533526426629559 0.129544946693144 0.124797182234143 0.629175842219247 0.692814421647492 0.488511742503573 0.654019986180001 0.499745684110191 0.0987032603420996 0.0975520160324689 -9999
-9999 -9999 -9999 -9999 -9999 -9999 -9999 -9999 -9999 -9999 -9999 -9999 -9999 -9999 -9999 -9999 -9999 -9999 -9999 0.0657241873619199 0.0562313401684702 0.0591066673881286 0.0503188333252691 0.0623879256669543 0.0668777846035255 0.445656230511979 0.49262249080104 0.265456390594181 0.405022273648207 0.492012679349071 0.143564614935676 0.0966078154405965 0.545536382320889 0.554302704081437 0.556027259696455 0.526100830752702 0.0953294270451927 0.0621683690119123 0.0946482154746095 0.099090501430092 0.102164619838778 0.100672808638279 0.0967256707687181 0.0967354502658942 0.0960345988448718 -9999 -9999 -9999
-9999 -9999 -9999 -9999 -9999 -9999 -9999 -9999 -9999 -9999 -9999 -9999 -9999 -9999 -9999 -9999 -9999 -9999 -9999 0.0770458921008508 0.0705565719174534 0.0577249938394621 0.0572673537712981 0.0504393385961543 0.0724995259325204 0.315647149259308 0.452116246652759 0.46760877858459 0.469091512258287 0.450130635386985 0.0669554250190555 0.452118663703987 0.588166309582881 0.532009062302005 0.527933519707583 0.444637273694852 0.0894749220366996 0.0539476434323088 0.0596032808333261 0.3203089162603 0.0945983027517864 0.0790017899396192 0.0990401876305594 0.100994686968718 0.0697916656979584 0.06005578765455 -9999 -9999
-9999 -9999 -9999 -9999 -9999 -9999 -9999 -9999 -9999 -9999 -9999 -9999 -9999 -9999 -9999 -9999 -9999 -9999 0.0619853459694609 0.0558438348900783 0.0530373550178332 0.0584465713013542 0.0540475289559871 0.0538263785011962 0.0672266059263094 0.0530466642416893 0.2352308907889 0.425951515231839 0.51307169651433 0.0598213571042119 0.0567855246092463 0.308243800625389 0.399878053131898 0.445061396267305 0.538181877143008 0.439707436766797 0.286622936057809 0.0622899278324291 -9999 -9999 0.0784377498725155 0.357028585518303 0.303104919893581 0.295442962017669 0.0659334760256796 0.100182133890163 -9999 -9999
-9999 -9999 -9999 -9999 -9999 -9999 -9999 -9999 -9999 -9999 -9999 -9999 -9999 -9999 -9999 -9999 -9999 -9999 0.0630850348960776 0.0548079624936716 0.0519463175798131 0.0543548833960262 0.0547264510867007 0.0846272060445605 0.0553366650977389 0.0522064084239645 0.0678481893874739 0.0635111695638275 0.0688269673978097 0.0619369795895412 0.0686955086015767 0.0680627681190595 0.0563218171363762 0.067372350170742 0.0674303702411366 0.0924615443577516 -9999 -9999 -9999 -9999 -9999 -9999 0.0795468149108493 0.0967757808207538 0.295347629647899 0.266500628314301 0.0684709828723159 -9999
-9999 -9999 -9999 0.0703023023983232 0.090001395732816 0.154902115692744 0.137687734454083 0.25236332305012 0.377043561101231 0.626941350586133 0.472219806725242 0.440229809226287 0.0673866775561604 0.0565058357032927 0.0562139326435019 0.0905483637812796 0.0703230058865393 0.0747253260744695 0.0714833848149663 0.0678315877510386 0.0563903090899424 0.0533028969728151 0.0561404159646417 0.058484345341679 0.0526227581221434 0.0513720739534863 0.0519046834385597 0.0619345408919259 -9999 -9999 -9999 -9999 0.0633408609351457 0.0567151968933712 -9999 -9999 -9999 -9999 -9999 -9999 -9999 -9999 0.0515600124227523 0.0540455206462875 0.0581489086268315 0.0535378359916625 0.0809737953711546 0.063343776238517
-9999 -9999 -9999 0.0712307151677161 0.0591898657495035 0.0710322196607158 0.127654198089571 0.374818750107008 0.472274908090867 0.401630425072537 0.392232684328926 0.307774682704122 0.273286737880997 0.28892299381775 0.280662733844646 0.311448310371678 0.434105819872485 0.0536519348057019 0.328942317058144 0.515503711728935 0.542204995515536 0.482180452719518 0.483367383721161 0.356715641177114 0.361523224291369 0.162728154227424 0.0548788439663582 -9999 -9999 -9999 -9999 -9999 -9999 -9999 -9999 -9999 -9999 -9999 -9999 -9999 -9999 -9999 -9999 0.0576769448968666 0.0520238191058244 0.0567713080433557 0.0564370818322356 0.290122374538434
-9999 -9999 -9999 -9999 0.0611112406597033 0.0641006756966331 0.371583695484441 0.440303707987436 0.392596537320006 0.0473849114901679 0.0458204410037029 0.0476245029926157 0.0452310756532874 0.0629245194733038 0.288683536890142 0.278695237532758 0.147887892535499 0.0457086743357748 0.0488106623462323 0.055189015757872 0.176372304457308 0.0569627839659024 0.370098876130994 0.419990576149509 0.382758030192671 0.325484213646662 0.0507151624509547 0.0528763354783664 -9999 -9999 -9999 -9999 -9999 -9999 -9999 -9999 -9999 -9999 -9999 -9999 -9999 -9999 -9999 -9999 0.0536855538282155 0.0667800666544709 0.0598819692676945 0.404762243132953
-9999 -9999 -9999 0.0764555778895033 0.0771806900709622 0.143743644376029 0.0616810782124091 0.0565529774048114 0.0505901740362577 0.045818426870462 0.047558133770121 0.0504974113957692 0.0463058604735549 0.0626240412057742 0.0712552041033895 0.142857965321099 0.109647149542298 0.0674001685833701 0.0476162513948488 0.0626847314404605 0.045027908244522 0.0461409134849277 0.0464174194282556 0.0456482164236721 0.0582862454607876 0.0954876724693323 0.0639472429288818 -9999 -9999 -9999 -9999 -9999 -9999 -9999 -9999 -9999 -9999 -9999 -9999 -9999 -9999 -9999 -9999 -9999 -9999 -9999 0.098327009572902 0.0617306859650418
-9999 -9999 -9999 -9999 0.0924379703999038 0.064448572017365 0.0517726505938305 0.0518752079251603 0.0527071188581118 0.0455418523883165 0.0445453893225146 0.0448317441046109 0.0448699848773326 0.115617836509445 0.161367183552747 0.0705417612047809 0.141150408748725 0.138628450007776 0.0698758397937422 0.0476190459765075 0.0504750649201402 0.0485755595318175 0.0484289971474039 0.0499924168347152 0.0736038546566084 -9999 -9999 -9999 -9999 -9999 -9999 -9999 -9999 -9999 -9999 -9999 -9999 -9999 -9999 -9999 -9999 -9999 -9999 -9999 -9999 -9999 -9999 -9999
-9999 -9999 -9999 -9999 0.0632342991214085 0.0654944035422714 0.0573339867636375 0.0488775549120976 0.0536539695415812 0.0495764864915297 0.0660483640241094 0.0701313099161481 0.129033019038184 0.145973332459418 0.04586328591334 0.0467262268749744 0.358495233612275 0.14560723652227 0.123246897411273 0.142528964599517 0.0498837465564028 0.0476963593862574 0.0506455712494105 -9999 -9999 -9999 -9999 -9999 -9999 -9999 -9999 -9999 -9999 -9999 -9999 -9999 -9999 0.0609345226812343 0.0534853420183028 0.0511270658660792 -9999 -9999 -9999 -9999 -9999 -9999 -9999 -9999
-9999 -9999 -9999 0.0655069303296634 0.0692073381068919 0.0672084581182858 0.0531474577286944 0.0532321611259607 0.0537232490335843 0.104344267775928 0.116153989662144 0.0580186298675179 0.045322042500379 0.0767035500972947 0.0499919844503145 0.0457178327989449 0.048161236847789 0.191983172934394 0.135796665675609 0.177386142271769 0.0507329566766097 0.0493991369719531 -9999 -9999 -9999 -9999 -9999 -9999 -9999 -9999 -9999 -9999 -9999 -9999 -9999 -9999 -9999 -9999 0.053716168062206 0.0529007501820762 -9999 -9999 -9999 -9999 -9999 -9999 -9999 -9999
-9999 -9999 -9999 0.0895017202538929 0.0615146261350363 0.0597366988032698 0.0503584604137391 0.0593463459754695 0.0507002363713576 0.050267902821583 0.0496218920619595 0.044932645431694 0.0452262478492419 0.0463514115129554 0.0468427790796223 0.0451374391878672 0.0462146617811168 0.0500962691311742 0.0544150655284985 0.0542551065820917 0.078283357535868 -9999 -9999 -9999 -9999 -9999 -9999 -9999 -9999 -9999 -9999 -9999 -9999 -9999 -9999 -9999 -9999 -9999 0.0535994259008528 0.0557517050765369 -9999 -9999 -9999 -9999 -9999 -9999 -9999 -9999
-9999 -9999 0.0651815293625575 0.0515995757370832 0.0515475960429229 0.0520405013273476 0.0494504517418747 0.0542528303170525 0.048309469997375 0.0522846766020151 0.0492016864170106 0.0493380686695572 0.0484595640056758 0.0446246614046436 0.0451264419255048 0.0452954824422122 0.0473435758375478 0.0475737696511076 0.047216448527824 0.0494090000207462 -9999 -9999 -9999 -9999 -9999 -9999 -9999 -9999 -9999 -9999 -9999 -9999 -9999 -9999 -9999 -9999 -9999 -9999 0.055236610985412 0.0661121849913479 -9999 -9999 -9999 -9999 -9999 -9999 -9999 -9999
-9999 -9999 0.0850363304007561 0.049977609231204 0.0486519767257021 0.0457253849316425 0.0448764122414492 0.0462879797389303 0.0458428438156278 0.0471103003879133 0.0515014541454821 0.0478986215391943 0.0455524973296349 0.0454669019547571 0.046013300564854 0.0458142740016649 0.0471081242680964 0.0460817312671105 0.046972023110732 0.0475312203711088 0.052092114451217 -9999 -9999 -9999 -9999 -9999 -9999 -9999 -9999 -9999 -9999 -9999 -9999 -9999 -9999 -9999 -9999 -9999 -9999 -9999 -9999 -9999 -9999 -9999 -9999 -9999 -9999 -9999
