BRT_projection_files/BRT_CCV/B_lapponicus_2_projection.asc
NCOLS 79 
NROWS 71 
XLLCORNER -10.5 
YLLCORNER 36 
CELLSIZE 0.5 
NODATA_value -9999 
[rows 40 to 59 of 71, columns 0 to 46 of 79]
-9999 -9999 -9999 -9999 -9999 -9999 -9999 -9999 -9999 -9999 -9999 -9999 -9999 -9999 -9999 0.00797590049702534 0.00795520282872079 0.00795520282872079 0.00795520282872079 0.00795520282872079 0.00795520282872079 0.00795520282872079 0.00795520282872079 0.00795520282872079 -9999 -9999 -9999 0.00795520282872079 0.00795520282872079 0.00795520282872079 0.00795520282872079 0.00795520282872079 0.00795520282872079 0.00795520282872079 0.00795520282872079 0.00795520282872079 0.00795763029685595 0.00795763029685595 0.00795520282872079 0.00796491746704666 0.00795520282872079 0.00795520282872079 0.00795520282872079 0.00795520282872079 0.00795520282872079 0.00795520282872079 0.00795520282872079
-9999 -9999 -9999 -9999 -9999 -9999 -9999 -9999 -9999 -9999 -9999 -9999 0.00797620965846474 0.00797076263396893 0.00795520282872079 0.00795520282872079 0.00797590049702534 0.00795520282872079 -9999 -9999 -9999 0.00795520282872079 -9999 -9999 0.00795520282872079 0.00795520282872079 0.00795520282872079 0.00795520282872079 0.00795520282872079 0.00795520282872079 0.00795520282872079 0.00795520282872079 0.00795520282872079 0.00795520282872079 0.00795520282872079 0.00795520282872079 0.00796491746704666 0.00796491746704666 0.00796491746704666 0.00796491746704666 0.00795520282872079 0.00795520282872079 0.00795520282872079 0.00795520282872079 0.00795520282872079 0.00795520282872079 0.00795520282872079
-9999 -9999 -9999 -9999 -9999 -9999 -9999 -9999 -9999 -9999 0.00797590049702534 -9999 -9999 0.00796603700024915 -9999 -9999 -9999 -9999 -9999 -9999 -9999 -9999 -9999 -9999 0.00795520282872079 0.00795520282872079 0.00795520282872079 0.00795520282872079 0.00795520282872079 0.00795520282872079 0.00795520282872079 0.00795520282872079 0.00796491746704666 0.00796491746704666 0.00796491746704666 0.00795520282872079 0.00795520282872079 0.00795520282872079 0.00795520282872079 0.00796491746704666 0.00795520282872079 0.00795520282872079 0.00795520282872079 0.00795520282872079 0.00795520282872079 0.00795520282872079 0.00795520282872079
-9999 -9999 -9999 -9999 -9999 -9999 -9999 -9999 -9999 -9999 -9999 -9999 -9999 -9999 -9999 -9999 -9999 -9999 -9999 -9999 -9999 -9999 0.00795520282872079 0.00795520282872079 0.00795520282872079 0.00795520282872079 0.00795520282872079 0.00795520282872079 0.00795520282872079 0.00795520282872079 0.00796491746704666 0.00798809697371706 0.0079856832657548 0.00797590049702534 0.00796491746704666 0.00795520282872079 0.00795520282872079 0.00795520282872079 0.00795520282872079 0.00795520282872079 0.00795520282872079 0.00795520282872079 0.00795520282872079 0.00795520282872079 0.00795520282872079 0.00795520282872079 0.00796423882695218
-9999 -9999 -9999 -9999 -9999 -9999 -9999 -9999 -9999 -9999 -9999 -9999 -9999 -9999 -9999 -9999 -9999 -9999 0.00795520282872079 0.00795520282872079 0.00795520282872079 0.00795520282872079 0.00795520282872079 0.00795520282872079 0.00795520282872079 0.00795520282872079 0.00795520282872079 0.00795520282872079 0.00795520282872079 0.00795520282872079 0.00795520282872079 0.00795520282872079 0.00795520282872079 0.00795520282872079 0.00795520282872079 0.00795520282872079 0.00795520282872079 0.00795520282872079 0.00795520282872079 0.00795520282872079 0.00795520282872079 0.00795520282872079 0.00795520282872079 0.00795520282872079 0.00795520282872079 0.00795520282872079 0.00795520282872079
-9999 -9999 -9999 -9999 -9999 -9999 -9999 -9999 -9999 -9999 -9999 -9999 -9999 -9999 0.00795520282872079 -9999 -9999 -9999 0.00795520282872079 0.00795520282872079 0.00795520282872079 0.00795520282872079 0.00795520282872079 0.00795520282872079 0.00795520282872079 0.00795520282872079 0.00795520282872079 0.00795520282872079 0.00795520282872079 0.00795520282872079 0.00795520282872079 0.00795520282872079 0.00795520282872079 0.00795520282872079 0.00795520282872079 0.00795520282872079 0.00795520282872079 0.00795763029685595 0.00795520282872079 0.00795520282872079 0.00795520282872079 0.00795520282872079 0.00795520282872079 0.00795520282872079 0.00795520282872079 0.00795520282872079 0.00795520282872079
-9999 -9999 -9999 -9999 -9999 -9999 -9999 -9999 -9999 -9999 -9999 -9999 0.00795520282872079 0.00795763029685595 0.00795520282872079 0.00795520282872079 0.00795520282872079 0.00795520282872079 0.00795520282872079 0.00795520282872079 0.00795520282872079 0.00795520282872079 0.00795520282872079 0.00795520282872079 0.00795520282872079 0.00795520282872079 0.00795520282872079 0.00795520282872079 0.00795520282872079 0.00795520282872079 0.00795520282872079 0.00795520282872079 0.00796491746704666 0.00795520282872079 0.00795763029685595 0.00795520282872079 0.00795520282872079 0.00796733651836689 0.00796491746704666 0.00795520282872079 0.00795792653225475 0.00795520282872079 0.00795520282872079 0.00795520282872079 0.00795520282872079 0.00795520282872079 0.00795520282872079
-9999 -9999 -9999 -9999 -9999 -9999 -9999 -9999 -9999 -9999 -9999 -9999 -9999 -9999 0.00797590049702534 0.00795520282872079 0.00795520282872079 0.00795520282872079 0.00795520282872079 0.00795520282872079 0.00795520282872079 0.00795520282872079 0.00795520282872079 0.00795520282872079 0.00795520282872079 0.00795520282872079 0.00795520282872079 0.00795520282872079 0.00795520282872079 0.00795520282872079 0.00795520282872079 0.00795520282872079 0.00796423882695218 0.00796491746704666 0.00798271927723888 0.00796491746704666 0.00795763029685595 0.00796733651836689 0.0079856832657548 0.00797590049702534 0.00795763029685595 0.00798591587997568 0.00796733651836689 0.00798809697371706 0.00798271927723888 0.00798271927723888 0.00800050360824913
-9999 -9999 -9999 -9999 -9999 -9999 -9999 -9999 -9999 -9999 -9999 -9999 -9999 -9999 -9999 -9999 -9999 0.00795520282872079 0.00795520282872079 0.00795520282872079 0.00795520282872079 0.00795520282872079 0.00795520282872079 0.00795520282872079 0.00795520282872079 0.00795520282872079 0.00795520282872079 0.00795520282872079 0.00795520282872079 0.00795520282872079 0.00795520282872079 0.00795520282872079 0.00796491746704666 0.00796733651836689 0.00798591587997568 0.00798809697371706 0.00798809697371706 0.0079964714137987 0.00802135806849201 0.00800975463001827 0.00800350690162869 0.0143559924569647 0.0169610780715552 0.00835763308888871 0.00801468568202147 0.00799539031206415 0.0160674246084917
-9999 -9999 -9999 -9999 -9999 -9999 -9999 -9999 -9999 -9999 -9999 -9999 -9999 -9999 -9999 -9999 -9999 0.00795520282872079 0.00795520282872079 0.00795520282872079 0.00795520282872079 0.00795520282872079 0.00795520282872079 0.00795520282872079 0.00795520282872079 0.00795520282872079 0.00795520282872079 0.00795520282872079 0.00795520282872079 0.00796491746704666 0.00795520282872079 0.00795520282872079 0.00800050360824913 0.00800050360824913 0.00797832264410937 0.00795763029685595 0.00798271927723888 0.00842556725555964 0.0159513016986513 0.0149733821165543 0.0148024483480923 0.587764257159766 0.0446078486045531 0.00985749868023782 0.0117403066211664 0.0563644845114113 0.0131431153014691
-9999 -9999 -9999 -9999 -9999 -9999 -9999 -9999 -9999 -9999 -9999 -9999 -9999 -9999 -9999 -9999 -9999 -9999 -9999 0.00795520282872079 0.00795520282872079 0.00795520282872079 0.00795520282872079 0.00795520282872079 0.00795520282872079 0.00795520282872079 0.00795520282872079 0.00795520282872079 0.00795520282872079 0.00795520282872079 0.00795520282872079 0.00795763029685595 0.00798271927723888 0.00798809697371706 0.00800350690162869 0.0104086275962309 0.0156163745468978 0.00840416290429155 0.00801825825497148 0.00800350690162869 0.0236321653653964 0.0283592985139079 0.0632188439243232 0.00796491746704666 0.0137922188124837 0.00796733651836689 0.00796733651836689
-9999 -9999 -9999 -9999 -9999 -9999 -9999 -9999 -9999 -9999 -9999 -9999 -9999 -9999 -9999 -9999 -9999 -9999 -9999 0.00795520282872079 0.00795520282872079 0.00795520282872079 0.00795520282872079 0.00795763029685595 0.00796733651836689 0.00795763029685595 0.00795520282872079 0.00795520282872079 0.00795520282872079 0.00795520282872079 0.00796423882695218 0.00795520282872079 0.00796733651836689 0.00798809697371706 0.00835763308888871 0.0105732880156272 0.00799366544341079 0.00796733651836689 0.00800350690162869 0.00798296496131473 0.00796733651836689 0.00796733651836689 0.00796733651836689 0.00796491746704666 0.00795763029685595 0.00795520282872079 0.00795520282872079
-9999 -9999 -9999 -9999 -9999 -9999 -9999 -9999 -9999 -9999 -9999 -9999 -9999 -9999 -9999 -9999 -9999 -9999 -9999 0.00795520282872079 0.00795520282872079 0.00795520282872079 0.00795520282872079 0.00796491746704666 0.00796733651836689 0.00796733651836689 0.00796733651836689 0.00795520282872079 0.00796491746704666 0.00796491746704666 0.00796491746704666 0.00795763029685595 0.00796733651836689 0.00796491746704666 0.00832041937854439 0.00796491746704666 0.00795520282872079 0.00795520282872079 0.00795520282872079 0.00795520282872079 0.00795520282872079 0.00795520282872079 0.007963609532114 0.00795520282872079 0.00795520282872079 -9999 -9999
-9999 -9999 -9999 -9999 -9999 -9999 -9999 -9999 -9999 -9999 -9999 -9999 -9999 -9999 -9999 -9999 -9999 -9999 -9999 0.00795520282872079 0.00795520282872079 0.00795520282872079 0.00795520282872079 0.00795520282872079 0.00795520282872079 0.00796733651836689 0.00796733651836689 0.00796491746704666 0.00796491746704666 0.00798591587997568 0.00796491746704666 0.00796491746704666 0.00797334251302016 0.0079856832657548 0.00798324166081462 0.0079856832657548 0.00795520282872079 0.00795520282872079 0.00795520282872079 0.00796491746704666 0.00796491746704666 0.00795520282872079 0.00795520282872079 0.00795520282872079 0.00795520282872079 0.00795520282872079 -9999
-9999 -9999 -9999 -9999 -9999 -9999 -9999 -9999 -9999 -9999 -9999 -9999 -9999 -9999 -9999 -9999 -9999 -9999 0.00795520282872079 0.00795520282872079 0.00795520282872079 0.00795520282872079 0.00795520282872079 0.00795520282872079 0.00795520282872079 0.00795520282872079 0.00797590049702534 0.00798809697371706 0.00800975463001827 0.00798809697371706 0.00796491746704666 0.00797334251302016 0.00797334251302016 0.00798055125335247 0.0140176021602064 0.0079856832657548 0.00795520282872079 0.00796491746704666 -9999 -9999 0.00798809697371706 0.00795520282872079 0.00795520282872079 0.00795520282872079 0.00795520282872079 0.00795520282872079 -9999
-9999 -9999 -9999 -9999 -9999 -9999 -9999 -9999 -9999 -9999 -9999 -9999 -9999 -9999 -9999 -9999 -9999 -9999 0.00796733651836689 0.00796423882695218 0.00795520282872079 0.00795520282872079 0.00795520282872079 0.00795520282872079 0.00795520282872079 0.00795520282872079 0.00796733651836689 0.00798809697371706 0.00796733651836689 0.00795520282872079 0.00795520282872079 0.00798324166081462 0.0079856832657548 0.0079856832657548 0.0079856832657548 0.0159899777051514 -9999 -9999 -9999 -9999 -9999 -9999 0.00795520282872079 0.00795520282872079 0.00795520282872079 0.00795520282872079 0.00795520282872079
-9999 -9999 -9999 0.00800282117349249 0.00798809697371706 0.00798809697371706 0.0079856832657548 0.0147529664564461 0.00795520282872079 0.00795520282872079 0.00795763029685595 0.00795763029685595 0.0145557946616747 0.00795763029685595 0.00795520282872079 0.0079856832657548 0.00799414853091857 0.00802135806849201 0.00800350690162869 0.00798591587997568 0.00795763029685595 0.00795520282872079 0.00795520282872079 0.00795520282872079 0.00795520282872079 0.00795520282872079 0.00795520282872079 0.00795520282872079 -9999 -9999 -9999 -9999 0.00795520282872079 0.00795520282872079 -9999 -9999 -9999 -9999 -9999 -9999 -9999 -9999 0.00795520282872079 0.00795520282872079 0.00795520282872079 0.00795520282872079 0.00795520282872079
-9999 -9999 -9999 0.00800350690162869 0.00800670350436549 0.0079856832657548 0.0079856832657548 0.0079856832657548 0.0079856832657548 0.00798324166081462 0.0079856832657548 0.0079856832657548 0.00797346925917516 0.00798255583409441 0.00797346925917516 0.00797346925917516 0.0079856832657548 0.00797590049702534 0.00798809697371706 0.00800350690162869 0.00795763029685595 0.0128405029964653 0.00795520282872079 0.00795520282872079 0.00795520282872079 0.00795520282872079 0.00795520282872079 -9999 -9999 -9999 -9999 -9999 -9999 -9999 -9999 -9999 -9999 -9999 -9999 -9999 -9999 -9999 -9999 0.00795520282872079 0.00795520282872079 0.00795520282872079 0.00795520282872079
-9999 -9999 -9999 -9999 0.00802135806849201 0.0079856832657548 0.0079856832657548 0.00798809697371706 0.00798324166081462 0.00795701720995731 0.00795701720995731 0.00795701720995731 0.00795701720995731 0.00795520282872079 0.00795520282872079 0.00795520282872079 0.00797346925917516 0.00795701720995731 0.00798431636188796 0.0120175836783389 0.00797346925917516 0.00798324166081462 0.0128165297517535 0.0119311741157189 0.00798324166081462 0.00795520282872079 0.00795520282872079 0.0079509112815748 -9999 -9999 -9999 -9999 -9999 -9999 -9999 -9999 -9999 -9999 -9999 -9999 -9999 -9999 -9999 -9999 0.00795520282872079 0.00795520282872079 0.00795520282872079
-9999 -9999 -9999 0.00799373257202099 0.00800350690162869 0.00798809697371706 0.0079856832657548 0.0079856832657548 0.00795520282872079 0.00795701720995731 0.00795701720995731 0.00795701720995731 0.00795701720995731 0.00795698868712191 0.0102514411951594 0.0120708974616947 0.0079509112815748 0.00795701720995731 0.00795701720995731 0.00795701720995731 0.00795701720995731 0.00795701720995731 0.00795701720995731 0.0079509112815748 0.00798324166081462 0.00798324166081462 0.00795520282872079 -9999 -9999 -9999 -9999 -9999 -9999 -9999 -9999 -9999 -9999 -9999 -9999 -9999 -9999 -9999 -9999 -9999 -9999 -9999 0.00795520282872079
