BRT_projection_files/BRT_CCV/B_lucorum_2_projection.asc
NCOLS 79 
NROWS 71 
XLLCORNER -10.5 
YLLCORNER 36 
CELLSIZE 0.5 
NODATA_value -9999 
[rows 44 to 65 of 71, columns 0 to 48 of 79]
-9999 -9999 -9999 -9999 -9999 -9999 -9999 -9999 -9999 -9999 -9999 -9999 -9999 -9999 -9999 -9999 -9999 -9999 0.700488196485751 0.522664862159149 0.490384551052614 0.553420180461971 0.422754164153183 0.525363433069797 0.396550637279086 0.468325484258411 0.394499476508283 0.364738247017795 0.611587157758647 0.58859077852541 0.540813964599722 0.658800058640057 0.67586526105763 0.843938796502688 0.836329562357109 0.841415942037346 0.87313871936883 0.840409337503644 0.868596037619975 0.822842615350858 0.755018115708848 0.718366419184511 0.839511870444827 0.847230594279256 0.663271288863663 0.828567616030239 0.719210230412801 0.71064783864487 0.657675720758993
-9999 -9999 -9999 -9999 -9999 -9999 -9999 -9999 -9999 -9999 -9999 -9999 -9999 -9999 0.452159338824414 -9999 -9999 -9999 0.752258350252303 0.894837416526785 0.810641389429057 0.813898674537223 0.569103085456709 0.261236187157423 0.445162478975237 0.585120878252096 0.530802688862674 0.338105882890604 0.505718350592744 0.584388936668621 0.637073945553543 0.65288042092512 0.666102721168598 0.830505831402162 0.716021005914336 0.659942599408584 0.487729831414694 0.872322892865091 0.856889252374393 0.891356037879865 0.844397221556342 0.834492854192199 0.709740512525935 0.835473474812162 0.704846452049421 0.828072699154865 0.773692488077366 0.734561970673318 0.728065640841234
-9999 -9999 -9999 -9999 -9999 -9999 -9999 -9999 -9999 -9999 -9999 -9999 0.552643532889999 0.763927891595855 0.722329650108329 0.653437760797843 0.680131416119958 0.622409309578245 0.690641779328633 0.64784592752746 0.747711015211129 0.541842410875745 0.621230472028015 0.57998405767871 0.267322376352287 0.392795868413432 0.352736419200516 0.343602563147606 0.271332784958261 0.319679224830858 0.592295608798415 0.638255719118789 0.684065062770714 0.671163000348056 0.633526493338773 0.838948751412534 0.821282981474952 0.773339025713048 0.853581191797377 0.83508957346 0.844470449555007 0.856176857212767 0.859110258279462 0.862052676882212 0.866565182265765 0.7745152514413 0.858104115968941 0.860322309912758 0.894873394410355
-9999 -9999 -9999 -9999 -9999 -9999 -9999 -9999 -9999 -9999 -9999 -9999 -9999 -9999 0.560838924488916 0.701798155758784 0.731098012857429 0.650962859672843 0.707419107953013 0.691854798423288 0.537157102352866 0.399438183010093 0.292187359892352 0.34717193768868 0.422015549461112 0.337034103475776 0.4066202351052 0.288464392473092 0.347439255770431 0.615383842773737 0.614187941083427 0.662503626064768 0.660143011601136 0.72718049730712 0.785160343785186 0.836804572390304 0.823351773435304 0.822479594264798 0.893881904308449 0.889292809687619 0.886182150924306 0.912787405322877 0.825716040861187 0.840899138442007 0.812870448129478 0.897775817699139 0.850197177963238 0.902502650775607 0.845843973147563
-9999 -9999 -9999 -9999 -9999 -9999 -9999 -9999 -9999 -9999 -9999 -9999 -9999 -9999 -9999 -9999 -9999 0.736284436375569 0.657275547520944 0.626308196431799 0.320631542971008 0.309767624983487 0.499949292178417 0.301647603329485 0.275702242536826 0.362153451393237 0.311928390461304 0.281171774837204 0.599770230467823 0.588269744137439 0.658790039328777 0.405834899660039 0.700138553970826 0.749721545808192 0.832810949949286 0.891632093767991 0.900684072931333 0.921158205376895 0.924489315350495 0.914568195178728 0.925168501449653 0.91533751873163 0.822739400779772 0.901752950666294 0.917376908614376 0.928620774612188 0.904559544713895 0.864105894646734 0.819765635669229
-9999 -9999 -9999 -9999 -9999 -9999 -9999 -9999 -9999 -9999 -9999 -9999 -9999 -9999 -9999 -9999 -9999 0.3590755230303 0.551814178044975 0.702906358490939 0.548422739137078 0.336975885055833 0.385827556148146 0.275464431060638 0.438017878994281 0.290783461552765 0.495955537674999 0.393308185685953 0.486685961480012 0.750423711720364 0.373193676307347 0.43952281139285 0.773903862441333 0.842189074493324 0.906206711854106 0.933292452642416 0.915351209633097 0.882600531547063 0.913551626840017 0.9021373909767 0.903900675916401 0.912354545451351 0.852048729927134 0.815620678530807 0.779758385246891 0.808854452477141 0.86651689712432 0.782737114395894 0.797897098436865
-9999 -9999 -9999 -9999 -9999 -9999 -9999 -9999 -9999 -9999 -9999 -9999 -9999 -9999 -9999 -9999 -9999 -9999 -9999 0.283678289868143 0.398435025680096 0.410261351721105 0.606467213761965 0.66333320605166 0.715076941471158 0.711214022321665 0.824666304215485 0.676630585626448 0.612093339123364 0.71205277437101 0.690775578673848 0.449068975152689 0.793288676936975 0.894072204962433 0.877837587735686 0.804314020760048 0.777001373734995 0.889614134987843 0.845455086510284 0.880185145954775 0.890820258306294 0.809155856368979 0.780291565752982 0.866155088670546 0.758385498265806 0.76742595408015 0.748853160149927 0.886595661683019 0.849154011628509
-9999 -9999 -9999 -9999 -9999 -9999 -9999 -9999 -9999 -9999 -9999 -9999 -9999 -9999 -9999 -9999 -9999 -9999 -9999 0.273931010715454 0.251365103599861 0.404679541640617 0.411264847016846 0.466358444903068 0.737050278253011 0.632659878649275 0.63190299591818 0.785447790409062 0.624823220369883 0.825211021168495 0.568890436457235 0.486052126977547 0.817901143393492 0.890595369085642 0.840411277335464 0.844863992575404 0.849247821454754 0.823760290925881 0.678532593592048 0.636087578590571 0.876076618256483 0.851877834901266 0.818728489504014 0.837475297005899 0.852853992359531 0.497499936696893 0.259984930078561 -9999 0.613276279090353
-9999 -9999 -9999 -9999 -9999 -9999 -9999 -9999 -9999 -9999 -9999 -9999 -9999 -9999 -9999 -9999 -9999 -9999 -9999 0.263173650153247 0.222232357229695 0.242740873602997 0.351488551761807 0.441435324541198 0.412273744095126 0.753857257311884 0.777745185391835 0.604926179919209 0.737644460090501 0.83279734878229 0.492423416499186 0.418188304020783 0.844069125158293 0.800637956837637 0.810335512751129 0.818942794530214 0.513109095505069 0.198194720407851 0.243252588389319 0.288723506032584 0.233957219934057 0.211807031421792 0.249486871732093 0.306588163723141 0.232973107583901 -9999 -9999 -9999 0.29094747940529
-9999 -9999 -9999 -9999 -9999 -9999 -9999 -9999 -9999 -9999 -9999 -9999 -9999 -9999 -9999 -9999 -9999 -9999 -9999 0.347947318685931 0.310236143159667 0.232462558772855 0.192167484923716 0.273036352962008 0.56117451030693 0.760470752657148 0.722124684695621 0.789366548577258 0.795790217272427 0.763920427397329 0.452714686214218 0.717030940009712 0.822078128469423 0.877875180686884 0.84675943599734 0.838700812094988 0.208364813723085 0.236281750965102 0.363034455539861 0.722475841563322 0.407360365855372 0.444362584257304 0.254568069755556 0.203055093549493 0.171745967263937 0.201577356733823 -9999 -9999 -9999
-9999 -9999 -9999 -9999 -9999 -9999 -9999 -9999 -9999 -9999 -9999 -9999 -9999 -9999 -9999 -9999 -9999 -9999 0.288684213413136 0.200165241509792 0.212745333917013 0.196674728467721 0.307977365286851 0.300226206028291 0.360572289498342 0.659155234188984 0.84190541680194 0.821914880133461 0.819883994243846 0.307075031552986 0.251758814145102 0.674240794127083 0.758129121788629 0.831722669691537 0.837903253309075 0.853952530365274 0.658408660366019 0.291104002479018 -9999 -9999 0.504414319449611 0.747273893729118 0.602151207134809 0.826260020886896 0.295318343181278 0.244092394441624 -9999 -9999 -9999
-9999 -9999 -9999 -9999 -9999 -9999 -9999 -9999 -9999 -9999 -9999 -9999 -9999 -9999 -9999 -9999 -9999 -9999 0.245535663585824 0.213875220430477 0.20161142912412 0.255801442119081 0.145930324889398 0.281578854496017 0.237627538364908 0.268240128665122 0.445795775718624 0.51164774810385 0.298763786976471 0.242760309943931 0.235055439928696 0.316951810290873 0.373336806126105 0.537332258740515 0.581432081069216 0.41351198284941 -9999 -9999 -9999 -9999 -9999 -9999 0.320933451633835 0.329837048838827 0.599546512535114 0.546250553825459 0.327598015671704 -9999 -9999
-9999 -9999 -9999 0.323584835462799 0.266726110505988 0.365920032242868 0.399536719267785 0.765019102957198 0.695147670626513 0.786343626036104 0.697897431225448 0.745167450632043 0.384761346914483 0.324964673927274 0.329463536659897 0.417115016108329 0.416716430929472 0.570326947811363 0.507460311562348 0.258496158233259 0.354879594951368 0.243895327360372 0.269137006875149 0.23648701266505 0.233522444774052 0.237558447272209 0.20689624723384 0.21348583709349 -9999 -9999 -9999 -9999 0.328114374526627 0.281908307753904 -9999 -9999 -9999 -9999 -9999 -9999 -9999 -9999 0.185863900616995 0.192599407580957 0.184475325837673 0.392630951154958 0.371469575634144 0.364436688969951 0.23899087519627
-9999 -9999 -9999 0.267689218985478 0.262372938199219 0.532596782920474 0.34940962333761 0.736084634390477 0.733743956830464 0.78104498673711 0.797127148759535 0.721932993386893 0.696852025294878 0.706570484708201 0.64169949356593 0.700271828053677 0.724749680280086 0.481070489809506 0.50343226160395 0.844999753757639 0.811322782504395 0.799216708517794 0.794872332188379 0.622842010171309 0.676817537568091 0.625410114575118 0.241986565148281 -9999 -9999 -9999 -9999 -9999 -9999 -9999 -9999 -9999 -9999 -9999 -9999 -9999 -9999 -9999 -9999 0.185790147488764 0.206117578783275 0.200308751909519 0.30718026335466 0.586994451560459 0.325787825885006
-9999 -9999 -9999 -9999 0.378300569835135 0.337329844641182 0.733024158485206 0.688566581914391 0.741856249300457 0.121963713885844 0.167121854714622 0.174378221379123 0.182139632286223 0.35450596647789 0.515108551201729 0.541787079098094 0.412151288264557 0.157008639403275 0.214659675330767 0.35594977304718 0.36152282435608 0.195166137032617 0.725753081544871 0.643386343781737 0.737454198326702 0.714155764987064 0.140395882004397 0.12744846336862 -9999 -9999 -9999 -9999 -9999 -9999 -9999 -9999 -9999 -9999 -9999 -9999 -9999 -9999 -9999 -9999 0.239006560513659 0.2543496390511 0.278195449776193 0.683961820502685 0.586173178427804
-9999 -9999 -9999 0.317733101880946 0.535608594436009 0.786932612086917 0.471654932582874 0.479464059978869 0.141015924270566 0.211209636085444 0.152423420131795 0.206708568325306 0.177975913097759 0.253325324542861 0.176222984835478 0.23169239958055 0.218579915814023 0.199056338377551 0.0816601711983466 0.114622202298778 0.0731025755295888 0.120373187826583 0.10781277035366 0.147633878279076 0.340550018604159 0.298913975469376 0.17249645975159 -9999 -9999 -9999 -9999 -9999 -9999 -9999 -9999 -9999 -9999 -9999 -9999 -9999 -9999 -9999 -9999 -9999 -9999 -9999 0.357305244080105 0.277497462551395 0.237649078816895
-9999 -9999 -9999 -9999 0.355397335731626 0.475922219623083 0.20676927495463 0.112427541844445 0.189709020770821 0.273499358793036 0.187563960148698 0.135210221933065 0.117050231031469 0.213343511677209 0.495920000170635 0.231822400233745 0.199093922699522 0.165113734788911 0.183789345422036 0.0833192018401213 0.0816641102173009 0.101815597658643 0.0908754638263011 0.123956894069737 0.17624009828411 -9999 -9999 -9999 -9999 -9999 -9999 -9999 -9999 -9999 -9999 -9999 -9999 -9999 -9999 -9999 -9999 -9999 -9999 -9999 -9999 -9999 -9999 -9999 0.238182581208315
-9999 -9999 -9999 -9999 0.308299717249112 0.267574615019269 0.130055670742817 0.149266166335606 0.132638361970692 0.269959141513681 0.293478310860666 0.281884326633363 0.531685702610056 0.336114455075878 0.108617173096381 0.13656725044266 0.223244126316359 0.370608611505703 0.369405161277674 0.329810619904113 0.159079317153889 0.0961154227192661 0.125687856772238 -9999 -9999 -9999 -9999 -9999 -9999 -9999 -9999 -9999 -9999 -9999 -9999 -9999 -9999 0.192879484063887 0.228904829367142 0.230880221906551 -9999 -9999 -9999 -9999 -9999 -9999 -9999 -9999 -9999
-9999 -9999 -9999 0.27695368087568 0.289511849739173 0.201918724686285 0.155760779395467 0.172046279716225 0.168918514247059 0.387727521172874 0.40716954802052 0.316094260501664 0.0915229683250319 0.16390088375366 0.132893775264902 0.119493095589924 0.151498648601363 0.592829797052039 0.331832918849895 0.533829181013895 0.134022425982011 0.122928992730064 -9999 -9999 -9999 -9999 -9999 -9999 -9999 -9999 -9999 -9999 -9999 -9999 -9999 -9999 -9999 -9999 0.341015711530697 0.205990200950781 -9999 -9999 -9999 -9999 -9999 -9999 -9999 -9999 -9999
-9999 -9999 -9999 0.171500671926717 0.165959954417664 0.147142371961023 0.118982613863368 0.151324113291169 0.146321315922084 0.151118013178488 0.109512816085305 0.0828697448241833 0.117996073565201 0.0865617151231461 0.0821709175319762 0.118749094903305 0.120256377785095 0.100040305955003 0.0992358065700273 0.102669302623325 0.159911642830013 -9999 -9999 -9999 -9999 -9999 -9999 -9999 -9999 -9999 -9999 -9999 -9999 -9999 -9999 -9999 -9999 -9999 0.223140211100466 0.201076642171092 -9999 -9999 -9999 -9999 -9999 -9999 -9999 -9999 -9999
-9999 -9999 0.223838318979816 0.104032458661774 0.111900917029326 0.0976707384029764 0.116191318989138 0.106175252153904 0.117959853293284 0.137167812715441 0.132929880274958 0.105909480253519 0.102499936141 0.0761020311150264 0.0971955722511611 0.124970345665601 0.102017685231173 0.0976671723901612 0.0918237805934415 0.103601888694753 -9999 -9999 -9999 -9999 -9999 -9999 -9999 -9999 -9999 -9999 -9999 -9999 -9999 -9999 -9999 -9999 -9999 -9999 0.178163579894583 0.246742741877947 -9999 -9999 -9999 -9999 -9999 -9999 -9999 -9999 -9999
-9999 -9999 0.190708002669725 0.105674613414391 0.11566042936118 0.115028906325331 0.106174006269286 0.154916194662157 0.155481919786991 0.1179873918119 0.160404370984669 0.0907490479549395 0.109491988501841 0.136541849387591 0.151135221613668 0.145068090030945 0.105105746479645 0.1022874766308 0.0770198018103933 0.0705504077113891 0.0994400715633551 -9999 -9999 -9999 -9999 -9999 -9999 -9999 -9999 -9999 -9999 -9999 -9999 -9999 -9999 -9999 -9999 -9999 -9999 -9999 -9999 -9999 -9999 -9999 -9999 -9999 -9999 -9999 -9999
