BRT_projection_files/BRT_CCV/B_mesomelas_1_projection.asc
NCOLS 79 
NROWS 71 
XLLCORNER -10.5 
YLLCORNER 36 
CELLSIZE 0.5 
NODATA_value -9999 
[rows 42 to 62 of 71, columns 0 to 47 of 79]
-9999 -9999 -9999 -9999 -9999 -9999 -9999 -9999 -9999 -9999 0.0634461736664586 -9999 -9999 0.0728009393552893 -9999 -9999 -9999 -9999 -9999 -9999 -9999 -9999 -9999 -9999 0.096574480071621 0.0718097270699144 0.0655375286710204 0.0708132329489686 0.064802655252387 0.0753649964164111 0.138952054769645 0.124983338770841 0.190989978438544 0.123213644121544 0.120701523051832 0.0931924705561633 0.065695862203947 0.0598399313470505 0.0816368069913763 0.237393399619068 0.154961449884458 0.23151899569205 0.152132394200155 0.392157781938039 0.372801946092941 0.245009542880327 0.301501202106667 0.131159767860428
-9999 -9999 -9999 -9999 -9999 -9999 -9999 -9999 -9999 -9999 -9999 -9999 -9999 -9999 -9999 -9999 -9999 -9999 -9999 -9999 -9999 -9999 0.120939392242505 0.0698664607093697 0.0521571099486749 0.10156023254108 0.0870205664097049 0.0881189043931929 0.0582183125876875 0.0596603923281048 0.119813791385904 0.068991294185945 0.333541940433626 0.0674392247294216 0.24837222441618 0.0712285565845051 0.0817738564200903 0.0872074950634311 0.0760659937383798 0.0562483083985397 0.277391580403922 0.107040560890877 0.196058103438153 0.259330593964311 0.224907991775111 0.111798055146698 0.0917735550750213 0.470973960452537
-9999 -9999 -9999 -9999 -9999 -9999 -9999 -9999 -9999 -9999 -9999 -9999 -9999 -9999 -9999 -9999 -9999 -9999 0.0377672885508755 0.0378049436251875 0.0483472643616965 0.0770229184377361 0.0681034871895388 0.0588991308236791 0.0420183194622662 0.0536752237235952 0.047345144892671 0.0618436385114406 0.0681057686960581 0.0987581988251855 0.0616370329611007 0.0808333813234991 0.0635998093283295 0.143608403414199 0.0952806491120248 0.0889611496316997 0.0449150169640887 0.0846852591267987 0.0666939796533213 0.100378558165628 0.160585352006108 0.134743463927209 0.112365437172899 0.239835182526802 0.231954920972703 0.306477867349338 0.208554265227325 0.427808386367055
-9999 -9999 -9999 -9999 -9999 -9999 -9999 -9999 -9999 -9999 -9999 -9999 -9999 -9999 0.0324059967655041 -9999 -9999 -9999 0.0411536778616136 0.0549605269002784 0.0484244254756613 0.0529783071688786 0.0687940161209534 0.0859757581982221 0.0606536619494617 0.0119351088797699 0.0382941351494166 0.0415928459574084 0.0603807503216563 0.0848645287269996 0.0903073956390282 0.0980278895820365 0.121843363878247 0.0898203803470361 0.0632738569736253 0.109129414342703 0.0715716208442555 0.0740750944323067 0.079243390873935 0.0259739594696624 0.212177670276451 0.271263493716548 0.114149102462292 0.135645213547649 0.11912375407323 0.153344252015572 0.121429523415244 0.202115599771349
-9999 -9999 -9999 -9999 -9999 -9999 -9999 -9999 -9999 -9999 -9999 -9999 0.057718010465038 0.0551563642176153 0.0413722987218373 0.0427947789420405 0.0419937117674881 0.0558539728966465 0.0516368418266599 0.0948000816650325 0.0686812133388743 0.0414108989997508 0.0753796309909695 0.102439601312991 0.0442668060010128 0.0328339495591984 0.0374001709775671 0.0327155051040225 0.0489613776109994 0.0408974879216991 0.12666699074761 0.0961089135839873 0.129397254498575 0.0982548191392853 0.106837737503166 0.0531496287017547 0.0725257417550382 0.71892184978307 0.167816229277909 0.119445406449445 0.112647511343386 0.121277375245247 0.109387379350024 0.0807389531119313 0.349175202720628 0.124860408884871 0.1708199064937 0.173577716260806
-9999 -9999 -9999 -9999 -9999 -9999 -9999 -9999 -9999 -9999 -9999 -9999 -9999 -9999 0.0568640149334939 0.0363406719308207 0.029719634849682 0.0299068994614274 0.0339290728030317 0.0338966618890187 0.0299368625292674 0.0434786787225153 0.037362242330394 0.0401684633434972 0.0484341300639389 0.0364995226286883 0.031443282606713 0.0452831321391811 0.0418985850881751 0.0758168783254692 0.0940908519509156 0.0706883633320022 0.082818948747508 0.187390373335274 0.154903971777811 0.349517492211847 0.371938605447329 0.15785702590592 0.0983030624261701 0.0788205887863317 0.0748148969390459 0.0982914019539352 0.248931064572688 0.192873679399012 0.63534401787704 0.305606078254155 0.749211832786925 0.76953781316235
-9999 -9999 -9999 -9999 -9999 -9999 -9999 -9999 -9999 -9999 -9999 -9999 -9999 -9999 -9999 -9999 -9999 0.0366504226219962 0.0364654957410456 0.0368926148446733 0.0363094576655361 0.0367021532134556 0.0527218949901586 0.0321875482701115 0.0371390660726111 0.0329820260213063 0.0416294218912274 0.0551292140802166 0.114528619012015 0.108023915085765 0.0833786630234894 0.0602351058647387 0.130809091998138 0.278252181562143 0.419654151463315 0.22749963878471 0.140994864184698 0.188954661659741 0.253982336545844 0.222125659313352 0.338249481590562 0.714368738380603 0.897485654954497 0.826659693487709 0.744343292201358 0.71018551674254 0.855253031208843 0.860130901073251
-9999 -9999 -9999 -9999 -9999 -9999 -9999 -9999 -9999 -9999 -9999 -9999 -9999 -9999 -9999 -9999 -9999 0.0383149674370684 0.0405607940158263 0.0340498106564196 0.0339774407268309 0.0414378624086383 0.0334848749592015 0.031428258007804 0.0412178247310922 0.0428117656612193 0.0383014617422819 0.0389160550541499 0.0554408649549458 0.108871556168997 0.0512197971942338 0.0445979174000418 0.253619073117329 0.651878181941542 0.326916114971965 0.454375064781332 0.218600339947954 0.821084281365863 0.704476980171179 0.726465416899349 0.683532085040395 0.793905608447704 0.732336625728182 0.832661998826094 0.856410983178711 0.853521307030008 0.86214660692858 0.862620879518171
-9999 -9999 -9999 -9999 -9999 -9999 -9999 -9999 -9999 -9999 -9999 -9999 -9999 -9999 -9999 -9999 -9999 -9999 -9999 0.0398856974907937 0.0501536743306258 0.0379412694842088 0.0327825409090644 0.0441685063611013 0.0644077797003453 0.0859809267777193 0.0581982578715179 0.0612710151412944 0.0869337188085711 0.123420698211772 0.0784779391638534 0.0549998313402897 0.696289885038297 0.315304419015782 0.623286343585645 0.75718048561507 0.870122294784754 0.83932171535741 0.720776810117866 0.66296592949354 0.830508025175873 0.835127557661394 0.86006989218993 0.6640260393514 0.822918397078383 0.68623933745202 0.253969899068938 0.361735996270062
-9999 -9999 -9999 -9999 -9999 -9999 -9999 -9999 -9999 -9999 -9999 -9999 -9999 -9999 -9999 -9999 -9999 -9999 -9999 0.0378434926985361 0.0398944349023236 0.0480240470916654 0.0380094045465123 0.0644501658746525 0.366205374437939 0.0855515081418478 0.197731228349217 0.074386462282676 0.107773692099309 0.0591673806577119 0.12831359203792 0.0822657662496799 0.272465190521173 0.700074936046429 0.851713657740831 0.849367817218057 0.676231164078874 0.354650704457843 0.0210481395335239 0.0132398402892207 0.256503005968924 0.349663929103183 0.70125070630543 0.386469569439981 0.133231439496091 0.0177060018182345 0.0219364621634906 -9999
-9999 -9999 -9999 -9999 -9999 -9999 -9999 -9999 -9999 -9999 -9999 -9999 -9999 -9999 -9999 -9999 -9999 -9999 -9999 0.0450053271157903 0.0356675976127068 0.0482983620414378 0.0487173899747764 0.0460554366969309 0.156080888189841 0.504244632063346 0.233743027591832 0.0557941155539889 0.165063594553831 0.31076310406572 0.0742191572094302 0.0723689847776234 0.471840274786054 0.82804067033057 0.741010847514463 0.708486348024582 0.0351387061657726 0.0219881858636366 0.0145070858372813 0.0127559841240034 0.0133912253660671 0.0138737016849457 0.0140096407347679 0.0127133382615976 0.0129930603281355 -9999 -9999 -9999
-9999 -9999 -9999 -9999 -9999 -9999 -9999 -9999 -9999 -9999 -9999 -9999 -9999 -9999 -9999 -9999 -9999 -9999 -9999 0.0205049050261404 0.0420613303111432 0.0330104890838976 0.0351028557326776 0.0384510194961698 0.0678929456998587 0.100783631576835 0.141696795643941 0.164846280049602 0.252721082138621 0.389758912925981 0.0634875244776127 0.514616974786434 0.788102396537723 0.808260667366035 0.66226457187233 0.277706405943949 0.0228970221176036 0.03874831954015 0.0241344556769075 0.25218595474302 0.0725933224214668 0.0751713825633248 0.0183138431540867 0.0128298087037635 0.0149785052375012 0.0119888285643617 -9999 -9999
-9999 -9999 -9999 -9999 -9999 -9999 -9999 -9999 -9999 -9999 -9999 -9999 -9999 -9999 -9999 -9999 -9999 -9999 0.0145126506392973 0.0656931934486339 0.0451560175208598 0.035481019019768 0.0309678044054144 0.0299665033679142 0.0389152713812126 0.0523494257115143 0.076403376214961 0.189809680236288 0.362057152310656 0.0996478123975294 0.0613400463478664 0.359658127130399 0.5666831095816 0.76633874820084 0.848473069688421 0.586354259681715 0.109435995195753 0.0936868445026555 -9999 -9999 0.0125617677368403 0.159922714328 0.0973140351002968 0.127436315898675 0.048912001856318 0.0134815092064394 -9999 -9999
-9999 -9999 -9999 -9999 -9999 -9999 -9999 -9999 -9999 -9999 -9999 -9999 -9999 -9999 -9999 -9999 -9999 -9999 0.0402741974663591 0.0561949773968857 0.0672334330342033 0.0336002757022145 0.0333115897972838 0.0451909960240522 0.0327103301006097 0.0565756149750418 0.116839965235141 0.0756499251275752 0.0896449452475701 0.0441208075372518 0.0431341708457189 0.0897168143604615 0.170974610190802 0.313656400310253 0.218039963176453 0.0378792289604876 -9999 -9999 -9999 -9999 -9999 -9999 0.0558992677844318 0.0548003903959557 0.0679648132464241 0.0678573648204749 0.0363918012440522 -9999
-9999 -9999 -9999 0.0226780398554216 0.0762646206032594 0.206671124182732 0.18507847837648 0.173907434165619 0.716224780251488 0.454719610252519 0.587683829468897 0.427500577814953 0.472465325737436 0.364995865994624 0.135500144758809 0.0898382652447528 0.0726481164097023 0.033261345699746 0.0746416047929811 0.050398144258472 0.104032502206601 0.056527742846027 0.03483294793831 0.0386161271686591 0.0336529696335062 0.0462652000400253 0.0351747435116481 0.0412854893561503 -9999 -9999 -9999 -9999 0.0226247540647366 0.0351888064106304 -9999 -9999 -9999 -9999 -9999 -9999 -9999 -9999 0.0409624140469906 0.0349827721823489 0.0383954950364702 0.0420249517802367 0.0769451391109096 0.0250820833133214
-9999 -9999 -9999 0.098940009059216 0.105900397320403 0.158663752136934 0.558711734348559 0.319615267810743 0.275304328212751 0.400428945141702 0.468120163764758 0.340080631457523 0.159466708443606 0.176693335691468 0.157472101012177 0.157953415038114 0.321603017878807 0.0977431853782123 0.500921953496724 0.56855394807239 0.59982628970003 0.835616096593337 0.69274404942094 0.589179483825442 0.421868889979616 0.35400122301108 0.0378887218311846 -9999 -9999 -9999 -9999 -9999 -9999 -9999 -9999 -9999 -9999 -9999 -9999 -9999 -9999 -9999 -9999 0.0320079510212678 0.0332631325707357 0.0405076109833112 0.0734774169532413 0.17969562848427
-9999 -9999 -9999 -9999 0.0770656190899565 0.162733141993339 0.659558678961054 0.694204774532325 0.325325889050958 0.0334598349431276 0.0344807953043092 0.067439721298885 0.0403996910098417 0.141367194038167 0.101037309555203 0.140962322103561 0.141162283342583 0.0329013676985376 0.0323540828881639 0.0884510768052703 0.301830588777346 0.0831107741210655 0.255370321641939 0.074638574423426 0.540009843437733 0.662861793711392 0.402401770301386 0.0308687946927059 -9999 -9999 -9999 -9999 -9999 -9999 -9999 -9999 -9999 -9999 -9999 -9999 -9999 -9999 -9999 -9999 0.0536942025642717 0.107664837631973 0.0714949158509753 0.121903468596397
-9999 -9999 -9999 0.0245082446424638 0.0487993808776181 0.178824802257355 0.136963791419928 0.145344794217943 0.0327332522170567 0.0344873156986832 0.0385613200457448 0.0606517653957638 0.0703616454597143 0.0900069188331711 0.152652317838301 0.115164002646144 0.0641715391195964 0.0591864283008232 0.0279006482567449 0.0364869208813835 0.0339754922728717 0.0384685184772412 0.0470813613071751 0.0311686081147603 0.105384392884065 0.0127097417370351 0.0159809121538563 -9999 -9999 -9999 -9999 -9999 -9999 -9999 -9999 -9999 -9999 -9999 -9999 -9999 -9999 -9999 -9999 -9999 -9999 -9999 0.0615243164762441 0.0772800429276659
-9999 -9999 -9999 -9999 0.0362060748166904 0.0307438154212539 0.0226238140416886 0.034079920963764 0.0305534779018753 0.0318245889440875 0.0403465038911951 0.0358977629298622 0.034525874817943 0.0631603163083932 0.0658107339148802 0.147816117371495 0.0654694485889436 0.0789925451139406 0.0918999590848466 0.0311756975991297 0.0210913336846755 0.0316913546699066 0.0338559566707654 0.040807675382901 0.0344910601495208 -9999 -9999 -9999 -9999 -9999 -9999 -9999 -9999 -9999 -9999 -9999 -9999 -9999 -9999 -9999 -9999 -9999 -9999 -9999 -9999 -9999 -9999 -9999
-9999 -9999 -9999 -9999 0.013726076409211 0.0134468167222826 0.038946116654042 0.0325997743585972 0.0342304164009839 0.0427268958286386 0.05121172016974 0.111826289809074 0.0815609054776439 0.110881124303174 0.0335619741627517 0.034028791593679 0.0871975370544943 0.0624982268732289 0.0646689339358305 0.0767709770043764 0.0594377498778702 0.0346114062805421 0.0282891916249476 -9999 -9999 -9999 -9999 -9999 -9999 -9999 -9999 -9999 -9999 -9999 -9999 -9999 -9999 0.0305434751533062 0.031961890299546 0.0416291692433022 -9999 -9999 -9999 -9999 -9999 -9999 -9999 -9999
-9999 -9999 -9999 0.0289054989237079 0.0147794301433886 0.0586329474147923 0.204609914986084 0.129186559351554 0.264345192702042 0.140364894631577 0.18059674460921 0.0626070715383406 0.033425907904259 0.0329864009016055 0.0446802873406277 0.0345600471298777 0.0554982730120375 0.0870172512934933 0.0756281639404582 0.081001680403692 0.0393116842298128 0.0329500858954029 -9999 -9999 -9999 -9999 -9999 -9999 -9999 -9999 -9999 -9999 -9999 -9999 -9999 -9999 -9999 -9999 0.0395299359420298 0.0816479453454058 -9999 -9999 -9999 -9999 -9999 -9999 -9999 -9999
