BRT_projection_files/BRT_CCV/B_monticola_1_projection.asc
NCOLS 79 
NROWS 71 
XLLCORNER -10.5 
YLLCORNER 36 
CELLSIZE 0.5 
NODATA_value -9999 
[rows 42 to 62 of 71, columns 0 to 47 of 79]
-9999 -9999 -9999 -9999 -9999 -9999 -9999 -9999 -9999 -9999 0.0418877014928398 -9999 -9999 0.0800596110576398 -9999 -9999 -9999 -9999 -9999 -9999 -9999 -9999 -9999 -9999 0.0345676580281433 0.0363570673859724 0.0282964953637998 0.0299409604595038 0.0506587253821226 0.0556521799832453 0.0370304853472146 0.0714177952176675 0.141995815707724 0.187609157517149 0.141551831996506 0.0297997587736203 0.0333843725128285 0.0349203236738414 0.0404236631057817 0.0861503587480192 0.0428354567302014 0.0248756336220602 0.0348248835473401 0.0334947760198997 0.0435356546207567 0.0306673715954603 0.0461179980393766 0.0290215612880904
-9999 -9999 -9999 -9999 -9999 -9999 -9999 -9999 -9999 -9999 -9999 -9999 -9999 -9999 -9999 -9999 -9999 -9999 -9999 -9999 -9999 -9999 0.0433782859683806 0.0431659264909044 0.0274582245868784 0.0240230654734659 0.0262520591904915 0.0272582071395267 0.0276741906356117 0.0746193947629698 0.102194987516535 0.127247185459428 0.122615908743039 0.0645027417970283 0.0513674570203825 0.0336089807818761 0.0291370300369392 0.0260458637048593 0.0345659618087273 0.0508521861523867 0.0247699109179449 0.0249920312863615 0.0247609652939681 0.0299789489094371 0.029988668804635 0.0313575508766408 0.0380608072147428 0.0248273226049143
-9999 -9999 -9999 -9999 -9999 -9999 -9999 -9999 -9999 -9999 -9999 -9999 -9999 -9999 -9999 -9999 -9999 -9999 0.0552490765244443 0.0347433312341326 0.0239909642051028 0.0607112562031955 0.0264017113240211 0.0263548078432283 0.024254618168821 0.0249794559713739 0.0243124826950426 0.0266629830536371 0.0281005089446769 0.0316109312247895 0.0332077960814209 0.0440919793039884 0.0348555414096403 0.0436423342614913 0.0535328984076636 0.0544339552574821 0.165707165378081 0.0256920165498139 0.0332707198474236 0.0297775557356766 0.225484136381376 0.288336662086094 0.0516633745617559 0.0258023110821241 0.0287736060332169 0.0283403280711628 0.211035654497812 0.0874751238469192
-9999 -9999 -9999 -9999 -9999 -9999 -9999 -9999 -9999 -9999 -9999 -9999 -9999 -9999 0.0267047359255877 -9999 -9999 -9999 0.0613054122786619 0.082894482950768 0.0604302339475061 0.0448650551723491 0.0245293861915084 0.0239774843616286 0.0233110629328438 0.0304772403044978 0.0234424504183459 0.0246500015677954 0.0261792982903999 0.0261792982903999 0.0334474244506058 0.0547056864491164 0.0408487351495816 0.0293356899577926 0.038674121946716 0.05810947377011 0.0273080645179626 0.243688281689437 0.0446470447934556 0.0478101705572844 0.0677920900023292 0.0390385146109882 0.0487024617820379 0.028294832808489 0.0280491911699937 0.0269567601811108 0.0327161126747086 0.212928221621207
-9999 -9999 -9999 -9999 -9999 -9999 -9999 -9999 -9999 -9999 -9999 -9999 0.043533047389055 0.0420495298593044 0.0365231091719144 0.0277570209266871 0.0309613887615104 0.0233632783996113 0.033990837928042 0.0417558047026344 0.0346780357056874 0.0265164992621825 0.024522728764483 0.0242197197076557 0.0233208197703688 0.0233106199188788 0.0233183988502776 0.0243014597796889 0.0246500015677954 0.0246500015677954 0.027820748850856 0.0444029292926693 0.0574105937310693 0.0515615468544882 0.62308358960333 0.267494183095702 0.028934460884074 0.385199205356725 0.0832547281276957 0.0345849340315966 0.267869138215184 0.223201210875339 0.138309161177473 0.0288522279816868 0.050490886021747 0.151922034071481 0.255768633588207 0.113925440545501
-9999 -9999 -9999 -9999 -9999 -9999 -9999 -9999 -9999 -9999 -9999 -9999 -9999 -9999 0.0431483312137764 0.0334575658144878 0.0258341072219813 0.0234636192601226 0.0244940197562476 0.0243621314410489 0.0234447110874762 0.0241363228235497 0.0234214707756121 0.0233307668019486 0.0233331776030417 0.0242541211317759 0.0242756485701685 0.0243621314410489 0.0243621314410489 0.0271018262658789 0.0399154962450867 0.04897390473601 0.044940442602191 0.0770961784707059 0.29641500942871 0.0795414826814741 0.0840952525836113 0.12087989057195 0.0513004644770576 0.0955025918918983 0.429516925414899 0.774562508368716 0.676312133716338 0.527967540885879 0.641516870361154 0.8001152885965 0.759925438259751 0.516940738538593
-9999 -9999 -9999 -9999 -9999 -9999 -9999 -9999 -9999 -9999 -9999 -9999 -9999 -9999 -9999 -9999 -9999 0.107170569761197 0.0282479540725714 0.0256501302846546 0.023355010255868 0.0233101529388602 0.0233632783996113 0.0242847982238075 0.0242637592013723 0.024337515017681 0.0243621314410489 0.0271510442706686 0.0429795407517069 0.0485025135405588 0.0280859685518554 0.0346817399337324 0.06576750846765 0.147254913579191 0.328142904594206 0.203504505053561 0.0781813239446592 0.350436159683214 0.260890967734212 0.580402274931682 0.768315481920764 0.908940455986934 0.909952111379108 0.903253867285603 0.938554594415538 0.915232353304337 0.937697029812697 0.952538544516852
-9999 -9999 -9999 -9999 -9999 -9999 -9999 -9999 -9999 -9999 -9999 -9999 -9999 -9999 -9999 -9999 -9999 0.0280620457612338 0.0251264457239748 0.0243621314410489 0.0244311600788297 0.0243799244422617 0.0242847982238075 0.0243452924092717 0.0243621314410489 0.0244765995595297 0.0244463609451463 0.0254916121525652 0.0573037003532017 0.0954563158756885 0.028085575100809 0.0328491047278661 0.0897767424633892 0.255738048001437 0.0803718864933479 0.324381205061591 0.854042410776849 0.90868467307216 0.922227721301355 0.941026298621139 0.92848839179471 0.901316255960485 0.891855650789257 0.935957676187035 0.818012266103285 0.943403291329718 0.94580291696286 0.847821380376434
-9999 -9999 -9999 -9999 -9999 -9999 -9999 -9999 -9999 -9999 -9999 -9999 -9999 -9999 -9999 -9999 -9999 -9999 -9999 0.0243621314410489 0.0274108891533508 0.0243479393621644 0.0244673343466575 0.0330965743030865 0.0451466958052358 0.0729273243140199 0.0722693020932489 0.0282104779263935 0.060186170095447 0.0580893974806724 0.0344797138986335 0.036981426222279 0.251300397729778 0.285516243034701 0.540744612086748 0.887952355887391 0.728986976821927 0.934525856975495 0.805771438322686 0.936516358643585 0.940929608106173 0.913230195631777 0.452324375498644 0.474359756623027 0.46519908587399 0.813074628139217 0.186830770214453 0.184446951369844
-9999 -9999 -9999 -9999 -9999 -9999 -9999 -9999 -9999 -9999 -9999 -9999 -9999 -9999 -9999 -9999 -9999 -9999 -9999 0.0266719319892695 0.0280336072131838 0.0266834094217251 0.0325819955459389 0.0327001479484125 0.0962736058618138 0.284071030494022 0.0818643642164949 0.0285471412037875 0.221260112917077 0.279187227311406 0.0502127531172494 0.0327138303313513 0.0994386468756961 0.36147192679722 0.797487664938284 0.88746238162989 0.88539682638751 0.0822850061144606 0.0669419160173164 0.07393055918921 0.177074793037165 0.397516099180189 0.442698698655841 0.156285833334845 0.101783236434014 0.0452816585703671 0.0536556194559122 -9999
-9999 -9999 -9999 -9999 -9999 -9999 -9999 -9999 -9999 -9999 -9999 -9999 -9999 -9999 -9999 -9999 -9999 -9999 -9999 0.0327045018578525 0.0302312539255307 0.0244487785202794 0.0303558133506428 0.0658422655500658 0.0563079917981323 0.110229314948291 0.295761533086713 0.033772414253235 0.0517058601716328 0.0748616721827736 0.0565258967583759 0.0369763398494938 0.137547591941016 0.543427216617552 0.2276813354642 0.495012700283079 0.0349085327750538 0.0330336843751841 0.0374534525103115 0.0385953581621047 0.027359048739941 0.0248096370016133 0.0322730491277958 0.0384415099997031 0.036497107618895 -9999 -9999 -9999
-9999 -9999 -9999 -9999 -9999 -9999 -9999 -9999 -9999 -9999 -9999 -9999 -9999 -9999 -9999 -9999 -9999 -9999 -9999 0.147111600543523 0.0737706201665184 0.0251503025892224 0.0249817430099559 0.0276803224421657 0.0615563144867221 0.0724967944406796 0.124328286612168 0.214983601611057 0.136499979021303 0.226617940914602 0.055330431508999 0.139406453452104 0.256564947295451 0.4865953176452 0.371214269903929 0.430604645594371 0.0317174583399154 0.0287658851234668 0.0326807522119832 0.0971006256422094 0.0448525720785488 0.0318515012919885 0.0265032797455011 0.0252264287005567 0.0237383692108887 0.0232348994858241 -9999 -9999
-9999 -9999 -9999 -9999 -9999 -9999 -9999 -9999 -9999 -9999 -9999 -9999 -9999 -9999 -9999 -9999 -9999 -9999 0.0376708243977519 0.16071244509971 0.124565876277954 0.0243403959525597 0.0260003531251704 0.0249870789102872 0.0421212296838131 0.0407786149536178 0.0555539935323919 0.0997262487263078 0.243492015723925 0.053621575001977 0.0382972814118304 0.068423481722851 0.0740411334474149 0.131239259547334 0.532096303422756 0.181004545080011 0.0350968032803829 0.0438815914307628 -9999 -9999 0.0523020115995872 0.6713008920452 0.275460646457485 0.0459733641945979 0.0265842736369028 0.0247060645070339 -9999 -9999
-9999 -9999 -9999 -9999 -9999 -9999 -9999 -9999 -9999 -9999 -9999 -9999 -9999 -9999 -9999 -9999 -9999 -9999 0.0530096448265874 0.0457965360628879 0.0302243755216071 0.0251159355541296 0.023780480925626 0.0233523538954154 0.0244314009721809 0.0318379280781106 0.0519849758607708 0.0521126603941629 0.0663001700913705 0.0254317649034047 0.0262813496355706 0.0414524864399281 0.0418967120891637 0.0585148314127401 0.057847827724707 0.0541421824365614 -9999 -9999 -9999 -9999 -9999 -9999 0.0402516019871017 0.0339174655274261 0.158512511517577 0.0280810423706611 0.026538965481311 -9999
-9999 -9999 -9999 0.0507595984183064 0.0469937342001038 0.0637755947229268 0.0546169691055138 0.056791354523664 0.0626533906245646 0.0597202579765909 0.100594912791931 0.140257477561568 0.0380094842276894 0.0615766614815754 0.039877524236243 0.0482765410703928 0.0459618148377667 0.0426434931260466 0.0446290283539164 0.052221122496737 0.0547881273368917 0.032762960773941 0.0266288518214405 0.02661667024593 0.0268825630814009 0.0325743075733865 0.0249817430099559 0.0261856758958554 -9999 -9999 -9999 -9999 0.0285611813231498 0.0413259770512422 -9999 -9999 -9999 -9999 -9999 -9999 -9999 -9999 0.0273468683258654 0.0243300357990123 0.0300389154221343 0.0300133365772731 0.0319793853069852 0.0243136988078589
-9999 -9999 -9999 0.0441076133726826 0.0512691063168272 0.0388042081918384 0.0381418849464842 0.0754087625016006 0.0798857719301689 0.0429528589793344 0.0617551932855031 0.0929636986739484 0.0372685670936615 0.0392212152396244 0.0320774318815697 0.0383820267040357 0.0615837873938335 0.0416058654129138 0.0597848188841103 0.289531341350554 0.493152890382497 0.745165487616813 0.149395930258193 0.108611912499641 0.374275242682624 0.203623201083016 0.098143979866096 -9999 -9999 -9999 -9999 -9999 -9999 -9999 -9999 -9999 -9999 -9999 -9999 -9999 -9999 -9999 -9999 0.0243225009701903 0.0246284660439228 0.0245202904881554 0.0268282823263813 0.221689832013976
-9999 -9999 -9999 -9999 0.0409976299234121 0.0481535375821667 0.0638817688444553 0.110105458187646 0.0406633408572887 0.0233174772879539 0.0233174772879539 0.0237509769825337 0.0237610050397939 0.024522891715317 0.030998883016762 0.0341125033436783 0.0337269834830772 0.0233174772879539 0.0261746476390336 0.0299823326696199 0.034697403766402 0.0331779149788187 0.0390686892667146 0.0420006967221212 0.0431618659124868 0.10947708059611 0.0346264253662807 0.0282981200310747 -9999 -9999 -9999 -9999 -9999 -9999 -9999 -9999 -9999 -9999 -9999 -9999 -9999 -9999 -9999 -9999 0.0317854920604959 0.0322535766495235 0.0318290583568488 0.0987210147856118
-9999 -9999 -9999 0.0466288546474101 0.0418819567087705 0.0575309683183968 0.0333891225606388 0.0342418689066053 0.02391015017163 0.0233360162788605 0.0235013518999881 0.0236009734004121 0.0237802073498236 0.0239253127611426 0.0239253127611426 0.0285046042117169 0.0244725392913155 0.0239202755069033 0.023098948374742 0.023122903556354 0.0231088577513787 0.0231088577513787 0.0233602364657652 0.0234197840669949 0.0339685203782 0.0397938395460393 0.0281365906698178 -9999 -9999 -9999 -9999 -9999 -9999 -9999 -9999 -9999 -9999 -9999 -9999 -9999 -9999 -9999 -9999 -9999 -9999 -9999 0.0317019179252685 0.0565961447268775
-9999 -9999 -9999 -9999 0.0580690042433055 0.044280380811899 0.0257105364353783 0.0243211271797545 0.0395945014156794 0.0236131829766314 0.0235013518999881 0.0231088577513787 0.0233174772879539 0.0252725066777401 0.0285589599037489 0.0239253127611426 0.0244913201277343 0.0251163337018002 0.0231088577513787 0.023098948374742 0.0230139966482795 0.0231088577513787 0.0239391282295619 0.0239670403951626 0.0276611358416631 -9999 -9999 -9999 -9999 -9999 -9999 -9999 -9999 -9999 -9999 -9999 -9999 -9999 -9999 -9999 -9999 -9999 -9999 -9999 -9999 -9999 -9999 -9999
-9999 -9999 -9999 -9999 0.0495826007636347 0.0460084339178949 0.0254558396412064 0.0239632699857105 0.0437351686717098 0.0267740781281093 0.024136664302641 0.0249377248348219 0.0253503939097457 0.0325471758155358 0.0233602364657652 0.0233174772879539 0.030450070361195 0.0256193027640785 0.0246072028681526 0.0254603727932304 0.0239391282295619 0.0239202755069033 0.0258058355010664 -9999 -9999 -9999 -9999 -9999 -9999 -9999 -9999 -9999 -9999 -9999 -9999 -9999 -9999 0.0261089191167555 0.0244314009721809 0.0277706414163018 -9999 -9999 -9999 -9999 -9999 -9999 -9999 -9999
-9999 -9999 -9999 0.0463068139215127 0.0463474496755575 0.0600480114822501 0.0354915944990093 0.0400719878453662 0.0408806313942614 0.0391363153157163 0.0483391857706449 0.0273388241791975 0.0233244876816324 0.0249165500081072 0.0237785539017937 0.0233174772879539 0.0233257231993712 0.0303490053240447 0.0251913993608023 0.0288584420597107 0.0268920025292645 0.02637028585025 -9999 -9999 -9999 -9999 -9999 -9999 -9999 -9999 -9999 -9999 -9999 -9999 -9999 -9999 -9999 -9999 0.0246601735808574 0.0327091087479816 -9999 -9999 -9999 -9999 -9999 -9999 -9999 -9999
