BRT_projection_files/BRT_CCV/B_muscorum_2_projection.asc
NCOLS 79 
NROWS 71 
XLLCORNER -10.5 
YLLCORNER 36 
CELLSIZE 0.5 
NODATA_value -9999 
[rows 44 to 65 of 71, columns 0 to 48 of 79]
-9999 -9999 -9999 -9999 -9999 -9999 -9999 -9999 -9999 -9999 -9999 -9999 -9999 -9999 -9999 -9999 -9999 -9999 0.442033911609526 0.300231232967911 0.376157714726495 0.399845203650322 0.223180497577666 0.266734381465985 0.135739181556596 0.175423072785225 0.143488269348335 0.197053700320193 0.193268150673818 0.149800331983662 0.239470201989816 0.236137929703214 0.23841327318924 0.28639842493283 0.166908590516725 0.174991825136111 0.142767161425164 0.334565364858953 0.154476779546589 0.239883272302367 0.208820957308853 0.208717273895222 0.420107697872022 0.306021636237587 0.178708487413396 0.120152403725601 0.111202025047091 0.110708996636281 0.215664099113441
-9999 -9999 -9999 -9999 -9999 -9999 -9999 -9999 -9999 -9999 -9999 -9999 -9999 -9999 0.190447172927863 -9999 -9999 -9999 0.373473562340171 0.351047110832177 0.30615744615232 0.388659808466326 0.207957954941612 0.146360835643374 0.252474429183455 0.329883451946978 0.27554398186677 0.152898283099304 0.141328796176156 0.143633377514743 0.218505141484382 0.249844402862569 0.239164266465142 0.277116756822131 0.199136236762071 0.0998542977563751 0.316167684145411 0.142032663945646 0.172056524062053 0.341534582794516 0.166093564191221 0.350048886469664 0.22642263696203 0.345656886376592 0.199387432612285 0.219704792234491 0.235083652787651 0.16622829992487 0.102248234817486
-9999 -9999 -9999 -9999 -9999 -9999 -9999 -9999 -9999 -9999 -9999 -9999 0.248179926989281 0.300110769326296 0.314115925139689 0.321283183247158 0.297675967486686 0.226315638800101 0.294995456186053 0.269561830126119 0.331638632522634 0.241538914453183 0.209106629135757 0.142587293890615 0.158753251547957 0.136606300670642 0.157148575118107 0.146200252315505 0.20649662426909 0.206222794442398 0.23393415680219 0.227676171845603 0.23066872869027 0.175095331162928 0.139155857096905 0.1251919981818 0.23372084599316 0.138068580057867 0.307418837815484 0.221902045574182 0.412030743237599 0.359814509480219 0.364332107041309 0.380380751270931 0.435347582217211 0.247592254675543 0.249271467437762 0.374845420576734 0.453892310685515
-9999 -9999 -9999 -9999 -9999 -9999 -9999 -9999 -9999 -9999 -9999 -9999 -9999 -9999 0.244188126439967 0.277497370843342 0.234058330223654 0.25656684623813 0.287896574923147 0.297816751403152 0.217021698574481 0.156703889555558 0.165478081706408 0.160770497474011 0.119968253945699 0.117824551361092 0.155088071415876 0.152710908292724 0.238897924713595 0.241662846049124 0.19756495081964 0.273148764639928 0.225846222872285 0.145781444644654 0.181831607117275 0.199633955746459 0.231019848870156 0.149179897267982 0.46780526489297 0.497358989679607 0.380643341764117 0.4596809629846 0.168605603718233 0.175787677594856 0.125033239926358 0.203829209904631 0.0778636024170639 0.0883329868506539 0.12032195116266
-9999 -9999 -9999 -9999 -9999 -9999 -9999 -9999 -9999 -9999 -9999 -9999 -9999 -9999 -9999 -9999 -9999 0.346593036475183 0.297116839481845 0.165842347592319 0.138774772504817 0.164604860093708 0.213217789180812 0.153563438457942 0.148957533901212 0.116669263559229 0.161329833000526 0.178474158305871 0.175465204816842 0.194196248570398 0.195954052503001 0.236573967319238 0.150142731206896 0.143028352825639 0.135994596602666 0.256824334621123 0.235290320992915 0.380602151232865 0.64495544196113 0.389166303579922 0.220792473825149 0.167380026436895 0.0405336294856888 0.0496203777546437 0.120152427940947 0.0912724731935736 0.0884624735908983 0.0510241319816457 0.0304596223847838
-9999 -9999 -9999 -9999 -9999 -9999 -9999 -9999 -9999 -9999 -9999 -9999 -9999 -9999 -9999 -9999 -9999 0.187206514860071 0.193563913496064 0.257238376318439 0.193754745497509 0.102570377738477 0.134592399984389 0.312362902970649 0.152199507262963 0.319567445458007 0.16069544348171 0.132980962877124 0.195903736493354 0.166018642592283 0.171929029010354 0.137001647046836 0.178209230151703 0.161127854346848 0.489093072493492 0.310494443188838 0.167587465896805 0.0527726873692982 0.143907443003438 0.104050230495084 0.116544890303229 0.0785441105686607 0.0459577209471223 0.0295419367317428 0.0302937497111624 0.0438456250775739 0.0432825871696203 0.0300747594336137 0.0377534582699385
-9999 -9999 -9999 -9999 -9999 -9999 -9999 -9999 -9999 -9999 -9999 -9999 -9999 -9999 -9999 -9999 -9999 -9999 -9999 0.113387411305659 0.117875868090954 0.152855946612234 0.300350410096586 0.362482480346386 0.19815823196302 0.428484577474507 0.28144415441604 0.228336491304088 0.318752800066907 0.189227828199442 0.207110329599674 0.195969071251178 0.147309633014093 0.21150629320298 0.138582607073056 0.0295224895167773 0.0325866340503073 0.0351905727257088 0.0572913699491002 0.0308671059551789 0.050204701746419 0.0296224000757882 0.0298552189272416 0.0661130076967954 0.0296119708004515 0.029558897951275 0.145978647343746 0.222318844684735 0.04152812670817
-9999 -9999 -9999 -9999 -9999 -9999 -9999 -9999 -9999 -9999 -9999 -9999 -9999 -9999 -9999 -9999 -9999 -9999 -9999 0.168840132903751 0.117226365584908 0.182908936077242 0.126455602729001 0.171532482375492 0.17346366425484 0.11348685341178 0.106886129898012 0.229023441608014 0.101068461226703 0.345301925141284 0.38439690435816 0.131827850413775 0.137207939732152 0.133315039979748 0.033216228601148 0.0299375433545123 0.047035821587534 0.153210540356091 0.15072856515763 0.189564154649221 0.196858638899402 0.208620704022975 0.138106171290764 0.200908534571382 0.289475431936228 0.170051018430837 0.150209907415533 -9999 0.261151246799092
-9999 -9999 -9999 -9999 -9999 -9999 -9999 -9999 -9999 -9999 -9999 -9999 -9999 -9999 -9999 -9999 -9999 -9999 -9999 0.146182452001637 0.159406957062604 0.140289871611367 0.105009121335344 0.104488432955729 0.0936447065364162 0.177840697850518 0.16355616605035 0.110669456664165 0.158061329891217 0.211340602126041 0.131754983345079 0.0941219841320018 0.162030172550039 0.0378172867666546 0.030296448578375 0.070330470506174 0.285926616797166 0.125603473614665 0.156573165682275 0.262100274882879 0.157668494745878 0.15864157710116 0.237606196803251 0.13805686802172 0.155458031151988 -9999 -9999 -9999 0.131890255293942
-9999 -9999 -9999 -9999 -9999 -9999 -9999 -9999 -9999 -9999 -9999 -9999 -9999 -9999 -9999 -9999 -9999 -9999 -9999 0.15189245635252 0.127928312517267 0.158752390646845 0.130991914860454 0.0960599874433913 0.189493845024028 0.147967202348854 0.217105453781815 0.158694186485728 0.157119288751367 0.146823850348428 0.0907715490173214 0.171665057956125 0.093649184246059 0.0377636022131681 0.0303157258930564 0.187704039943201 0.156848743871067 0.181794734366833 0.221927131420911 0.165633970177602 0.176058190045731 0.223581989071342 0.207903594896347 0.131162737106778 0.106814719301578 0.181489782654562 -9999 -9999 -9999
-9999 -9999 -9999 -9999 -9999 -9999 -9999 -9999 -9999 -9999 -9999 -9999 -9999 -9999 -9999 -9999 -9999 -9999 0.134792352110818 0.0984724033413162 0.112908324178918 0.133114009446318 0.154290693859375 0.156871590297505 0.159808546505494 0.261375189737425 0.352200257303092 0.163181324013101 0.256393809032328 0.106388952453171 0.134365281058812 0.192334042907377 0.178930081301165 0.169145336346589 0.0818266092610657 0.146481920826369 0.094506866726057 0.103537784672631 -9999 -9999 0.127520955476492 0.0928558328262423 0.0952647664745169 0.205712103563683 0.147641305558328 0.193126444310086 -9999 -9999 -9999
-9999 -9999 -9999 -9999 -9999 -9999 -9999 -9999 -9999 -9999 -9999 -9999 -9999 -9999 -9999 -9999 -9999 -9999 0.0778501569828533 0.119408915656964 0.200295096160941 0.127548655418183 0.103446952785369 0.20576703970217 0.132109685664134 0.140285213366755 0.103029491488292 0.106213739161317 0.119124951539908 0.146339646934319 0.188654444311021 0.215712792015422 0.10910393279539 0.102428474830641 0.0884022294339853 0.128723539064556 -9999 -9999 -9999 -9999 -9999 -9999 0.238627463121905 0.174303082036851 0.106679091180376 0.108185790989368 0.293637163813225 -9999 -9999
-9999 -9999 -9999 0.212162228769607 0.0906803261601781 0.166655037849176 0.156151310063189 0.156289591149618 0.241828127884037 0.20258590608712 0.380987717411536 0.461829210361536 0.121476970514136 0.115112060711077 0.134749208308568 0.0999019856003987 0.224229182154956 0.121650503500371 0.147602618313906 0.113921231451866 0.115266814147778 0.117455838795564 0.172591961167884 0.137745774871826 0.142902913557777 0.128619503822959 0.111960243077967 0.153639024611149 -9999 -9999 -9999 -9999 0.143397630769402 0.088890714934623 -9999 -9999 -9999 -9999 -9999 -9999 -9999 -9999 0.110522894010914 0.108874371801059 0.168880479383892 0.165152619502418 0.199943637503096 0.179176554696413 0.164008646823834
-9999 -9999 -9999 0.107959630797973 0.0949137010740169 0.0994744341337369 0.168280771303361 0.140189053407156 0.167556960235224 0.180456392524427 0.181320160739902 0.270577479719832 0.241962298406534 0.263633374372408 0.257454316768271 0.216185454859394 0.186578691071653 0.173901208406726 0.169581855626236 0.176674767948797 0.247997482127514 0.0795641530077249 0.209893602949978 0.0977571960933684 0.137883390345753 0.117445821555389 0.103965943969093 -9999 -9999 -9999 -9999 -9999 -9999 -9999 -9999 -9999 -9999 -9999 -9999 -9999 -9999 -9999 -9999 0.133716758088963 0.141449832478942 0.138353697987488 0.149846004737521 0.119493749815931 0.193182941012888
-9999 -9999 -9999 -9999 0.119767141157444 0.0937785834482144 0.159203321924619 0.155890302981467 0.164152525879265 0.186604879558868 0.272315721727909 0.0999968759666858 0.317601569758651 0.316272074167387 0.229525526147859 0.222470317014554 0.249623792343839 0.154423119772574 0.168549884717736 0.193895658731594 0.164731313613627 0.15317495800571 0.244220526815067 0.187147620296229 0.170465467275862 0.219465698089313 0.108394865132925 0.107994109940998 -9999 -9999 -9999 -9999 -9999 -9999 -9999 -9999 -9999 -9999 -9999 -9999 -9999 -9999 -9999 -9999 0.151517594617682 0.135650084444366 0.128854184198401 0.154787097635211 0.109804446142584
-9999 -9999 -9999 0.169011957844593 0.0916929453472846 0.160146782276534 0.118991089736162 0.100568306006187 0.180105475842127 0.284692862690895 0.142488237233258 0.122799292530632 0.205756189589953 0.2449146358919 0.160931907923733 0.220117280519455 0.344089970015174 0.155688735580368 0.119950301279172 0.153274000447171 0.127200079502323 0.148069283623335 0.143196820525393 0.164406970710223 0.262960761684557 0.191601477570705 0.1698265692386 -9999 -9999 -9999 -9999 -9999 -9999 -9999 -9999 -9999 -9999 -9999 -9999 -9999 -9999 -9999 -9999 -9999 -9999 -9999 0.242702846137456 0.155203341768813 0.087643745890298
-9999 -9999 -9999 -9999 0.114181203584636 0.0925628841295188 0.136697414708081 0.137150221562233 0.328832621906571 0.246542117316605 0.189804080949487 0.1408646640158 0.168866247420962 0.385810833672409 0.236106235648609 0.298589156983789 0.56373655228911 0.253193312268737 0.173360675221879 0.150566845117485 0.131184412279401 0.192064283090645 0.113948480587454 0.175949936200409 0.146059437964259 -9999 -9999 -9999 -9999 -9999 -9999 -9999 -9999 -9999 -9999 -9999 -9999 -9999 -9999 -9999 -9999 -9999 -9999 -9999 -9999 -9999 -9999 -9999 0.167886400737784
-9999 -9999 -9999 -9999 0.0894894090488789 0.0833488230612518 0.116468874627858 0.187190705398878 0.310620629100531 0.201916532114596 0.229414649157737 0.216130780206878 0.423403236287463 0.316789701764872 0.165567853958816 0.174711414502888 0.220137070014326 0.267965082711779 0.526971602599046 0.253881046258581 0.158915040836025 0.123363976126228 0.114160884105065 -9999 -9999 -9999 -9999 -9999 -9999 -9999 -9999 -9999 -9999 -9999 -9999 -9999 -9999 0.141952046058284 0.137461444463853 0.0937207671059827 -9999 -9999 -9999 -9999 -9999 -9999 -9999 -9999 -9999
-9999 -9999 -9999 0.139475853377497 0.090606185101202 0.125978395372747 0.11488085321442 0.179623069036203 0.112900283595106 0.255137424013775 0.303070024027396 0.224105590497836 0.144503145159858 0.207771149863788 0.156459736924367 0.264871567688075 0.166689950264811 0.241835390755046 0.291869682779331 0.226922062496661 0.128840463406275 0.105954286928857 -9999 -9999 -9999 -9999 -9999 -9999 -9999 -9999 -9999 -9999 -9999 -9999 -9999 -9999 -9999 -9999 0.256471713822802 0.116945981712098 -9999 -9999 -9999 -9999 -9999 -9999 -9999 -9999 -9999
-9999 -9999 -9999 0.121934418647607 0.108898108859696 0.101328862806389 0.189546586492601 0.244762388377894 0.188309238595189 0.167921626719202 0.166758460412214 0.116248329188693 0.127622933461458 0.0820914378859979 0.0829535837275262 0.243381484122323 0.264185060862385 0.183849243712718 0.174721718048627 0.129728012555795 0.146640152871394 -9999 -9999 -9999 -9999 -9999 -9999 -9999 -9999 -9999 -9999 -9999 -9999 -9999 -9999 -9999 -9999 -9999 0.133765346730482 0.0871720280203282 -9999 -9999 -9999 -9999 -9999 -9999 -9999 -9999 -9999
-9999 -9999 0.204346598423299 0.134473776678241 0.119244187073907 0.183601693358111 0.129348076402936 0.198947931950377 0.135298230682096 0.166062045588759 0.176420277191539 0.145132837648745 0.140236685847567 0.145812067429592 0.0819724367067143 0.186297675952271 0.135345450945509 0.0821534816585466 0.112893734527623 0.123961375840488 -9999 -9999 -9999 -9999 -9999 -9999 -9999 -9999 -9999 -9999 -9999 -9999 -9999 -9999 -9999 -9999 -9999 -9999 0.123603465474916 0.187691686450598 -9999 -9999 -9999 -9999 -9999 -9999 -9999 -9999 -9999
-9999 -9999 0.204022389694866 0.113400484959176 0.134554059719862 0.132250987251631 0.139174397597391 0.136749694828003 0.170056508953822 0.144749454465686 0.208306978035073 0.178162895634781 0.139894107896949 0.14281950768002 0.190389094292695 0.27272526000862 0.182522785252251 0.10785463415526 0.136653125703848 0.103015399350484 0.114989209676608 -9999 -9999 -9999 -9999 -9999 -9999 -9999 -9999 -9999 -9999 -9999 -9999 -9999 -9999 -9999 -9999 -9999 -9999 -9999 -9999 -9999 -9999 -9999 -9999 -9999 -9999 -9999 -9999
