BRT_projection_files/BRT_CCV/B_mucidus_1_projection.asc
NCOLS 79 
NROWS 71 
XLLCORNER -10.5 
YLLCORNER 36 
CELLSIZE 0.5 
NODATA_value -9999 
[rows 42 to 62 of 71, columns 0 to 46 of 79]
-9999 -9999 -9999 -9999 -9999 -9999 -9999 -9999 -9999 -9999 0.0348310902456884 -9999 -9999 0.033354263044766 -9999 -9999 -9999 -9999 -9999 -9999 -9999 -9999 -9999 -9999 0.0252012080382052 0.0260196714048152 0.0166375422496641 0.0075236122406251 0.0163534024453769 0.0254997276017955 0.0348390902318653 0.0279543518788643 0.245424615205046 0.420153484855163 0.122108921104603 0.00762350074862227 0.0224675051443536 0.0133557527975827 0.00675659479003715 0.050955746621093 0.0526229809804066 0.00777242444349874 0.0213932819246103 0.0322248902473929 0.0325855883597927 0.0175238105256773 0.039407402682722
-9999 -9999 -9999 -9999 -9999 -9999 -9999 -9999 -9999 -9999 -9999 -9999 -9999 -9999 -9999 -9999 -9999 -9999 -9999 -9999 -9999 -9999 0.0327895425075354 0.0262551794862352 0.0140453838975859 0.00748083953549396 0.0146192077009637 0.0163275684612851 0.0163779521366438 0.0209170774570008 0.108164054534534 0.0282530741252457 0.0354210426548966 0.0155297498982157 0.0171620724568136 0.0167264654281656 0.00644928065143623 0.00752417128907586 0.0153475876885955 0.0153164306705761 0.00767427783604073 0.00776485798081657 0.00767485767762069 0.0176501090579792 0.0176766962635873 0.0177948045072993 0.0177509273371083
-9999 -9999 -9999 -9999 -9999 -9999 -9999 -9999 -9999 -9999 -9999 -9999 -9999 -9999 -9999 -9999 -9999 -9999 0.0135589710983561 0.0141760045564143 0.00755847613923471 0.026206184249885 0.0215396166867152 0.0147121842656605 0.015102244879693 0.00753330667023195 0.0148026205164247 0.0221597254107137 0.00750660341558639 0.00747774748246899 0.0163891428877845 0.0258280994889557 0.0161874991934155 0.0229106534987024 0.0309929789065801 0.0451952115407884 0.0701271597321559 0.00707792771141141 0.0162215240361914 0.016749194033061 0.0147959108906902 0.0215624076548193 0.0064072696113334 0.00771000405169085 0.00659602077600476 0.00738134600428311 0.0284695441893937
-9999 -9999 -9999 -9999 -9999 -9999 -9999 -9999 -9999 -9999 -9999 -9999 -9999 -9999 0.0146799674461455 -9999 -9999 -9999 0.0271219955100382 0.0271307342642286 0.0135807346827426 0.0135816019971676 0.00755714626674181 0.00751410819131397 0.00753231747122431 0.0068208734840232 0.00752449027675758 0.0295533233130549 0.0146957453479032 0.0167339048841533 0.0246754541755232 0.0345693487454648 0.019470389588371 0.016447538048938 0.022251974070234 0.0385204713469978 0.0164563733864299 0.0410814138275256 0.026726039182863 0.0145116794735242 0.0774695612033039 0.0276727533810196 0.00637020731404792 0.00660760568813211 0.00665605290059334 0.00734552433506944 0.0151171792454798
-9999 -9999 -9999 -9999 -9999 -9999 -9999 -9999 -9999 -9999 -9999 -9999 0.0308155227227901 0.0269061015973117 0.0291178288441492 0.0162817451717945 0.0162892072781337 0.00745463400403215 0.0318524607932936 0.0338687951938945 0.0320643638608935 0.00636644620614443 0.00637688131885076 0.00752662414240065 0.00752118000883709 0.00754988652878208 0.00756161082257248 0.00750572543700006 0.0228173043805049 0.0228050540269098 0.0248633713507748 0.0358319374228183 0.0567782735370762 0.0351370001242006 0.0911928648869048 0.0723976772178026 0.0165224160235004 0.786820774178394 0.204802746817952 0.0176142213752588 0.0155142661364011 0.0148883942509557 0.0142092588158109 0.0164017876989271 0.0176579417801211 0.0214529268842676 0.0278701214927727
-9999 -9999 -9999 -9999 -9999 -9999 -9999 -9999 -9999 -9999 -9999 -9999 -9999 -9999 0.0341346581606582 0.0142336474258776 0.00637012180130049 0.00637080710707004 0.0139989372862616 0.021346317133335 0.00637341834789446 0.00637112115692445 0.0063691975532508 0.00750186255343 0.00753082497918547 0.0148046077948186 0.0225390321727923 0.016339613248369 0.0163493526180823 0.0166202916214525 0.025938035679812 0.0257237372963277 0.0645961433101314 0.0443819997341844 0.129260882989019 0.0833316591746496 0.0671320015584116 0.143212887236308 0.0339075377255416 0.0216194416326885 0.027614633616589 0.145051189022631 0.117194241446579 0.780717524995833 0.80348583501635 0.776071234650206 0.830036096577496
-9999 -9999 -9999 -9999 -9999 -9999 -9999 -9999 -9999 -9999 -9999 -9999 -9999 -9999 -9999 -9999 -9999 0.0135823914680804 0.0139508408196758 0.00636466421906378 0.0074534524516964 0.00755855896722037 0.00745137866712122 0.00728957793813306 0.00756434845024712 0.0164328265871663 0.016339613248369 0.0165982045156219 0.0434264218148869 0.135949351329615 0.0166355483461128 0.0252823865225613 0.0565501845424027 0.0504348842632268 0.207909681664379 0.0522327952613361 0.0354815006674553 0.0465504367597328 0.0655678302158984 0.149062057580425 0.912475663206899 0.717136000847872 0.849632585371792 0.828676989490291 0.901818791896012 0.628020120785193 0.888361221560171
-9999 -9999 -9999 -9999 -9999 -9999 -9999 -9999 -9999 -9999 -9999 -9999 -9999 -9999 -9999 -9999 -9999 0.0251655201528963 0.0251636527772231 0.0160101123963908 0.0212655765772005 0.00747686842520318 0.00749470650139178 0.0124497828390293 0.0163567075812708 0.014057685476687 0.0139626389312827 0.0139444022198615 0.0280406240533566 0.209865844091921 0.0141365991980045 0.0279900109792866 0.0525399188471707 0.23031353887005 0.0578894433214451 0.390134123040852 0.715545424804686 0.868572287576586 0.706052606273848 0.790590643158481 0.36831422855158 0.166350106329147 0.0493691833286827 0.83538245202634 0.268376179519612 0.75074988057001 0.944743502841875
-9999 -9999 -9999 -9999 -9999 -9999 -9999 -9999 -9999 -9999 -9999 -9999 -9999 -9999 -9999 -9999 -9999 -9999 -9999 0.0163243683711032 0.0321727005838929 0.016412077497209 0.0139852673968587 0.0331672829502636 0.0291767615506252 0.0137176948836594 0.0137023720451699 0.018946441392627 0.0233851791797472 0.0269778148484848 0.0355922456228957 0.0319981080989512 0.652259528934122 0.274077256945224 0.242395935881625 0.617197738951445 0.738285845741798 0.933486887831359 0.395673727228241 0.939908213849108 0.920324307233052 0.630360164939602 0.449215447229008 0.375622059924704 0.461526804650978 0.866826287397963 0.105137591451714
-9999 -9999 -9999 -9999 -9999 -9999 -9999 -9999 -9999 -9999 -9999 -9999 -9999 -9999 -9999 -9999 -9999 -9999 -9999 0.0321892374340767 0.025319176282099 0.0357510595362393 0.0291544360382971 0.0329187308325994 0.130652022116795 0.194080156443222 0.154416453805531 0.0241936325228189 0.223610576500569 0.0161403540671486 0.0382825673156783 0.0334865187897988 0.0475082309874607 0.848352322293941 0.888818972995572 0.580186914345376 0.137196343270394 0.0622579378340243 0.0614632343147118 0.0693611405793933 0.231502277326446 0.275265722736382 0.240156390506481 0.0668822055949107 0.0692618988892789 0.0297807140570995 0.0901191773735274
-9999 -9999 -9999 -9999 -9999 -9999 -9999 -9999 -9999 -9999 -9999 -9999 -9999 -9999 -9999 -9999 -9999 -9999 -9999 0.03519687247956 0.0279490646740453 0.0159387211993136 0.0938793661553051 0.326383966497222 0.0704751204971374 0.295853052259707 0.455809728278549 0.0150717086893385 0.0210264173438037 0.0405465640002921 0.063554380057273 0.0391453483914658 0.421127968838315 0.580402025790156 0.24072295965581 0.733453903129523 0.0162780594627956 0.0166429819490571 0.0289633074630129 0.0289946266668088 0.0291361136888988 0.0150182733712804 0.0149964598185075 0.0228603454255389 0.0232309945978985 -9999 -9999
-9999 -9999 -9999 -9999 -9999 -9999 -9999 -9999 -9999 -9999 -9999 -9999 -9999 -9999 -9999 -9999 -9999 -9999 -9999 0.0780816284860098 0.0208394828682588 0.0139680908524304 0.0217578049317394 0.0393021312443238 0.036020951123962 0.0463557953615577 0.0472865700047337 0.285708492228896 0.0870044957879619 0.231935532974503 0.0437350958031229 0.0712548440768207 0.391274412669157 0.330806468629595 0.338437441310792 0.279972756491154 0.00763156763419645 0.00746507812967583 0.0256415746769043 0.0465718123175383 0.0457506611181984 0.0353946215974475 0.0249675254982546 0.0229434136519504 0.00736901693453877 0.00719858497265114 -9999
-9999 -9999 -9999 -9999 -9999 -9999 -9999 -9999 -9999 -9999 -9999 -9999 -9999 -9999 -9999 -9999 -9999 -9999 0.117046632286153 0.132242311833328 0.273336664827028 0.0164703147973024 0.0124968618858773 0.0192082349742926 0.0222523497999819 0.028588886647815 0.0262618480943894 0.0483007950859375 0.395607215641191 0.0521268548679064 0.021145163836613 0.0296354857651128 0.058083176270415 0.455163122222958 0.585501314893599 0.770856702385617 0.127139886587666 0.0496651972996349 -9999 -9999 0.154123509827558 0.112350801086526 0.0515540977363094 0.0349860406040284 0.0251436493382656 0.0258823215633608 -9999
-9999 -9999 -9999 -9999 -9999 -9999 -9999 -9999 -9999 -9999 -9999 -9999 -9999 -9999 -9999 -9999 -9999 -9999 0.0606309272874772 0.0403486554941093 0.0356936325169111 0.01564796310743 0.0074844824437273 0.00751022572808122 0.0212274045494474 0.0333354554847657 0.0406390766963619 0.0413036893994389 0.14693796922392 0.027338208766872 0.0076142282708204 0.0104070210194281 0.0395033681117271 0.124676661286383 0.188748978533874 0.175220049577541 -9999 -9999 -9999 -9999 -9999 -9999 0.0369882854033417 0.0354352520923408 0.040487063347923 0.0165915336221378 0.0347574979328644
-9999 -9999 -9999 0.0511648196313707 0.0687804258350004 0.0493292488730708 0.0503222631915988 0.0457901622573507 0.121094240471661 0.0703393829131668 0.162324226330007 0.319483912505637 0.0708542727368102 0.182752090697605 0.0584608272022764 0.0922957425421658 0.107610340215202 0.111850394451634 0.0347938322757436 0.0466832584035314 0.0461825699308456 0.0343729720049284 0.0309596388746792 0.0216827330643119 0.0216702866318512 0.0343090879954192 0.0170315097503275 0.00779795708518103 -9999 -9999 -9999 -9999 0.0193625312087444 0.140567138317211 -9999 -9999 -9999 -9999 -9999 -9999 -9999 -9999 0.0334279719657718 0.0165456698404179 0.0162362165447438 0.0163666354711489 0.034245817471053
-9999 -9999 -9999 0.120864768098508 0.147175542351592 0.0205207624110634 0.030983305882315 0.0549269255833123 0.0585427092289719 0.0267027991085763 0.0466083123816661 0.06397056434356 0.0229286165480353 0.02465797773255 0.00849841496057232 0.0203141957959286 0.0410277478264205 0.0404697348757733 0.0732440435511423 0.532160599908892 0.848029887535159 0.854470811585754 0.424982619257864 0.630651362975864 0.632391269265083 0.383615285594255 0.0172889185955751 -9999 -9999 -9999 -9999 -9999 -9999 -9999 -9999 -9999 -9999 -9999 -9999 -9999 -9999 -9999 -9999 0.00750915258309783 0.0165703120086584 0.0170561177527746 0.0318344928419486
-9999 -9999 -9999 -9999 0.0690541016510244 0.0814945231374067 0.105605655240065 0.309984096023196 0.010441205536403 0.0075145995147722 0.00749470650139178 0.00752215750429973 0.00750677302069426 0.00746645927705088 0.0350679174100522 0.0292068044061191 0.00942658761618954 0.00793565394957878 0.00748153293697776 0.00922104413272437 0.00903569758467407 0.0262334293479927 0.0185194504949314 0.0202883546960079 0.148419875364154 0.353913819254459 0.0683722518158054 0.00781504867741456 -9999 -9999 -9999 -9999 -9999 -9999 -9999 -9999 -9999 -9999 -9999 -9999 -9999 -9999 -9999 -9999 0.0407817149494164 0.0351229125691282 0.0363727662113957
-9999 -9999 -9999 0.0836901207034646 0.0607471884206469 0.0899760560504369 0.0465276755705262 0.0233023685048357 0.00766013024055962 0.00749198016272794 0.00751968043601976 0.00747610883612109 0.00751366954115917 0.00749715508034417 0.00756053632523571 0.00770610120579916 0.00750301591741042 0.00759402905417513 0.00751807841206837 0.00769973170800311 0.00749808157316512 0.00748432851688859 0.00760600300999444 0.00637261942573862 0.0102122380133989 0.020226582786777 0.016808747327558 -9999 -9999 -9999 -9999 -9999 -9999 -9999 -9999 -9999 -9999 -9999 -9999 -9999 -9999 -9999 -9999 -9999 -9999 -9999 0.0360470477717661
-9999 -9999 -9999 -9999 0.0999555922920516 0.0347528727153245 0.0075186864534583 0.00771010924307138 0.00622862153230739 0.00637104325244128 0.00750433905185119 0.0075084517756639 0.00756990619234558 0.00952870642152555 0.00784624104609057 0.00736187046442494 0.00739957141706264 0.00765126975567468 0.00756990029254926 0.00754674807286601 0.00745297233697228 0.00736599990124324 0.00754501044404753 0.00771010646749563 0.00852402138316974 -9999 -9999 -9999 -9999 -9999 -9999 -9999 -9999 -9999 -9999 -9999 -9999 -9999 -9999 -9999 -9999 -9999 -9999 -9999 -9999 -9999 -9999
-9999 -9999 -9999 -9999 0.0835585035303747 0.0334383272980999 0.0159754921545951 0.00873724847914364 0.0063615224626758 0.00639293918721422 0.00637291136363391 0.00637266709078796 0.00733258387288449 0.00770733204675716 0.00748002384419068 0.00756742185361192 0.00794756323229033 0.00778244285985418 0.0073279131367914 0.00771255728946586 0.00763236993309257 0.00764481517529618 0.00765188413335141 -9999 -9999 -9999 -9999 -9999 -9999 -9999 -9999 -9999 -9999 -9999 -9999 -9999 -9999 0.00762195012294305 0.016260352884178 0.033328981801326 -9999 -9999 -9999 -9999 -9999 -9999 -9999
-9999 -9999 -9999 0.0442765208030971 0.0413550299193517 0.0973567791392507 0.0696801889451693 0.0754428680652973 0.0936770104093979 0.0629247521479972 0.0700233840852227 0.0394432224188404 0.00748328364453702 0.0076995306892917 0.00767212108003338 0.00749470650139178 0.00757626212496231 0.0088347867299657 0.00765011292617286 0.00788224961812967 0.00767014756946966 0.00768924710914021 -9999 -9999 -9999 -9999 -9999 -9999 -9999 -9999 -9999 -9999 -9999 -9999 -9999 -9999 -9999 -9999 0.0233076556990882 0.0450144879242097 -9999 -9999 -9999 -9999 -9999 -9999 -9999
