BRT_projection_files/BRT_CCV/B_mucidus_2_projection.asc
NCOLS 79 
NROWS 71 
XLLCORNER -10.5 
YLLCORNER 36 
CELLSIZE 0.5 
NODATA_value -9999 
[rows 42 to 62 of 71, columns 0 to 47 of 79]
-9999 -9999 -9999 -9999 -9999 -9999 -9999 -9999 -9999 -9999 0.0231268945060591 -9999 -9999 0.0291170251795094 -9999 -9999 -9999 -9999 -9999 -9999 -9999 -9999 -9999 -9999 0.0129679378272771 0.0147925692803676 0.0116744877050548 0.0120756326693364 0.0118132493533673 0.0115667850596526 0.0115681334828933 0.018977966879561 0.0750633974179897 0.0470832217055787 0.0290651768831119 0.00912615339582767 0.0236695183941211 0.00642687436945695 0.00670641286862924 0.0166789779857164 0.0126127062101977 0.0132643769623341 0.0142331943459227 0.00914165886060275 0.014471702804217 0.0126310517335735 0.0266216084873486 0.0159151203150658
-9999 -9999 -9999 -9999 -9999 -9999 -9999 -9999 -9999 -9999 -9999 -9999 -9999 -9999 -9999 -9999 -9999 -9999 -9999 -9999 -9999 -9999 0.018061384365709 0.0129284358265563 0.013814568017869 0.013580220991501 0.0133878625604216 0.0156510037362298 0.0141076424083455 0.0133268642785405 0.0213578535307041 0.103103002402975 0.0534487491792172 0.0124811976950699 0.018394632440338 0.0139378500734429 0.0112098106744233 0.00912444249019119 0.00740773392556112 0.0193546668174822 0.0115622018199157 0.0142797110519784 0.0113578834387161 0.0127187132058591 0.0146326674322854 0.0151847755510054 0.0159502930907825 0.0105718378834438
-9999 -9999 -9999 -9999 -9999 -9999 -9999 -9999 -9999 -9999 -9999 -9999 -9999 -9999 -9999 -9999 -9999 -9999 0.0133361182324908 0.0143418616144263 0.0116801742834605 0.0183024143424991 0.0131896750941864 0.0116070650630854 0.0135294144711289 0.0115141032872204 0.0115132220449938 0.0140591796434735 0.014248545804932 0.0135330681519333 0.0144658424321496 0.0140766925670873 0.0135629608552696 0.0122010025701474 0.0117806074996113 0.011656494427642 0.0554462118675174 0.00639466757275944 0.00894901192399375 0.012608895861969 0.0141025801862075 0.0142258532671578 0.011688843074032 0.0114807564358466 0.0136277916791198 0.0114973731931044 0.0144632296881368 0.0250289209297952
-9999 -9999 -9999 -9999 -9999 -9999 -9999 -9999 -9999 -9999 -9999 -9999 -9999 -9999 0.0140791870917017 -9999 -9999 -9999 0.0124804540829731 0.0127696055764962 0.0135100093457909 0.0136470199200316 0.014385064950973 0.0148840078199786 0.0133750280768232 0.00880937954940682 0.00936095709500593 0.0145920472407388 0.0143627879769367 0.0139686615941594 0.0161805809357969 0.0155063545592228 0.0150850841694582 0.0121782539453509 0.0140356817171981 0.0134107265763798 0.0116694235433099 0.0471702005729687 0.00744663685569337 0.00832590471529739 0.0111221595549143 0.0118393531552273 0.0150393413337361 0.011656496378655 0.0135097656996566 0.0117007841907542 0.0140554775707168 0.0231431985931634
-9999 -9999 -9999 -9999 -9999 -9999 -9999 -9999 -9999 -9999 -9999 -9999 0.0142039116408518 0.0156270472824933 0.013374262530688 0.013399443819882 0.0133573673945996 0.0114875889551252 0.0127464119795191 0.0131244423746963 0.0152749346111053 0.0144574023513545 0.0142190288688911 0.0139885169163645 0.0141537330731843 0.0133930783468969 0.0118010166357905 0.016562099979516 0.0143692399062142 0.0143078617493044 0.0143615532144174 0.0143377481265588 0.0236466776941808 0.014089595084436 0.147368686068607 0.0464649437980426 0.0114631817672286 0.0136134044963833 0.0140362637515334 0.0115798250561517 0.0118485381115553 0.0129373267840967 0.0116213265023158 0.011749970715097 0.0169754292915076 0.0131608882903133 0.0113688971495248 0.0118226143563969
-9999 -9999 -9999 -9999 -9999 -9999 -9999 -9999 -9999 -9999 -9999 -9999 -9999 -9999 0.0140855770897717 0.0129685905183276 0.0135419909140478 0.0132352569470506 0.0127876373108745 0.0132996486458903 0.0145510454950871 0.0133715920123806 0.0143591346507016 0.0142147007835349 0.012382163648398 0.014805879961726 0.0174413801160348 0.0150319658149653 0.0143407749937073 0.0142350795578181 0.014306869744422 0.0143551427612921 0.013963245271678 0.0216795746579065 0.0648513796092757 0.0163901804907507 0.0185969268351998 0.0552073805644407 0.0172810194503905 0.01218165426708 0.023675116311499 0.723382654264606 0.366280479713846 0.123578143203489 0.781911428707232 0.841108669578506 0.910028588456109 0.795545409465068
-9999 -9999 -9999 -9999 -9999 -9999 -9999 -9999 -9999 -9999 -9999 -9999 -9999 -9999 -9999 -9999 -9999 0.0111156135264481 0.0115641807880115 0.0114674702831036 0.01321518400754 0.0141488860903811 0.0115095351930816 0.0143374239374215 0.0145588929567411 0.014491326376292 0.014414659410989 0.0148343962349558 0.0139881481009684 0.0139899709186877 0.0148199218808102 0.0114448423655452 0.0256967983541815 0.0798504692628455 0.0889099651289001 0.0512292700518431 0.0715619440503803 0.0828775761747839 0.61362231433492 0.910991613783846 0.886684384385705 0.091595164506425 0.705873637584407 0.425089184944215 0.474303853531094 0.635072131655343 0.853490835385845 0.808023631164401
-9999 -9999 -9999 -9999 -9999 -9999 -9999 -9999 -9999 -9999 -9999 -9999 -9999 -9999 -9999 -9999 -9999 0.0132248689033996 0.0168214630851373 0.0136258129519948 0.0141762671021653 0.0133415046295129 0.0142689644151636 0.0158325387423529 0.0140069064704367 0.0159105692697666 0.0166045754462504 0.0142128883721754 0.013857789757049 0.0244676953811488 0.0136261836280405 0.0145565568282448 0.361808329198405 0.847438675218571 0.0127610282633954 0.0310831793723091 0.935191874006282 0.858587011931987 0.8988060530282 0.909309279736352 0.891004729495483 0.368081020276481 0.600124485668513 0.269450804581712 0.228920148345976 0.766305531038068 0.87990605576515 0.51701681963625
-9999 -9999 -9999 -9999 -9999 -9999 -9999 -9999 -9999 -9999 -9999 -9999 -9999 -9999 -9999 -9999 -9999 -9999 -9999 0.014021055828499 0.0138072548148819 0.0155194661843883 0.0133509567873616 0.0153893169335114 0.0138716048702453 0.0207666239740422 0.0138038436701809 0.0145725415215911 0.0171918272054734 0.0239983505484729 0.0134326740591028 0.022443964352084 0.151487063899753 0.0479662910207505 0.718228917376453 0.258223483033085 0.563732383325124 0.44094091139963 0.882121105914381 0.365949687217882 0.848416818962892 0.327975788704664 0.251312503748099 0.0984238172598387 0.653376600656571 0.297663553566811 0.0852306720360076 0.215222304403002
-9999 -9999 -9999 -9999 -9999 -9999 -9999 -9999 -9999 -9999 -9999 -9999 -9999 -9999 -9999 -9999 -9999 -9999 -9999 0.0136018451847983 0.0140750069044115 0.0129668285679323 0.013949204001528 0.0141808718722935 0.0258836083765275 0.0819047832772679 0.0310626473052985 0.0116991260712813 0.22178136884481 0.0158106339705914 0.0117333315015684 0.0112606607846322 0.0648434325477645 0.0395765859810391 0.776034631921526 0.166432730270226 0.628036890854741 0.0498654769218383 0.0322552246229132 0.00966233052960497 0.0148428772409777 0.134779486068919 0.0681296542399458 0.0391096613775439 0.0129811610422974 0.00692546818891761 0.00811921472895226 -9999
-9999 -9999 -9999 -9999 -9999 -9999 -9999 -9999 -9999 -9999 -9999 -9999 -9999 -9999 -9999 -9999 -9999 -9999 -9999 0.0164426964253587 0.0143375479712732 0.017758951869883 0.0142314763076102 0.0243406962409399 0.0519245036550756 0.0418120930227147 0.132437687969906 0.0275156994668971 0.0339890988079924 0.0299186529740843 0.0174424455813374 0.0137741533811141 0.0174050277985321 0.239443114720731 0.483707006811369 0.464662416567311 0.0118773975845298 0.0153151453294939 0.00768113341110704 0.00768325103017172 0.0116008810204423 0.00942929502705547 0.0112968813847923 0.00936317385697591 0.00974651972708225 -9999 -9999 -9999
-9999 -9999 -9999 -9999 -9999 -9999 -9999 -9999 -9999 -9999 -9999 -9999 -9999 -9999 -9999 -9999 -9999 -9999 -9999 0.0604694047732172 0.0145087775667531 0.0141758799493366 0.0146458238483363 0.0334037238384017 0.0212149031345632 0.0294626258001959 0.0619149681359883 0.0523360041842874 0.0926962818102411 0.219630654296464 0.0262382239343395 0.0480844186474861 0.0908476372828458 0.321757545012524 0.372821536403927 0.0288590673745068 0.0140651576527706 0.0115395704202089 0.0092654743195955 0.0162056196962879 0.0209419370857362 0.0115913635604052 0.0113280986618109 0.00917411763119316 0.0129183331279763 0.017789202377994 -9999 -9999
-9999 -9999 -9999 -9999 -9999 -9999 -9999 -9999 -9999 -9999 -9999 -9999 -9999 -9999 -9999 -9999 -9999 -9999 0.0092420938056632 0.178576712562113 0.0831886921581737 0.0180105734425495 0.0135474163660742 0.0142030779914594 0.0139796463948569 0.0136409565547467 0.0149511289077694 0.0530365986058474 0.04771453674996 0.0905829770874392 0.017612515125434 0.0186247178483545 0.0634753888520959 0.0962068525075559 0.429555155036295 0.128616359895651 0.0285538678936255 0.0221806997004352 -9999 -9999 0.0123500784304212 0.0676508118431675 0.0254870655504867 0.0176380108795158 0.0115141032872204 0.00977949289596687 -9999 -9999
-9999 -9999 -9999 -9999 -9999 -9999 -9999 -9999 -9999 -9999 -9999 -9999 -9999 -9999 -9999 -9999 -9999 -9999 0.0128178839116498 0.0174681390881738 0.0271935293487554 0.0172991462928714 0.0179946900314956 0.012928334429087 0.0135848483280844 0.0129972351627985 0.0374397427367303 0.0406307636267496 0.0249982760964274 0.0132931236652997 0.0138548134962277 0.017841071498866 0.0352832090209741 0.0978392115008026 0.0312491861383973 0.0083509923545688 -9999 -9999 -9999 -9999 -9999 -9999 0.0092654743195955 0.00948860111921749 0.10809850664958 0.0143101821227154 0.0133100869136613 -9999
-9999 -9999 -9999 0.0285740052888939 0.0599009358890704 0.121018297357983 0.0561962302201336 0.0163717766017547 0.859668570731725 0.782674778509405 0.697479895955034 0.142427919032169 0.277787251265338 0.191374021736844 0.262807820060607 0.0494894337741763 0.0378651701361427 0.0615623655411327 0.241074932231804 0.0460042895902076 0.0274277367060092 0.013084728908487 0.0144482576130775 0.0143915178562511 0.0143469883028022 0.0138874968056243 0.0145990746219244 0.0109095695438767 -9999 -9999 -9999 -9999 0.00849116603859433 0.00923628283126059 -9999 -9999 -9999 -9999 -9999 -9999 -9999 -9999 0.0172282253413345 0.0189726081029009 0.0134150261244751 0.0116159974946293 0.0158749283173041 0.0110827295267384
-9999 -9999 -9999 0.378070824458395 0.157293599811457 0.0640359556231116 0.0936056815874786 0.0447087074439887 0.0426257736254296 0.0217501860977548 0.0264383060465532 0.0247410277786819 0.0169935622349115 0.0156960163715597 0.0173155641256937 0.0162464202406826 0.0294884436944709 0.0133427126730544 0.0317301049123614 0.38842710296713 0.794235034627761 0.798652823902817 0.42344565070425 0.695242940591914 0.567718858483202 0.471158029126885 0.0342848946058545 -9999 -9999 -9999 -9999 -9999 -9999 -9999 -9999 -9999 -9999 -9999 -9999 -9999 -9999 -9999 -9999 0.0175073172114436 0.0180905113776938 0.0174237047201728 0.0129111366070554 0.434916353418238
-9999 -9999 -9999 -9999 0.403094577219856 0.0765405008747969 0.111901874046984 0.213070501629707 0.0675575966515382 0.012516115794682 0.0128796004516847 0.0130440489455092 0.0112372304182774 0.0118695686337701 0.0384933644298717 0.0349990820754452 0.0154322977542565 0.0157889237745665 0.020547036958668 0.0151600709945864 0.0185578053477723 0.02138398038826 0.0166450401705549 0.023232754737108 0.115837552579786 0.426842964044586 0.0564610798404597 0.031990078637504 -9999 -9999 -9999 -9999 -9999 -9999 -9999 -9999 -9999 -9999 -9999 -9999 -9999 -9999 -9999 -9999 0.0202072272299974 0.0134236161100698 0.0145612831483236 0.0371303144698552
-9999 -9999 -9999 0.0603602074624499 0.196649490454353 0.135361486315212 0.0226534400816458 0.0545830633414623 0.0135294080096712 0.0124133140670185 0.0130449782237701 0.0106747835011011 0.0137711473448113 0.0123801185273384 0.0150654305826677 0.0214878773453577 0.0124169327260933 0.0150129221098371 0.0175282406409531 0.0461443921809169 0.0173885315824448 0.0157560146932104 0.0153263186710668 0.0130121960008393 0.0201413295309327 0.0090298707472469 0.0279309373533349 -9999 -9999 -9999 -9999 -9999 -9999 -9999 -9999 -9999 -9999 -9999 -9999 -9999 -9999 -9999 -9999 -9999 -9999 -9999 0.0126878352083681 0.0194857098677239
-9999 -9999 -9999 -9999 0.0369397839758065 0.0383554340539789 0.0154453731635103 0.0139486518898686 0.0109961298661327 0.0121323927587087 0.0112518622214035 0.0130436327969823 0.0130643319246273 0.0129538456495687 0.0272142654303703 0.0128887127782741 0.0112897525032745 0.0153211776311872 0.0149162171917816 0.0140487782875943 0.0126363275558479 0.014281782855734 0.016396916586911 0.0572162968277588 0.0935054841739009 -9999 -9999 -9999 -9999 -9999 -9999 -9999 -9999 -9999 -9999 -9999 -9999 -9999 -9999 -9999 -9999 -9999 -9999 -9999 -9999 -9999 -9999 -9999
-9999 -9999 -9999 -9999 0.0123061291316464 0.0332332463260082 0.0250284408071457 0.0183609397386551 0.0204529642911409 0.0123538288548963 0.0135743600975163 0.0122877069090122 0.0540239400079846 0.0746349290051856 0.0128385658962256 0.0130851304152685 0.0352618338915767 0.0283794847462282 0.0112999245546501 0.0161359717622964 0.0144606170956413 0.0164692058189623 0.0224129010008081 -9999 -9999 -9999 -9999 -9999 -9999 -9999 -9999 -9999 -9999 -9999 -9999 -9999 -9999 0.0290883409100691 0.0170557693530574 0.0426830428939231 -9999 -9999 -9999 -9999 -9999 -9999 -9999 -9999
-9999 -9999 -9999 0.0359875236888943 0.0108893242606984 0.058119026416843 0.0347310981593595 0.101647630105304 0.0982714934788104 0.11520228773156 0.145648111089085 0.0342267332350728 0.0150425829226607 0.0503294650595905 0.054579944564214 0.0113668225963731 0.0145695616886721 0.0999669728120579 0.0152501446605473 0.0400552303182488 0.0247800460790878 0.0251398072330635 -9999 -9999 -9999 -9999 -9999 -9999 -9999 -9999 -9999 -9999 -9999 -9999 -9999 -9999 -9999 -9999 0.0188425290394492 0.0223213521034719 -9999 -9999 -9999 -9999 -9999 -9999 -9999 -9999
