BRT_projection_files/BRT_CCV/B_norvegicus_1_projection.asc
NCOLS 79 
NROWS 71 
XLLCORNER -10.5 
YLLCORNER 36 
CELLSIZE 0.5 
NODATA_value -9999 
[rows 42 to 62 of 71, columns 0 to 47 of 79]
-9999 -9999 -9999 -9999 -9999 -9999 -9999 -9999 -9999 -9999 0.0240490652848048 -9999 -9999 0.0301169244733605 -9999 -9999 -9999 -9999 -9999 -9999 -9999 -9999 -9999 -9999 0.0607358534145072 0.119387008232061 0.157896360343282 0.135385849158889 0.285247162236643 0.187276966686805 0.275020626539335 0.0831330954398155 0.0732621947870657 0.111224069541285 0.0666918654138038 0.126850162767724 0.204649814501329 0.191835089041571 0.319759711932916 0.197548312680423 0.0679399813150852 0.110795068993128 0.163563444688766 0.218887906826204 0.255326904365051 0.466880689910558 0.403658628814529 0.0453819713602341
-9999 -9999 -9999 -9999 -9999 -9999 -9999 -9999 -9999 -9999 -9999 -9999 -9999 -9999 -9999 -9999 -9999 -9999 -9999 -9999 -9999 -9999 0.0310707997212812 0.0315591078272617 0.036838839852693 0.0228344835922304 0.0241448349554327 0.0964113276462172 0.0422519133041367 0.0481915836817924 0.0790166189639644 0.103981847858079 0.155336118722561 0.23813762435207 0.162348563180537 0.236206402968465 0.0836194225860788 0.0793524168704646 0.678642777864665 0.337246875255414 0.0732695726928472 0.0579884389031206 0.0737254143087382 0.266501173234757 0.202664062536007 0.0834434896065329 0.0842588942362022 0.0508001723835141
-9999 -9999 -9999 -9999 -9999 -9999 -9999 -9999 -9999 -9999 -9999 -9999 -9999 -9999 -9999 -9999 -9999 -9999 0.0248506395292197 0.0248554700154545 0.0254548368013206 0.0346356007133867 0.027043452694208 0.0387593542367831 0.0252953409411783 0.0313131106677131 0.0257999770152951 0.0251320076205146 0.0306334846146823 0.027012939265192 0.0400996566820363 0.0528132577253716 0.0512737564836054 0.214933683808724 0.518204612748953 0.446688679373038 0.335530390381984 0.0886537760305246 0.61485241016234 0.294318731319803 0.23987526665296 0.179218279658391 0.0713231890181638 0.101438465869699 0.0425540806726874 0.0814894900233374 0.0622409134290796 0.330528250487729
-9999 -9999 -9999 -9999 -9999 -9999 -9999 -9999 -9999 -9999 -9999 -9999 -9999 -9999 0.0237350521407187 -9999 -9999 -9999 0.0316711619736009 0.0437101695219401 0.0393688566201985 0.0384577972985651 0.0327370717994736 0.0228956197091128 0.0347550723366495 0.0568314420126314 0.0411502254719528 0.0248164242544237 0.0238581564101251 0.02452120045315 0.0248797522813725 0.0636821709726235 0.0531019904420924 0.300466908273416 0.0505502559501587 0.0793216998215903 0.1747239113879 0.394526316463453 0.302563518270243 0.827202109982733 0.25311667368433 0.241348351470055 0.0581009350701414 0.0704124381424687 0.0675591226123215 0.065283721550678 0.188798591103188 0.231042362563808
-9999 -9999 -9999 -9999 -9999 -9999 -9999 -9999 -9999 -9999 -9999 -9999 0.024146303184678 0.0300155407128997 0.0261819288502263 0.0273280980744035 0.0251210780304123 0.0217123493640759 0.0300830060175593 0.0300269423682893 0.0434298002432108 0.0270020753075082 0.0257837972394925 0.0256284274739175 0.0232027219478531 0.0236458183583977 0.0241158419594598 0.0242337091924916 0.0252472270816778 0.0264795539150675 0.0264443893733008 0.0493384567489352 0.0642057378799095 0.0752965781528813 0.173138889847527 0.436292396075313 0.233805102045227 0.164721416841739 0.218121625024538 0.23306444488588 0.154465408512374 0.377173717393139 0.250961941628727 0.269146174446897 0.520818831023768 0.232714165230141 0.135494328468937 0.152175595710368
-9999 -9999 -9999 -9999 -9999 -9999 -9999 -9999 -9999 -9999 -9999 -9999 -9999 -9999 0.0279940130817831 0.0338233735479021 0.0236576519559118 0.0228126802411455 0.0248056372955268 0.0249434410902425 0.023871456129226 0.0264372952915774 0.0228838775832653 0.0232210558473856 0.0253619401743247 0.0250134373828825 0.0259591773950493 0.0274899723069515 0.0254474614642036 0.0440233932190802 0.0533594839148644 0.0514209055613274 0.0519197439227796 0.0586995655405818 0.463598107173389 0.227279920025989 0.683021955359298 0.26462758143536 0.201434353739012 0.157725889742203 0.121029085292171 0.125737442901197 0.30703936319999 0.350619502634891 0.434316614478333 0.560685717106135 0.822087015459844 0.724482356356411
-9999 -9999 -9999 -9999 -9999 -9999 -9999 -9999 -9999 -9999 -9999 -9999 -9999 -9999 -9999 -9999 -9999 0.0295243180928645 0.0238376187518119 0.0227215082898231 0.0229423839505224 0.0236950322618818 0.0257204250822248 0.024230001895589 0.0248838140940586 0.0291262532697678 0.0254554081754551 0.0264761900517825 0.0322168690982446 0.0752089900239857 0.0413092808061077 0.043353730017314 0.0480011385998503 0.0815124551285408 0.207532793205131 0.400441736231514 0.309342068501257 0.273790116036845 0.446184386066211 0.151798786258147 0.743675134328305 0.578349842337775 0.472760713161052 0.62574840892567 0.422729812140769 0.42751253343616 0.522977435824984 0.339462540229779
-9999 -9999 -9999 -9999 -9999 -9999 -9999 -9999 -9999 -9999 -9999 -9999 -9999 -9999 -9999 -9999 -9999 0.0247794081818485 0.0247892925575878 0.0247977559368808 0.0272878274761298 0.023763481952916 0.023776427572518 0.0243231100640128 0.0247658158003515 0.0276014795513075 0.0295814688505721 0.0263122099212816 0.0326399417889561 0.0589630260503074 0.0360753803279459 0.0318074317096861 0.0713176500458263 0.359737190428875 0.187074199720526 0.541584833297079 0.732038993259115 0.528073686296524 0.39327173046543 0.433032289045696 0.423993384816449 0.110403049314217 0.0459501892072551 0.169374333063277 0.0608542512331884 0.12404849936556 0.316688965177471 0.305679079444679
-9999 -9999 -9999 -9999 -9999 -9999 -9999 -9999 -9999 -9999 -9999 -9999 -9999 -9999 -9999 -9999 -9999 -9999 -9999 0.0247892925575878 0.0299410803456027 0.0248851696859685 0.025189366382087 0.0329297417933482 0.0505064962458746 0.0511479261928765 0.0506829006519442 0.0398945048587723 0.0424724148533902 0.148766868502076 0.044869354528591 0.0331698028914857 0.102832438277188 0.423233918074981 0.147848398727732 0.424174162527653 0.471753192324089 0.181197407106425 0.372497764566707 0.176906713356557 0.137250556361736 0.118231908626547 0.103125138679872 0.308187031987261 0.128526129337063 0.165955814708534 0.098485348852771 0.285149748976445
-9999 -9999 -9999 -9999 -9999 -9999 -9999 -9999 -9999 -9999 -9999 -9999 -9999 -9999 -9999 -9999 -9999 -9999 -9999 0.0251605381380139 0.0247970450344414 0.0271075568338764 0.0317295449289893 0.0366973472966384 0.0532395239260012 0.13812328659636 0.0767793165056294 0.165304256959263 0.116388640470264 0.181744145254434 0.0520622407706731 0.0379869047460924 0.275810962711072 0.0598223513871218 0.170049478198492 0.0812010483987938 0.0765739225281811 0.163658184072658 0.0506344651341543 0.063764111976958 0.365158245955247 0.217858261355051 0.146000469787204 0.227513903420433 0.28299519088481 0.0460464439374908 0.029598271804 -9999
-9999 -9999 -9999 -9999 -9999 -9999 -9999 -9999 -9999 -9999 -9999 -9999 -9999 -9999 -9999 -9999 -9999 -9999 -9999 0.032474188088357 0.0326122856146004 0.0265536610343716 0.0263793615888362 0.0354661485016654 0.0296136191559505 0.0642090098574845 0.0850601216129863 0.0617759337548393 0.0599972059624026 0.169184175713184 0.0269762670950671 0.0337469414559539 0.15728647975037 0.113495966441764 0.0610480847777625 0.071648375104379 0.0968398372304457 0.0246427361018966 0.0306243557537604 0.0726809447051009 0.029836281365988 0.0324406813703076 0.0292088286505196 0.0291324319773866 0.0387328744877345 -9999 -9999 -9999
-9999 -9999 -9999 -9999 -9999 -9999 -9999 -9999 -9999 -9999 -9999 -9999 -9999 -9999 -9999 -9999 -9999 -9999 -9999 0.0516271212934584 0.0387961153018657 0.0261930712342593 0.026229119330578 0.0261692019478622 0.0334322051905223 0.0533677330192332 0.0756150462751471 0.0883755224464143 0.0736875979794542 0.0685308138280779 0.0246295435801529 0.0669430135904446 0.354088059640175 0.111706043566265 0.0423030714227226 0.272579207946534 0.0246787901282967 0.0216240859047532 0.0323769402870941 0.0645727626087207 0.0345550945416935 0.039341777041272 0.0461675160202226 0.0294213200955286 0.0224930926220513 0.0228810768353513 -9999 -9999
-9999 -9999 -9999 -9999 -9999 -9999 -9999 -9999 -9999 -9999 -9999 -9999 -9999 -9999 -9999 -9999 -9999 -9999 0.0384648205660782 0.0459324255000731 0.0551738271485893 0.0261032644685001 0.024059895361755 0.0252407537072338 0.0271586698370644 0.0306010750427365 0.0461637180617237 0.0593365713547511 0.0530196073905259 0.0295907790492729 0.032533179050674 0.0398109513131084 0.0626546417321446 0.128336394759164 0.106209823833451 0.06274159079455 0.0553451808242088 0.0210542316726354 -9999 -9999 0.0220358270457503 0.251078824234039 0.0997962369506629 0.139400072086237 0.0352508304553387 0.0284240350820063 -9999 -9999
-9999 -9999 -9999 -9999 -9999 -9999 -9999 -9999 -9999 -9999 -9999 -9999 -9999 -9999 -9999 -9999 -9999 -9999 0.0302142125817901 0.0342598585542058 0.0327663714272366 0.0272623407592722 0.0228190821779836 0.041820441382881 0.025485525404969 0.0322359982445015 0.0307459535633398 0.0319337452325843 0.0253151841485898 0.0353922351611813 0.0446078733453649 0.0232250210391116 0.0247215347818984 0.0310989328040459 0.0262421535928604 0.0225087608372392 -9999 -9999 -9999 -9999 -9999 -9999 0.0453483963174929 0.130843508287823 0.0690525374591517 0.0516772450015589 0.0273678784070713 -9999
-9999 -9999 -9999 0.0293691014611596 0.0248180690773577 0.0292632263138204 0.0297288364623301 0.0374239235991701 0.0513462551343719 0.0961978143226314 0.0455688651431895 0.0544737308403583 0.0215757821905337 0.0259471782429717 0.0221883106735556 0.0234168353257605 0.0228481614525691 0.0212585047889813 0.0347126197229047 0.0327278038509554 0.0408046602634598 0.0329921743355466 0.0282018173595356 0.0264720277978068 0.0269769201258886 0.0322103850198482 0.0266112018951047 0.0373530393793738 -9999 -9999 -9999 -9999 0.0333184460341316 0.0386980685268947 -9999 -9999 -9999 -9999 -9999 -9999 -9999 -9999 0.033533495121985 0.0264264596812968 0.024209380494632 0.0314093220795302 0.0329125869816966 0.029840993244027
-9999 -9999 -9999 0.0230659676383857 0.0285510647215084 0.0254573478086631 0.0244866234457525 0.0606499005095724 0.0674513092665346 0.053254010066878 0.061068449405661 0.0829235377906656 0.0384719818259832 0.0427937083350127 0.0337628897209807 0.0531431312633557 0.0650069232709076 0.0346812349305653 0.0441133192089664 0.0926404094956308 0.453858964381708 0.535245668082985 0.409107139868506 0.106748742029038 0.109737338853089 0.0918734220538764 0.0342496413679459 -9999 -9999 -9999 -9999 -9999 -9999 -9999 -9999 -9999 -9999 -9999 -9999 -9999 -9999 -9999 -9999 0.0238604925717074 0.0284666178916926 0.0265788613837965 0.0383164541632671 0.0924923133909686
-9999 -9999 -9999 -9999 0.02552644627658 0.0243273727661583 0.0520643932256331 0.0594869305451215 0.033643406747 0.0223215410797052 0.0222922668437073 0.022668986731733 0.0222801578142705 0.0222957135532166 0.0437809498963637 0.0518828836895393 0.0292226073802391 0.0222922668437073 0.0262977687490072 0.0260227934070346 0.0346469337752215 0.0267117210167211 0.0495816349086669 0.054214718384384 0.0432633666474655 0.0935012698481541 0.0292471504925301 0.0224474172904322 -9999 -9999 -9999 -9999 -9999 -9999 -9999 -9999 -9999 -9999 -9999 -9999 -9999 -9999 -9999 -9999 0.0308584711031686 0.025859627182159 0.0352495552123401 0.0738633948084821
-9999 -9999 -9999 0.0279352110991286 0.0246604388552599 0.0292231013029137 0.024679345992287 0.0242082223934136 0.0226231109524959 0.0222801578142705 0.0226673306428168 0.020512940659125 0.0226673306428168 0.0222801578142705 0.0224016727368514 0.0250148490652166 0.0261106549349269 0.022375807717585 0.0223031457719094 0.0301835363342484 0.0223540496858419 0.022348181156154 0.0204997286397174 0.0223006915365602 0.0219040603203603 0.0419894198383522 0.0227862456616973 -9999 -9999 -9999 -9999 -9999 -9999 -9999 -9999 -9999 -9999 -9999 -9999 -9999 -9999 -9999 -9999 -9999 -9999 -9999 0.114013365616252 0.0323624189201489
-9999 -9999 -9999 -9999 0.0279890627093536 0.0262031412417241 0.0223792964222582 0.0223792964222582 0.0223376865076786 0.0223006915365602 0.0222801578142705 0.0222860412584564 0.0223215410797052 0.0249942068773501 0.0283066653356454 0.022375807717585 0.0261929504398789 0.0262093909501886 0.0223862061084237 0.0224500567048614 0.0238920522073427 0.0227554962671842 0.0223912743460127 0.030907801878729 0.0254128309310018 -9999 -9999 -9999 -9999 -9999 -9999 -9999 -9999 -9999 -9999 -9999 -9999 -9999 -9999 -9999 -9999 -9999 -9999 -9999 -9999 -9999 -9999 -9999
-9999 -9999 -9999 -9999 0.0266897303337192 0.0350349027258297 0.024532129596707 0.0223717004394815 0.0232082665108042 0.0206743462269189 0.0223553096988313 0.0223839181742475 0.0346587167972518 0.0207437713722815 0.0223307683266767 0.0223215410797052 0.031708853156071 0.0282810790873766 0.0269675030111184 0.0270076782893948 0.0223717004394815 0.0223717004394815 0.0223792964222582 -9999 -9999 -9999 -9999 -9999 -9999 -9999 -9999 -9999 -9999 -9999 -9999 -9999 -9999 0.023108360134165 0.0248740914466576 0.0321755956699432 -9999 -9999 -9999 -9999 -9999 -9999 -9999 -9999
-9999 -9999 -9999 0.043800734600367 0.0238369057940217 0.0292505091049827 0.0296824842070987 0.0295821449666943 0.0297519627364061 0.0295037910841194 0.0294656253413573 0.0243842783216293 0.0223215410797052 0.0372952674320662 0.0207639217082427 0.0222801578142705 0.0227158292685776 0.0286711967972672 0.0269818831530889 0.0294651351571988 0.0223776585372329 0.0223792964222582 -9999 -9999 -9999 -9999 -9999 -9999 -9999 -9999 -9999 -9999 -9999 -9999 -9999 -9999 -9999 -9999 0.0251930370537557 0.0335959384637095 -9999 -9999 -9999 -9999 -9999 -9999 -9999 -9999
