BRT_projection_files/BRT_CCV/B_norvegicus_2_projection.asc
NCOLS 79 
NROWS 71 
XLLCORNER -10.5 
YLLCORNER 36 
CELLSIZE 0.5 
NODATA_value -9999 
[rows 44 to 65 of 71, columns 0 to 47 of 79]
-9999 -9999 -9999 -9999 -9999 -9999 -9999 -9999 -9999 -9999 -9999 -9999 -9999 -9999 -9999 -9999 -9999 -9999 0.0374307644211506 0.0386062864870118 0.044047381804179 0.0623906079959613 0.0425381050241795 0.0704496141178599 0.0317387726585231 0.0448125518858015 0.0453382749848947 0.0314604060943372 0.0627255026862788 0.0559234285403867 0.078658096396758 0.16070397493046 0.11367716486112 0.134703767863294 0.194039533066379 0.405791069336681 0.268993157681573 0.0464537814408539 0.13811284358399 0.2618241466016 0.27803036356087 0.270471751031519 0.26381488319948 0.323398020645282 0.192927743488337 0.251587167775722 0.31196169963446 0.388124073426411
-9999 -9999 -9999 -9999 -9999 -9999 -9999 -9999 -9999 -9999 -9999 -9999 -9999 -9999 0.0395755419953853 -9999 -9999 -9999 0.0436001416985834 0.0677620260745735 0.151356705080667 0.139931890379897 0.0722606652049787 0.0309794745309974 0.0472625338100356 0.0463993174469332 0.0473452315509942 0.0309778822158495 0.0325030377434893 0.0435259618937073 0.0452182485345823 0.148765539091819 0.160436999397538 0.259729168955347 0.150188184828686 0.222280704068272 0.065476575183875 0.221626100163865 0.2649613659759 0.207325461542826 0.275142506654555 0.262063140136599 0.181802568139155 0.254340402308749 0.252622758929148 0.137859549081815 0.192189077723332 0.182229423357622
-9999 -9999 -9999 -9999 -9999 -9999 -9999 -9999 -9999 -9999 -9999 -9999 0.0352908638552517 0.0369562411921141 0.0297863902513044 0.0300805173279062 0.0303163572202936 0.0304796589008606 0.0297905753566664 0.0298800029849618 0.0376852780755152 0.0377902139019576 0.0378580858344083 0.0379395243634868 0.0306559004832101 0.031107242794447 0.0412628934697604 0.0354013632170746 0.0311668760535481 0.0358857324186504 0.0820271146663532 0.160655969343143 0.169980965058598 0.261653936091593 0.160441989261193 0.203860827099154 0.0805011327599108 0.257874721908779 0.296727485519973 0.300617716537473 0.190035872836597 0.284055582447094 0.360262598885062 0.409324186465183 0.322595141579389 0.2593243545982 0.186862259223703 0.195818084511901
-9999 -9999 -9999 -9999 -9999 -9999 -9999 -9999 -9999 -9999 -9999 -9999 -9999 -9999 0.0430951770684261 0.0329138128858093 0.0298938413881708 0.029973319527948 0.0302971400451195 0.0302412857098135 0.0350591331439933 0.0559711312431156 0.0306014205262682 0.0352346272073041 0.0517230553617735 0.0507284583255829 0.0357225400440936 0.0401344010110642 0.039958637048114 0.0891822020621645 0.204877446801748 0.159138851726447 0.109340544305805 0.0985100527013097 0.25498310156248 0.238102214359134 0.262300207643276 0.160393169788233 0.370765218634532 0.214681668340004 0.177828204020398 0.203030606054746 0.198698050411648 0.205435405042164 0.203121769594218 0.209513165533507 0.207284117324505 0.228710240334938
-9999 -9999 -9999 -9999 -9999 -9999 -9999 -9999 -9999 -9999 -9999 -9999 -9999 -9999 -9999 -9999 -9999 0.0380924742506804 0.0306044771827114 0.0305255420457199 0.0316171528366733 0.0480625369058812 0.0357475330184184 0.0358162994827695 0.0442768900236842 0.0489943564240538 0.0307984386300727 0.0541227418089644 0.0847330367593297 0.27658359478418 0.138078576905344 0.0368518807212111 0.0572610932128864 0.146486440411787 0.158946625159321 0.225197675483636 0.484036391822596 0.43985216593492 0.441775703386115 0.206282323258911 0.462127674453882 0.0878369644095951 0.33380135967831 0.380360678642171 0.365204860918795 0.347786170933623 0.280736235844525 0.34828185009921
-9999 -9999 -9999 -9999 -9999 -9999 -9999 -9999 -9999 -9999 -9999 -9999 -9999 -9999 -9999 -9999 -9999 0.0301567305806704 0.0301845691155981 0.0302132730163024 0.0301462949639742 0.0313027685178775 0.030200488197316 0.0377920778974074 0.0303765771377727 0.0335993083033819 0.0494422385535412 0.0547973042870744 0.0579527338347407 0.10944481857647 0.0590866585057342 0.0573365669334383 0.153460808396629 0.192006752091142 0.229577724824734 0.229883245700306 0.345965406741585 0.317375867542299 0.116202930288318 0.108603223663861 0.121552677865912 0.168151747884491 0.148614116399669 0.24732093929608 0.236770774805132 0.145188228000469 0.341264414958814 0.242628967873676
-9999 -9999 -9999 -9999 -9999 -9999 -9999 -9999 -9999 -9999 -9999 -9999 -9999 -9999 -9999 -9999 -9999 -9999 -9999 0.0302862071279534 0.0301681867937899 0.0328797501942555 0.0305342220038617 0.0604919101145521 0.122382518350287 0.198146854871676 0.173861494639016 0.0786168922438755 0.132367764789738 0.164865729426639 0.0831705696546791 0.0533746739582539 0.183318753533136 0.497420163533592 0.256961962689108 0.226027879008443 0.332533042100243 0.262875195549318 0.223690428403756 0.273828132835316 0.378472746588575 0.194125103974355 0.164919599372025 0.269572832465766 0.197866022739686 0.26199107091439 0.147149339596926 0.269331423804481
-9999 -9999 -9999 -9999 -9999 -9999 -9999 -9999 -9999 -9999 -9999 -9999 -9999 -9999 -9999 -9999 -9999 -9999 -9999 0.0302839837219871 0.0302661563229121 0.0357580103188122 0.0545412310858307 0.0595323209901321 0.120601944183202 0.165005856164557 0.315975851101423 0.105862751437992 0.217691060368846 0.108334423719988 0.0518496679328288 0.0545641782499919 0.099538122974549 0.266865613515742 0.270148883798451 0.240422401386617 0.384734132601227 0.193252024667594 0.101880268526531 0.0918483687498954 0.344348835997129 0.287152884471535 0.228219058737605 0.176985700480343 0.328638987268459 0.0455681047081532 0.0386103182068515 -9999
-9999 -9999 -9999 -9999 -9999 -9999 -9999 -9999 -9999 -9999 -9999 -9999 -9999 -9999 -9999 -9999 -9999 -9999 -9999 0.0577460537612905 0.0487034200904409 0.0606084585828603 0.0563260198085364 0.0394758933837892 0.0439314788614389 0.205716833066076 0.178861126016128 0.234461103904144 0.154436258813623 0.163671944743891 0.0400743340883406 0.0572465209452174 0.150209839185276 0.223160161737218 0.225198919282154 0.221083649873137 0.0511538605912646 0.038082819881011 0.0432992684872773 0.0377504673248808 0.0400534492432034 0.038264030270732 0.0436993845417088 0.0410010307550496 0.0426605454899806 -9999 -9999 -9999
-9999 -9999 -9999 -9999 -9999 -9999 -9999 -9999 -9999 -9999 -9999 -9999 -9999 -9999 -9999 -9999 -9999 -9999 -9999 0.0486019364396699 0.0627571521799803 0.0548363389073536 0.0522374034526427 0.0535151738927976 0.0657979067554693 0.0945152433617437 0.169684060646712 0.155937631058785 0.173705404152585 0.200674924462994 0.0384581103600629 0.179925181097866 0.253393265046371 0.400101046864291 0.20543509938594 0.205269355164103 0.0315852062736564 0.0367764765912743 0.0462960925730609 0.185086052310948 0.0482182282144016 0.039839575753122 0.0397663915261168 0.0388210020496388 0.0329098681143829 0.0416611676282715 -9999 -9999
-9999 -9999 -9999 -9999 -9999 -9999 -9999 -9999 -9999 -9999 -9999 -9999 -9999 -9999 -9999 -9999 -9999 -9999 0.0625220957070462 0.0552883667612357 0.043951908132367 0.0483592550253064 0.0302388046909153 0.0470778587663999 0.0594623983901889 0.0350479171088229 0.120478030588557 0.155191722352849 0.200444496339936 0.0430238692570333 0.0431613908716751 0.0661890953253016 0.146839059403479 0.240061334728538 0.234833754794396 0.18347381935086 0.211073099758812 0.0615072873155563 -9999 -9999 0.0796333493328782 0.210668311073543 0.226099974514397 0.121496823022527 0.0436175070780241 0.03912934383704 -9999 -9999
-9999 -9999 -9999 -9999 -9999 -9999 -9999 -9999 -9999 -9999 -9999 -9999 -9999 -9999 -9999 -9999 -9999 -9999 0.0526819781358518 0.0397409056293249 0.0468261613787357 0.0301412214905286 0.0298189222818021 0.0374187376290119 0.0302630204597975 0.0508814964924202 0.0388480802538457 0.0438840048997127 0.0480830292972025 0.066518748026889 0.0538873871543437 0.0513679909742808 0.039736597876701 0.0501484567210581 0.0536697229413128 0.11698035761832 -9999 -9999 -9999 -9999 -9999 -9999 0.0574540586929876 0.0559421208699092 0.16483184041091 0.214075040356083 0.0350311898400018 -9999
-9999 -9999 -9999 0.0626801385291256 0.0892440338662574 0.0403357223958022 0.053980715516279 0.0841783538026423 0.326491067363875 0.237170271709167 0.20171597561825 0.388958445024378 0.0634465702628388 0.049906877210644 0.056591619387926 0.100345663571752 0.0511877911502607 0.0872503974375837 0.043769814602874 0.0424710399723815 0.0633458395757019 0.0521963011649486 0.0469176542967229 0.0489593362758454 0.0497610096225804 0.0532788923760694 0.0518872042165238 0.0484150487082443 -9999 -9999 -9999 -9999 0.0540749174287869 0.0550114473661361 -9999 -9999 -9999 -9999 -9999 -9999 -9999 -9999 0.0526197671747402 0.0483708657651815 0.0363514525804235 0.0517679830319534 0.0495393797374384 0.0394363465606814
-9999 -9999 -9999 0.0450622976846302 0.0392634575816866 0.0404366806428652 0.051122608506405 0.233291475831885 0.231418913291894 0.153669881293005 0.163166473892705 0.170659391006363 0.145904175920407 0.14763849657042 0.0977704453889336 0.0612941439718888 0.114828917714744 0.0410835282626481 0.0404266293729261 0.217296250916197 0.410076987878678 0.397510747038812 0.26071017682045 0.233642677702733 0.293636528189846 0.0930457065593895 0.0472705530123349 -9999 -9999 -9999 -9999 -9999 -9999 -9999 -9999 -9999 -9999 -9999 -9999 -9999 -9999 -9999 -9999 0.0420574361898651 0.0544414312581361 0.0411970399368336 0.0522157196874799 0.16811981154787
-9999 -9999 -9999 -9999 0.0408700747263814 0.0450032178081324 0.187543718845384 0.169056018491657 0.163530715554305 0.0296434796308355 0.0258974125059616 0.0261951971467634 0.0258053379596052 0.031116744965881 0.147040366006276 0.14985669625017 0.0406328006346811 0.0297825539298154 0.0280577981295949 0.0398501671324753 0.0399061092696803 0.0393142782526974 0.0687909971657994 0.200292350163981 0.160153790422745 0.253475942784528 0.0436126971870761 0.0396878970223972 -9999 -9999 -9999 -9999 -9999 -9999 -9999 -9999 -9999 -9999 -9999 -9999 -9999 -9999 -9999 -9999 0.0476139891323887 0.0401912921590132 0.0529240068339189 0.137401080538094
-9999 -9999 -9999 0.0543276821433207 0.0533204038245898 0.0782965390602485 0.0411643246439675 0.0404790171626711 0.0393601128185546 0.0261630281211305 0.0260850647542642 0.0273296644455792 0.0259107907956376 0.0262357876364843 0.0369767214112416 0.0378403047902332 0.0294994817765887 0.0307847677101543 0.0317487181812234 0.0352930205623262 0.0274663979553556 0.0269058882888216 0.0325312454688926 0.0292186080026648 0.0648481411575033 0.0777914003711854 0.0581817579331108 -9999 -9999 -9999 -9999 -9999 -9999 -9999 -9999 -9999 -9999 -9999 -9999 -9999 -9999 -9999 -9999 -9999 -9999 -9999 0.0509348286433049 0.045358827336626
-9999 -9999 -9999 -9999 0.0856200758807287 0.0498043558117383 0.0383339596627827 0.0379881080712974 0.0342971576154959 0.0286035612874835 0.0258192871012619 0.0262604261264313 0.0288745394824863 0.037447432002596 0.139005739224374 0.0307388525887208 0.0297673087674459 0.0306380454845546 0.030740855326377 0.0322919802344035 0.0339314978303921 0.0310046965314603 0.0316016321696685 0.0360711602377563 0.04440299410522 -9999 -9999 -9999 -9999 -9999 -9999 -9999 -9999 -9999 -9999 -9999 -9999 -9999 -9999 -9999 -9999 -9999 -9999 -9999 -9999 -9999 -9999 -9999
-9999 -9999 -9999 -9999 0.0665896830806051 0.0534767055473723 0.0390924717957434 0.0387583163360485 0.0348784851421319 0.0337507431555524 0.0303928483497929 0.0312972577872831 0.0429835998897127 0.0427909888544008 0.0330623904019948 0.0310932813432956 0.0424421011883086 0.0974746108957692 0.0513037295867254 0.0494535356967069 0.0319392423410244 0.032753995316226 0.0417968725534011 -9999 -9999 -9999 -9999 -9999 -9999 -9999 -9999 -9999 -9999 -9999 -9999 -9999 -9999 0.0447887619540813 0.0397576185546992 0.0551930808724126 -9999 -9999 -9999 -9999 -9999 -9999 -9999 -9999
-9999 -9999 -9999 0.0451644440612432 0.0588339928351247 0.0817341452429216 0.0439454305922024 0.0429347416692944 0.0451507455630865 0.0410016924688361 0.0418293400094018 0.0452928183075984 0.0296834723976689 0.0385726248426615 0.032606784877386 0.0258969863142895 0.0370276084307683 0.148027823054438 0.0430814989464561 0.0975188823761997 0.0338877270322627 0.0337968692519372 -9999 -9999 -9999 -9999 -9999 -9999 -9999 -9999 -9999 -9999 -9999 -9999 -9999 -9999 -9999 -9999 0.0541247975980873 0.0641291954716848 -9999 -9999 -9999 -9999 -9999 -9999 -9999 -9999
-9999 -9999 -9999 0.048653710136948 0.053590150375514 0.0645566904352093 0.0371106908502527 0.0383019983565514 0.0379980104829796 0.0420732581109766 0.0370707506029337 0.0346993734491411 0.0261732886499153 0.0270243764673162 0.0268185622936945 0.0258118513075185 0.0257714679773579 0.0331821359032859 0.0316807996060774 0.0337845588082282 0.0426702612235917 -9999 -9999 -9999 -9999 -9999 -9999 -9999 -9999 -9999 -9999 -9999 -9999 -9999 -9999 -9999 -9999 -9999 0.0476785094922359 0.0523402826069794 -9999 -9999 -9999 -9999 -9999 -9999 -9999 -9999
-9999 -9999 0.0417929569359579 0.0397469857827613 0.0372061295335968 0.0365679071855271 0.036854787922027 0.032669189945808 0.0412467080267073 0.0392286599106745 0.0363737433787981 0.0376282156205282 0.0334602059839113 0.0262604261264313 0.0261951971467634 0.0260343237706124 0.0261793312080704 0.0262018620102074 0.0309737584073001 0.0353630920749928 -9999 -9999 -9999 -9999 -9999 -9999 -9999 -9999 -9999 -9999 -9999 -9999 -9999 -9999 -9999 -9999 -9999 -9999 0.0543645834862108 0.048390838290101 -9999 -9999 -9999 -9999 -9999 -9999 -9999 -9999
-9999 -9999 0.0456278997947946 0.0400257259692019 0.0364076195595985 0.0362628339597781 0.0306859948817854 0.0292907551157387 0.0294580041147595 0.0310665626257274 0.029359886980743 0.0372633493057628 0.0272483020755717 0.0259300375659974 0.0258952928288091 0.0266554923725361 0.0320266862920379 0.027021437050944 0.0284750095030919 0.0311910289662346 0.0341828822438009 -9999 -9999 -9999 -9999 -9999 -9999 -9999 -9999 -9999 -9999 -9999 -9999 -9999 -9999 -9999 -9999 -9999 -9999 -9999 -9999 -9999 -9999 -9999 -9999 -9999 -9999 -9999
