BRT_projection_files/BRT_CCV/B_pascuorum_1_projection.asc
NCOLS 79 
NROWS 71 
XLLCORNER -10.5 
YLLCORNER 36 
CELLSIZE 0.5 
NODATA_value -9999 
[rows 44 to 65 of 71, columns 0 to 48 of 79]
-9999 -9999 -9999 -9999 -9999 -9999 -9999 -9999 -9999 -9999 -9999 -9999 -9999 -9999 -9999 -9999 -9999 -9999 0.771789026949703 0.780971927798563 0.762886345382414 0.810656025560439 0.7793688553166 0.800133708447762 0.774884306746385 0.761852092997377 0.766727943718695 0.776383639201904 0.767091106091592 0.723934747183657 0.753100849460678 0.694548565511743 0.773623760001447 0.818502544999932 0.852602171465797 0.850191669022391 0.830075179538272 0.849033266824154 0.846864431886763 0.828614042004605 0.799995041046814 0.74105243715962 0.758249934545796 0.819610091617622 0.799557534811813 0.803830924037704 0.803674211072405 0.853337824015499 0.739818653252093
-9999 -9999 -9999 -9999 -9999 -9999 -9999 -9999 -9999 -9999 -9999 -9999 -9999 -9999 0.742012222729508 -9999 -9999 -9999 0.780751547399231 0.808448508986452 0.758468621965129 0.783428828409999 0.778120540813295 0.723297829384602 0.737741856084776 0.834010033605763 0.819876713421358 0.781818221772528 0.769634080097973 0.694872928901447 0.728812573630401 0.655948186442965 0.806133805959004 0.829404269367244 0.810914410048973 0.82212135572444 0.842051178592937 0.842995935468587 0.833049723433748 0.854192551254619 0.818434186512824 0.815439376499883 0.740803385081834 0.742294364768416 0.745846499800036 0.766029556956289 0.751080614284804 0.791690986326849 0.853140416100588
-9999 -9999 -9999 -9999 -9999 -9999 -9999 -9999 -9999 -9999 -9999 -9999 0.769574987000001 0.742356995029715 0.746100116734621 0.732331368782746 0.728142979347512 0.735215037748833 0.720848961836847 0.704728427936362 0.751099043121666 0.769703453619375 0.743424795109621 0.594465514786751 0.598326399969536 0.724750003381816 0.764563025093793 0.76759667067135 0.766301045542888 0.773176384999134 0.767949666937926 0.802179377939234 0.805125948214223 0.81319782806822 0.831345664483355 0.829538121622589 0.835727224206969 0.818518708076043 0.815315086340977 0.797130329534987 0.790652522807743 0.748422231514122 0.820361784075657 0.800146897838008 0.803145587692389 0.763861275177961 0.753285382253877 0.757005891674227 0.749475176426028
-9999 -9999 -9999 -9999 -9999 -9999 -9999 -9999 -9999 -9999 -9999 -9999 -9999 -9999 0.773106313237923 0.746182366964435 0.766321645766241 0.737700921846626 0.751891127049792 0.747975744902775 0.767739415192049 0.765086789009831 0.74502355047902 0.727162253349059 0.770372030237002 0.804097732502001 0.778781471535698 0.780581437335612 0.766151968145534 0.777229581766497 0.809449902132134 0.802990110135865 0.801346511819359 0.817230955983761 0.840491479133668 0.815861035825805 0.822426300786672 0.809871751558188 0.781815060233086 0.806760847988692 0.787830410830807 0.809383009106289 0.805170749982585 0.812370355605985 0.829439484778945 0.856743731373776 0.886147171866002 0.864917531495251 0.886366701081522
-9999 -9999 -9999 -9999 -9999 -9999 -9999 -9999 -9999 -9999 -9999 -9999 -9999 -9999 -9999 -9999 -9999 0.708080260592515 0.740749136321852 0.76677752707819 0.712906319672392 0.717764453120499 0.770801939561567 0.776991675622786 0.753450738463374 0.794465304247187 0.76024637658213 0.809789840411748 0.812080959496093 0.805573742753823 0.810368758164283 0.654525476177233 0.799395822669919 0.816668674388366 0.821848831539589 0.667863461279505 0.743436845549137 0.748244769632952 0.853013589559335 0.841221866843941 0.862021473580766 0.880489655232977 0.853182600484151 0.853024446238531 0.851941679360604 0.850823723737298 0.860155750512839 0.853770646691133 0.854988122228647
-9999 -9999 -9999 -9999 -9999 -9999 -9999 -9999 -9999 -9999 -9999 -9999 -9999 -9999 -9999 -9999 -9999 0.645591275703945 0.626369824326459 0.732449177317112 0.749282553866745 0.750697837533279 0.772911653254199 0.779612693284081 0.757304611510163 0.778611977988606 0.781844280633238 0.795890708171144 0.808578833902427 0.81727096301294 0.811161162842139 0.812057874278398 0.827776019861181 0.882001501229724 0.710496659622672 0.795219544684467 0.847890328935461 0.884848940089564 0.879398887839084 0.85210955263961 0.840023974402385 0.818443550267018 0.780899712951378 0.832578102285411 0.830054433800984 0.849322824447058 0.851157959287019 0.861898136846681 0.854887319144411
-9999 -9999 -9999 -9999 -9999 -9999 -9999 -9999 -9999 -9999 -9999 -9999 -9999 -9999 -9999 -9999 -9999 -9999 -9999 0.59932066969163 0.606193972084834 0.737387213577341 0.758120356099204 0.789828348703045 0.810463774009263 0.80715683401937 0.801242706640567 0.777163623198096 0.799323222113018 0.81563534917349 0.809792929295096 0.812228415895118 0.834481319439631 0.823840059812482 0.846258256363707 0.845156369189182 0.854958133780805 0.880679563171844 0.885426440054761 0.884593654686496 0.854058750407892 0.844863812406737 0.845738672463513 0.853030451987255 0.848032119223047 0.855302758919083 0.82637509468507 0.852112681622923 0.894454104939534
-9999 -9999 -9999 -9999 -9999 -9999 -9999 -9999 -9999 -9999 -9999 -9999 -9999 -9999 -9999 -9999 -9999 -9999 -9999 0.655252106464417 0.642166180052694 0.653472529099372 0.811002136393554 0.812630130663222 0.82078507942983 0.824406018607221 0.821666611492062 0.823439717465144 0.818770663996752 0.78964902164191 0.836447801928209 0.823883143082579 0.818390300878946 0.823792240969732 0.850361448372933 0.82371181189398 0.82651098569093 0.817849959692673 0.850328763239132 0.870086011306344 0.84903651490123 0.817361741758163 0.819690488958038 0.82299883059412 0.63852762427768 0.610087285921859 0.437483071270889 -9999 0.821516466831546
-9999 -9999 -9999 -9999 -9999 -9999 -9999 -9999 -9999 -9999 -9999 -9999 -9999 -9999 -9999 -9999 -9999 -9999 -9999 0.792425109658141 0.737440052101994 0.775871832407032 0.791396541741616 0.814104878870107 0.819232724518465 0.821765449134553 0.830031127202026 0.805777844233984 0.811693133984009 0.820293649901896 0.81141195295746 0.820430354877459 0.838462477129466 0.85398119505917 0.805904311158992 0.837840727007265 0.625844886136593 0.464415366331194 0.481860446500962 0.525900305616295 0.471748838683174 0.46912383329729 0.49531701774665 0.480364421277244 0.513486847431888 -9999 -9999 -9999 0.713755511177731
-9999 -9999 -9999 -9999 -9999 -9999 -9999 -9999 -9999 -9999 -9999 -9999 -9999 -9999 -9999 -9999 -9999 -9999 -9999 0.837707393106806 0.780484706019651 0.697503233292799 0.774239001020842 0.797066630930634 0.807098424039228 0.81206089372563 0.813746914663919 0.816187537197074 0.820377874785832 0.826095569994233 0.818115519244816 0.81547359095558 0.854405754667511 0.857254579312493 0.813024626086456 0.777278833200554 0.404501201050477 0.540341570521133 0.504691222713046 0.80851232206049 0.691788589086923 0.624238369890327 0.555132304959614 0.494045669078636 0.443095186642678 0.525261467483782 -9999 -9999 -9999
-9999 -9999 -9999 -9999 -9999 -9999 -9999 -9999 -9999 -9999 -9999 -9999 -9999 -9999 -9999 -9999 -9999 -9999 0.808994686678003 0.803366058939313 0.813058691677721 0.712167910870547 0.701098365564067 0.709781806438612 0.776847977015243 0.743723693034246 0.77501403346922 0.818109224021718 0.836165551792274 0.799715254307736 0.772564074803349 0.814261897058379 0.814165359003796 0.816470409832036 0.848809276067286 0.81830121363398 0.817828317099859 0.785132008603223 -9999 -9999 0.818336466607869 0.832722858407735 0.828945857169224 0.824452139685869 0.63348391349792 0.678716989227141 -9999 -9999 -9999
-9999 -9999 -9999 -9999 -9999 -9999 -9999 -9999 -9999 -9999 -9999 -9999 -9999 -9999 -9999 -9999 -9999 -9999 0.798581386390894 0.76975218271864 0.713280014687164 0.678654463774399 0.5812542066759 0.731957207009574 0.692335279548637 0.700761096223958 0.817215491903172 0.796670808857022 0.806956313799174 0.740230845964581 0.692935503902421 0.709779554950829 0.793004723903807 0.817672011256627 0.814105870270043 0.74169485845681 -9999 -9999 -9999 -9999 -9999 -9999 0.504403849962972 0.753518386406317 0.819614376985247 0.800552776376085 0.596075820995792 -9999 -9999
-9999 -9999 -9999 0.813912660913567 0.828429441354485 0.819842422722264 0.821799513522155 0.507721899592752 0.761115276143873 0.79379951164113 0.777761342559425 0.77345426493029 0.760004826249329 0.798159707979588 0.795468724057378 0.821917302044658 0.838033106649483 0.866579334437668 0.825815369772492 0.800578038980242 0.815082827651795 0.779632713986428 0.732574263548652 0.772090676994206 0.724042095972752 0.78915887515034 0.78129827782893 0.65642198269003 -9999 -9999 -9999 -9999 0.779696325073289 0.764524350739158 -9999 -9999 -9999 -9999 -9999 -9999 -9999 -9999 0.764059743187041 0.699473463426232 0.627405440604438 0.510532251835632 0.717564755389551 0.697080915359633 0.58340174153545
-9999 -9999 -9999 0.821704843906011 0.791061304854183 0.815054940940897 0.811766711273439 0.78694826376258 0.827709164445039 0.813070963783016 0.817455979491994 0.806467315229729 0.789284481114017 0.783338665869799 0.741960811757094 0.805044712606837 0.806158206279922 0.808694075393588 0.817848233245303 0.839205902277732 0.856816717846607 0.840600663527284 0.854970312051109 0.827145510560253 0.824915509026094 0.825485777014167 0.77832397935658 -9999 -9999 -9999 -9999 -9999 -9999 -9999 -9999 -9999 -9999 -9999 -9999 -9999 -9999 -9999 -9999 0.548466115406627 0.698910061488724 0.605430769546417 0.69876600626045 0.812067139663275 0.661421418843318
-9999 -9999 -9999 -9999 0.840375251714057 0.828143128929678 0.794954133834714 0.820936908599342 0.793457160640736 0.453199539882558 0.428643098481019 0.464309422419395 0.420641590917549 0.483313110490725 0.741167106535071 0.768685172336976 0.713845461466731 0.464365894242642 0.394021743779048 0.683092483427635 0.78341089252072 0.778988454801701 0.800788743716524 0.801228648127584 0.799289166380262 0.820587396769067 0.74243138925224 0.660175620727559 -9999 -9999 -9999 -9999 -9999 -9999 -9999 -9999 -9999 -9999 -9999 -9999 -9999 -9999 -9999 -9999 0.561694162443726 0.441055399486129 0.650369089127195 0.811392350249313 0.809675692953023
-9999 -9999 -9999 0.848871809386794 0.844655460637357 0.821869216399069 0.804621240302078 0.795223895244666 0.67990647806305 0.427683010091257 0.307429080109668 0.292371547069987 0.465060010764371 0.541090141165794 0.667281619257444 0.718316620498176 0.511688343271675 0.54569499583268 0.364318481759394 0.394566008052786 0.311049631841401 0.33410305179415 0.479547038679219 0.537493411032883 0.719369341648188 0.822926191224742 0.773521245243043 -9999 -9999 -9999 -9999 -9999 -9999 -9999 -9999 -9999 -9999 -9999 -9999 -9999 -9999 -9999 -9999 -9999 -9999 -9999 0.564315484920934 0.434113948155924 0.648079671400469
-9999 -9999 -9999 -9999 0.844541442256106 0.825828826695408 0.667201533933304 0.700307345853436 0.613134413611778 0.294829262052364 0.264080391456322 0.281173030809017 0.447473337790225 0.602121362505208 0.60688012950048 0.547256787333594 0.508200944382639 0.455142556887715 0.343105185903609 0.383630609380412 0.352046575864257 0.325378364344526 0.594612151643133 0.567598068190827 0.551254481851215 -9999 -9999 -9999 -9999 -9999 -9999 -9999 -9999 -9999 -9999 -9999 -9999 -9999 -9999 -9999 -9999 -9999 -9999 -9999 -9999 -9999 -9999 -9999 0.6526229318985
-9999 -9999 -9999 -9999 0.772228134663929 0.799430083804731 0.782753307938067 0.680900742256437 0.73220360076194 0.518808456895839 0.550391407125693 0.642337758271516 0.723558727434852 0.794625458956767 0.520246480892404 0.588021647764947 0.685184778287871 0.690937921195425 0.568968931431031 0.629509733719971 0.647111189698686 0.584730434093022 0.551748299577921 -9999 -9999 -9999 -9999 -9999 -9999 -9999 -9999 -9999 -9999 -9999 -9999 -9999 -9999 0.523552588444857 0.541074294260043 0.766745561207935 -9999 -9999 -9999 -9999 -9999 -9999 -9999 -9999 -9999
-9999 -9999 -9999 0.691036232248864 0.705153792832666 0.773097888113339 0.788948923203656 0.78709841712291 0.79224084572006 0.808492732839333 0.808731367700905 0.778939827460965 0.388265089064076 0.534839525551606 0.612658051728867 0.431285173417618 0.7334235827483 0.458942935270692 0.462577460604129 0.679062942110553 0.577228005566217 0.452216447627282 -9999 -9999 -9999 -9999 -9999 -9999 -9999 -9999 -9999 -9999 -9999 -9999 -9999 -9999 -9999 -9999 0.502553393337256 0.786480417182691 -9999 -9999 -9999 -9999 -9999 -9999 -9999 -9999 -9999
-9999 -9999 -9999 0.763662365502209 0.722565430627407 0.66812743047618 0.646800974848601 0.536032567181669 0.651450974429642 0.68226273683015 0.566469113999941 0.431240149005506 0.355987614154166 0.27013961551722 0.217767431388643 0.415871222854527 0.405012248380293 0.640565837161623 0.374207732506403 0.52374893632911 0.648723362340766 -9999 -9999 -9999 -9999 -9999 -9999 -9999 -9999 -9999 -9999 -9999 -9999 -9999 -9999 -9999 -9999 -9999 0.536839578538524 0.643068419872717 -9999 -9999 -9999 -9999 -9999 -9999 -9999 -9999 -9999
-9999 -9999 0.510340227563135 0.553300993620023 0.685341906403247 0.588442620338061 0.670483596887348 0.443135314235948 0.590445808297559 0.573359144256324 0.586543275271944 0.669970245731451 0.583360002106929 0.261291363075948 0.234047257885973 0.39456256571433 0.383869025712441 0.245987572386446 0.34789648406098 0.375065881527292 -9999 -9999 -9999 -9999 -9999 -9999 -9999 -9999 -9999 -9999 -9999 -9999 -9999 -9999 -9999 -9999 -9999 -9999 0.54272618766102 0.585521950371076 -9999 -9999 -9999 -9999 -9999 -9999 -9999 -9999 -9999
-9999 -9999 0.623216812808154 0.34539280639726 0.508156516745599 0.551125605103195 0.448323224253507 0.27976359661558 0.30661461179626 0.395378324932487 0.420080177594983 0.395757221846231 0.495153389273153 0.256446873066333 0.309490429559091 0.426199116837531 0.475192254301076 0.259246312062989 0.292192922245573 0.364740577829259 0.290670544622383 -9999 -9999 -9999 -9999 -9999 -9999 -9999 -9999 -9999 -9999 -9999 -9999 -9999 -9999 -9999 -9999 -9999 -9999 -9999 -9999 -9999 -9999 -9999 -9999 -9999 -9999 -9999 -9999
