BRT_projection_files/BRT_CCV/B_pomorum_1_projection.asc
NCOLS 79 
NROWS 71 
XLLCORNER -10.5 
YLLCORNER 36 
CELLSIZE 0.5 
NODATA_value -9999 
[rows 42 to 62 of 71, columns 0 to 48 of 79]
-9999 -9999 -9999 -9999 -9999 -9999 -9999 -9999 -9999 -9999 0.109958864691329 -9999 -9999 0.107698799330592 -9999 -9999 -9999 -9999 -9999 -9999 -9999 -9999 -9999 -9999 0.256814829050664 0.27770246389687 0.383902401947855 0.402828999795135 0.259146356027181 0.347369353214327 0.540843372042861 0.302629842658375 0.409060442133374 0.450781920950832 0.41100411510335 0.487472101448314 0.357856579698421 0.542213349104624 0.491377472342454 0.556994871132371 0.485444685734079 0.644910345745517 0.551194537774351 0.711146732893627 0.584873122633027 0.548412736017115 0.447973242095351 0.633891496947741 0.632337070035779
-9999 -9999 -9999 -9999 -9999 -9999 -9999 -9999 -9999 -9999 -9999 -9999 -9999 -9999 -9999 -9999 -9999 -9999 -9999 -9999 -9999 -9999 0.114866449022608 0.151035285754871 0.249483705219857 0.218427560025501 0.232160319867394 0.231060980615114 0.313825827952747 0.204637821937016 0.317873005669741 0.356795814783245 0.495005723927596 0.208037773549282 0.263608735571247 0.644633711706796 0.364610709079625 0.373222387048159 0.514747622278221 0.517578427258583 0.659357694326815 0.635434488706321 0.634266896994144 0.572013403192352 0.585752382391562 0.44881192720431 0.456256133415202 0.588204695974355 0.50502266337968
-9999 -9999 -9999 -9999 -9999 -9999 -9999 -9999 -9999 -9999 -9999 -9999 -9999 -9999 -9999 -9999 -9999 -9999 0.0904327971319254 0.108425890707647 0.100438445953389 0.0958979542512974 0.116379806550436 0.107538355774001 0.117092555891399 0.106539942461884 0.10501603641322 0.145133321777653 0.300221033632377 0.177775916673439 0.209068258619739 0.275391773208782 0.28545515124087 0.231200932713853 0.472242547295015 0.570039198045391 0.333689278436073 0.393288873559933 0.642660463893879 0.45870152919384 0.399031132115622 0.359383977109557 0.594361765753891 0.544510216729691 0.502062947916388 0.568691732614252 0.37268062547901 0.604663203312847 0.642506723776726
-9999 -9999 -9999 -9999 -9999 -9999 -9999 -9999 -9999 -9999 -9999 -9999 -9999 -9999 0.103611200890953 -9999 -9999 -9999 0.0911665242802587 0.177659300378686 0.214659127582172 0.211889310181867 0.348797973522825 0.156836736784931 0.0960319290014159 0.146171967091822 0.0906113770540559 0.101018551150524 0.111681953145783 0.21289038928717 0.135957741751131 0.343573838731055 0.264340790956995 0.381657298876768 0.451619206227151 0.384363359678093 0.293864611568386 0.439882008458985 0.57897785582101 0.590912054966906 0.663176716615121 0.57924190226307 0.587101452908369 0.630916169518012 0.622011309576681 0.603172859709026 0.594339286227989 0.539848899262541 0.624996117409856
-9999 -9999 -9999 -9999 -9999 -9999 -9999 -9999 -9999 -9999 -9999 -9999 0.131358528109882 0.115942975815482 0.119260779595814 0.112813962338838 0.11216779646337 0.0991650557450128 0.115965543118415 0.141230260469501 0.279326638266007 0.0921793585197403 0.18561853974292 0.192239899932997 0.137518916317655 0.122335658422378 0.116357243049984 0.10219617273493 0.110080145408303 0.105366277202347 0.159942898386726 0.296630734416526 0.386920151833246 0.402797322127245 0.486100896246896 0.434853006493689 0.425844077419568 0.462902322042103 0.51389117007064 0.563938655338075 0.351945021992191 0.423351441179731 0.561801705594259 0.66670618555329 0.67764774250032 0.512536576847351 0.520119232100353 0.600975245393146 0.496053812167119
-9999 -9999 -9999 -9999 -9999 -9999 -9999 -9999 -9999 -9999 -9999 -9999 -9999 -9999 0.114041539744429 0.0895354040057246 0.0932991719208292 0.0890052005448028 0.100835922031411 0.110202776473651 0.0965762052630853 0.099913264911946 0.0933816532839004 0.0986666762879412 0.102315357226121 0.0991572381853871 0.107032570446706 0.103598284054229 0.100558438903622 0.302002925255991 0.306116722534076 0.293133741394692 0.270265887689542 0.337970899100923 0.146113412314725 0.382247065854041 0.693699929688563 0.543184890942773 0.621466401183108 0.323453726276347 0.157997882260776 0.154809196449737 0.165264609012985 0.487619101121509 0.497665822449204 0.370981500032435 0.479341005333507 0.507623599334734 0.588618878150755
-9999 -9999 -9999 -9999 -9999 -9999 -9999 -9999 -9999 -9999 -9999 -9999 -9999 -9999 -9999 -9999 -9999 0.0765940926081343 0.0817979004650754 0.0830535700669612 0.0855139842487039 0.115984859020731 0.108082650339594 0.102625346750593 0.10695404741024 0.0926726249867494 0.10250824534662 0.113315487840409 0.177737682175188 0.523315374365313 0.215475752551794 0.132071255567777 0.228949788548636 0.531740618333194 0.489977646609719 0.627092361344889 0.608317018858043 0.588697636884533 0.509395381466096 0.396677238326411 0.438762991933429 0.112472365838181 0.447069347213512 0.462336859820339 0.314163833087177 0.115157048273546 0.137390103633214 0.174919317824474 0.433607122203469
-9999 -9999 -9999 -9999 -9999 -9999 -9999 -9999 -9999 -9999 -9999 -9999 -9999 -9999 -9999 -9999 -9999 0.0911175016412536 0.0956795334450717 0.105946008052204 0.109244595162824 0.118775965239986 0.0966810989483465 0.0963180228779798 0.109959425272062 0.0941875080547045 0.0998211544433084 0.102806265674956 0.0948783337357619 0.275566300433738 0.11130975888096 0.10928152725672 0.273115452736054 0.521234819460486 0.640106467561424 0.618200236796776 0.329537569553893 0.38749959218236 0.131390990025489 0.171058734790483 0.245941192876015 0.101868055950123 0.144022983407603 0.1437290534661 0.238476919383019 0.165917931138225 0.167437209186351 0.339934503750146 0.611651713429316
-9999 -9999 -9999 -9999 -9999 -9999 -9999 -9999 -9999 -9999 -9999 -9999 -9999 -9999 -9999 -9999 -9999 -9999 -9999 0.0971115587250716 0.125481736217265 0.119599658583039 0.102176183956215 0.108263317079733 0.203939330857236 0.226089945791891 0.240096784481664 0.180759152125018 0.209044101218656 0.269102443161156 0.169199161063042 0.120110824449505 0.54460438442116 0.532431912703867 0.595969197229429 0.304489011326402 0.457624279423074 0.124845324283407 0.506405500928318 0.18232655217202 0.118133178387683 0.207130479324604 0.351909870286753 0.336883406133867 0.354793370929394 0.365888221617741 0.56438061652959 0.47567620594101 0.0437190106124786
-9999 -9999 -9999 -9999 -9999 -9999 -9999 -9999 -9999 -9999 -9999 -9999 -9999 -9999 -9999 -9999 -9999 -9999 -9999 0.0918191806648906 0.0985981998932659 0.100237653926363 0.112083905932094 0.120671823989204 0.189932011842732 0.530571327481329 0.54370161883413 0.342111643600515 0.43655629465651 0.12364872639615 0.171750250507062 0.117743918312734 0.265786885833198 0.269443745801439 0.336742234871424 0.210122963772733 0.104896699463298 0.290441253528309 0.0701075287394164 0.0645705197188118 0.39300188577865 0.483349390487537 0.461505971111301 0.51221181134798 0.301222818668406 0.0941174366823338 0.0718197710823608 -9999 0.0987648578786151
-9999 -9999 -9999 -9999 -9999 -9999 -9999 -9999 -9999 -9999 -9999 -9999 -9999 -9999 -9999 -9999 -9999 -9999 -9999 0.0924689931456873 0.102098242272898 0.0900801794365419 0.145609963333853 0.149666007631342 0.184590734719274 0.186359498147174 0.533777443077635 0.532441112090476 0.551133147228444 0.451068323063211 0.175402382658659 0.120899580914911 0.169301235815485 0.39193081208439 0.338503317982375 0.26660282716909 0.0944036137860973 0.0667114019141931 0.074699498271621 0.077590078472795 0.0770310592087967 0.0661813132418091 0.0662898658860192 0.0694800749462432 0.07080315538681 -9999 -9999 -9999 0.109940212941448
-9999 -9999 -9999 -9999 -9999 -9999 -9999 -9999 -9999 -9999 -9999 -9999 -9999 -9999 -9999 -9999 -9999 -9999 -9999 0.104580614662679 0.0816211519585409 0.09312750649209 0.0950979576314576 0.110576541775377 0.0827099754545746 0.28310695922805 0.318134594764414 0.518745818931285 0.596232279300418 0.564871086770346 0.164902186860157 0.519461174205522 0.505007822139124 0.237066061029593 0.310291572188542 0.342856157754285 0.0844386058491844 0.0841326318569921 0.0572931798568508 0.242771613203421 0.171786719985672 0.129475624148453 0.0713716143084711 0.0633732877944135 0.0619102797377209 0.0418586275241881 -9999 -9999 -9999
-9999 -9999 -9999 -9999 -9999 -9999 -9999 -9999 -9999 -9999 -9999 -9999 -9999 -9999 -9999 -9999 -9999 -9999 0.136167767403412 0.0850722295173919 0.0869999795687103 0.0923300179099321 0.0748940848647028 0.0798928868236488 0.0786715329689346 0.128679492268977 0.369488325856076 0.440944579353609 0.176457525406742 0.142028737097688 0.123956230653946 0.378128422255232 0.332916902084388 0.461097563813408 0.317609698355194 0.328124446116285 0.401195306296548 0.0675702407690983 -9999 -9999 0.0442346855639605 0.274468862128032 0.602176730933832 0.426113489948932 0.0883534936467685 0.0497517196721297 -9999 -9999 -9999
-9999 -9999 -9999 -9999 -9999 -9999 -9999 -9999 -9999 -9999 -9999 -9999 -9999 -9999 -9999 -9999 -9999 -9999 0.0896184817808817 0.128957002516684 0.0969610351217578 0.0775123380411676 0.0969715541990302 0.0976244338610779 0.0780400880730949 0.102951734494791 0.229635907641913 0.208129182474149 0.15238950302262 0.128594651721665 0.116208581688784 0.1134678971509 0.142293139330259 0.216138711877695 0.149210937568467 0.0439281579798688 -9999 -9999 -9999 -9999 -9999 -9999 0.0856231374164023 0.119264351363079 0.397317282766981 0.403012737624485 0.108935596619174 -9999 -9999
-9999 -9999 -9999 0.0368964307729633 0.059804556055108 0.110739998345782 0.0561097625627464 0.0334486748344965 0.0680435002565297 0.0873720178683912 0.0459766772097739 0.0379101139221089 0.0615989269252705 0.0756792649863665 0.0648208959848853 0.0673296691473335 0.0613023735066092 0.0463245547227922 0.189726727207153 0.138357793426496 0.160049288038007 0.0897238321514719 0.105385131569706 0.0921648400282551 0.0954668939702582 0.0858111461038744 0.172351882218261 0.0854000919572221 -9999 -9999 -9999 -9999 0.0657326871699046 0.0679764724871515 -9999 -9999 -9999 -9999 -9999 -9999 -9999 -9999 0.0919730772835106 0.0937256795368649 0.0802188881772972 0.107866576821428 0.119436910060012 0.122041450451384 0.0441055393016437
-9999 -9999 -9999 0.0717226492147479 0.115909546626465 0.150739279118042 0.100289675161563 0.0589978865989574 0.149209778857657 0.205920898174387 0.238409790190688 0.471935894096153 0.215975761070843 0.182476214983132 0.168085257315956 0.242724153535191 0.239112886691516 0.139163105471752 0.145399856220773 0.164147978768297 0.297793001264895 0.302418666701995 0.251493201634711 0.260584975666697 0.408632133035176 0.123435238357963 0.0848450916738208 -9999 -9999 -9999 -9999 -9999 -9999 -9999 -9999 -9999 -9999 -9999 -9999 -9999 -9999 -9999 -9999 0.0820496810248249 0.0893606566188451 0.103254696966466 0.0946641848100543 0.412707316345525 0.0921476846750281
-9999 -9999 -9999 -9999 0.0935822166025616 0.0994047171679841 0.1067302594807 0.199918549232713 0.132336883883784 0.0701739556923025 0.0668948947545429 0.120058433553552 0.0785932631196183 0.119264254403073 0.21135154671543 0.263863999107002 0.177573707332486 0.0672502216973976 0.0750497305439388 0.0904504598179447 0.142300590292612 0.1070678659157 0.177524400621885 0.0418995125475679 0.171047562082118 0.256584928579733 0.0765700566089745 0.061169857838779 -9999 -9999 -9999 -9999 -9999 -9999 -9999 -9999 -9999 -9999 -9999 -9999 -9999 -9999 -9999 -9999 0.0837524995811023 0.118022350464041 0.0869629335527867 0.264330337021214 0.582181421933757
-9999 -9999 -9999 0.0419534730605062 0.0500920887521357 0.0638586015311652 0.0790957790638319 0.0738861630624501 0.0786107457418138 0.0700946200423853 0.104029387922962 0.124881334499935 0.115528229709295 0.0833495089675907 0.0870578609360405 0.0975634871184516 0.142639716210882 0.0798342623529318 0.0544325259602096 0.0644623732373645 0.0655340470344887 0.0728901002182333 0.0677877512365497 0.0688992224802001 0.0936702797493503 0.0410219330992084 0.0421737886496403 -9999 -9999 -9999 -9999 -9999 -9999 -9999 -9999 -9999 -9999 -9999 -9999 -9999 -9999 -9999 -9999 -9999 -9999 -9999 0.112316261788641 0.125266652251618 0.13996265819044
-9999 -9999 -9999 -9999 0.0491617695513031 0.0503108188359885 0.0598253095525144 0.0704296753567978 0.0622536303864128 0.0707390419665444 0.06838749155545 0.068477077746819 0.068202589643581 0.109919473470848 0.0900776401783413 0.0839352559687721 0.0878759059754168 0.0928207232555584 0.0769844715782603 0.0633147750185553 0.0697083533450698 0.064092699343842 0.067329786724453 0.0735102910892937 0.0536238682937486 -9999 -9999 -9999 -9999 -9999 -9999 -9999 -9999 -9999 -9999 -9999 -9999 -9999 -9999 -9999 -9999 -9999 -9999 -9999 -9999 -9999 -9999 -9999 0.0886002811176658
-9999 -9999 -9999 -9999 0.0422585191748178 0.0450406078638844 0.0613813104851318 0.0745727826316049 0.0680656402159114 0.0740412465697611 0.0851938387188385 0.0807758947192845 0.141390453765801 0.0920086377402308 0.0689378450057753 0.0717220125027034 0.0608013942252624 0.152721368221184 0.127093889665656 0.095028027741882 0.0804670937542787 0.0654321030746676 0.0542774933463309 -9999 -9999 -9999 -9999 -9999 -9999 -9999 -9999 -9999 -9999 -9999 -9999 -9999 -9999 0.0760937620374105 0.0830211838792036 0.0764776427483161 -9999 -9999 -9999 -9999 -9999 -9999 -9999 -9999 -9999
-9999 -9999 -9999 0.0438440917122498 0.0436400303688883 0.0440074837332848 0.0764141896085486 0.0790218465934497 0.0773200490487769 0.0962401550869709 0.0897945844099469 0.104732412557294 0.0678763487808959 0.0482491777083105 0.06791835354519 0.0650998357116406 0.0889308441667408 0.0818928140711846 0.120290947592426 0.16250746259349 0.0759142574611839 0.0718750180935498 -9999 -9999 -9999 -9999 -9999 -9999 -9999 -9999 -9999 -9999 -9999 -9999 -9999 -9999 -9999 -9999 0.0800675408049547 0.0980170860656747 -9999 -9999 -9999 -9999 -9999 -9999 -9999 -9999 -9999
