BRT_projection_files/BRT_CCV/B_pomorum_2_projection.asc
NCOLS 79 
NROWS 71 
XLLCORNER -10.5 
YLLCORNER 36 
CELLSIZE 0.5 
NODATA_value -9999 
[rows 42 to 62 of 71, columns 0 to 47 of 79]
-9999 -9999 -9999 -9999 -9999 -9999 -9999 -9999 -9999 -9999 0.0316746552243849 -9999 -9999 0.0329177585114289 -9999 -9999 -9999 -9999 -9999 -9999 -9999 -9999 -9999 -9999 0.03446603285771 0.0353097927959977 0.0402212651342895 0.0555371594634313 0.046019489780282 0.0383000891005407 0.0459150994405308 0.0510580581060673 0.0364170398349264 0.0616482224429496 0.0426863000946369 0.0235406006417275 0.0200960791195805 0.226670275871907 0.196992404600239 0.0173474157445757 0.025091621657701 0.0741586063676463 0.282995245757541 0.0257248644653971 0.075771510711859 0.189982357466378 0.0281672255354731 0.12958866819031
-9999 -9999 -9999 -9999 -9999 -9999 -9999 -9999 -9999 -9999 -9999 -9999 -9999 -9999 -9999 -9999 -9999 -9999 -9999 -9999 -9999 -9999 0.0428319340805385 0.0352145230053783 0.0549812812405714 0.0356430181813384 0.0357454800178311 0.0400319937983131 0.050257951885403 0.0487062898429981 0.211593337386556 0.0546745612369472 0.0410436813383444 0.0398177023686787 0.0169281959080758 0.0349885072457837 0.0810283191139274 0.209671079863898 0.366119164171189 0.0213602178851707 0.0761035464746973 0.0514724823037854 0.0335240757814751 0.0703212387747078 0.155800987265209 0.0498385303653688 0.0581078753729567 0.0959892892484106
-9999 -9999 -9999 -9999 -9999 -9999 -9999 -9999 -9999 -9999 -9999 -9999 -9999 -9999 -9999 -9999 -9999 -9999 0.0400454059771553 0.0384383557108304 0.0271150865632143 0.0385045496427812 0.034471287807501 0.0336054139552901 0.0541349223153633 0.0246435468807211 0.0246481108368095 0.0346384448703214 0.0608231175298864 0.0358411452161007 0.0369281368273073 0.0394410033504989 0.0443147010373626 0.030300378598795 0.106203441586102 0.0307163865001924 0.016548350474924 0.165689960909132 0.421647304304874 0.0280968360343438 0.243302239612589 0.366016584693747 0.491210794391819 0.700254610899704 0.0884877698635874 0.23209437140826 0.0569842096064048 0.0495888852009843
-9999 -9999 -9999 -9999 -9999 -9999 -9999 -9999 -9999 -9999 -9999 -9999 -9999 -9999 0.0416800568650965 -9999 -9999 -9999 0.0311266320173576 0.0293142306819614 0.0365506228670339 0.0359934497971683 0.0351929886906362 0.0343779762437183 0.0251714880583943 0.0325840008579472 0.0489642965162949 0.0348201014503175 0.0346414181457294 0.0363290714459903 0.0365831910302088 0.0480183666245006 0.0410801409078841 0.0979341044639271 0.054567214192825 0.0248116536986055 0.101351604744332 0.0152441833527498 0.114197101948727 0.121627325616323 0.0203586413356825 0.155908298573343 0.207637823645453 0.157925952332166 0.244357758816506 0.177849269221493 0.325551434021538 0.0795971795828103
-9999 -9999 -9999 -9999 -9999 -9999 -9999 -9999 -9999 -9999 -9999 -9999 0.0393123038961589 0.0347078290862602 0.0288416843745046 0.0465599134713821 0.0341311184204685 0.0506900557658993 0.0433584336807117 0.0406643020369013 0.0306436253355008 0.0350994134516184 0.0350904896543132 0.0362567774653526 0.0364133172650854 0.0340572333003174 0.0280522962770214 0.0387329747241057 0.0347091453581791 0.0425759281556997 0.0505975321709938 0.0513141139384842 0.0352782776854159 0.0392829111802229 0.015828008383864 0.0161483108250087 0.0410095567356408 0.0155635934093003 0.0708428274216805 0.0722451029425863 0.0805277803169558 0.306906827110647 0.415184278772408 0.560910648944187 0.536994495645932 0.0985296240231241 0.113236372614206 0.0746581410187199
-9999 -9999 -9999 -9999 -9999 -9999 -9999 -9999 -9999 -9999 -9999 -9999 -9999 -9999 0.0390623396113341 0.0448414550881226 0.0278054342125517 0.0459705719362018 0.0498894160468361 0.034524764600065 0.035535499632556 0.0400941216939011 0.0348348691480508 0.0384491359222431 0.0208872991088289 0.0421898841909898 0.0350161713829686 0.0347866180713594 0.038813708184659 0.0347317994311864 0.0337669276195657 0.0520098220826699 0.0374770292524465 0.0347749093479641 0.0136498549101225 0.0171965739909005 0.223468019904405 0.0339179479178977 0.0441846596531754 0.0504251706657836 0.0638258499904947 0.051461061632125 0.0589766764400058 0.0315188177556657 0.0419996407733111 0.0915226252082318 0.0433318121570159 0.111134450669724
-9999 -9999 -9999 -9999 -9999 -9999 -9999 -9999 -9999 -9999 -9999 -9999 -9999 -9999 -9999 -9999 -9999 0.0401855503450432 0.0359218518275813 0.0353078217933371 0.0522607061703756 0.0469194386876492 0.0348359766424367 0.0352896479902853 0.0371132903651179 0.0316512096744866 0.0337267422047952 0.0508691144756447 0.0386775366001919 0.0377093017612724 0.054484360479199 0.0338858488065644 0.0484050797297516 0.0299458730203467 0.0441380204302268 0.143292109904939 0.0343157165426691 0.0432132063982416 0.0850083557455759 0.0474576527245748 0.404650370361461 0.0243309128917499 0.256348159964452 0.356299223866071 0.0260765505650472 0.0250593401240148 0.0254697152552236 0.216631109554991
-9999 -9999 -9999 -9999 -9999 -9999 -9999 -9999 -9999 -9999 -9999 -9999 -9999 -9999 -9999 -9999 -9999 0.0355823891296722 0.0356232492094311 0.047651192657855 0.0414176151718709 0.0343010237920664 0.0348479352889653 0.0347399602690513 0.0548835689877139 0.0348359326366659 0.0359614370100244 0.0440222294784625 0.0401288645539536 0.124295982904204 0.0421808957173435 0.039516885671097 0.0255095496157189 0.040528070165091 0.0955038197284729 0.0276762752787497 0.0596034382153642 0.180864178645144 0.0251152372534661 0.0249668509469486 0.0262723948833848 0.131458583090353 0.266617910065654 0.0781070320390889 0.0903353956557731 0.0964668375667868 0.0606813921226712 0.0648486194994484
-9999 -9999 -9999 -9999 -9999 -9999 -9999 -9999 -9999 -9999 -9999 -9999 -9999 -9999 -9999 -9999 -9999 -9999 -9999 0.0353793929960857 0.0349103425458861 0.0382270538024402 0.0312238138634802 0.0366164955095588 0.0344044410108321 0.0409768924280373 0.0614749314936504 0.0405803759279459 0.061075930202519 0.0336176695398919 0.051701296681065 0.0437275892429026 0.0162459874619969 0.0235323783545021 0.0331315014036332 0.0786243433405837 0.193953529421123 0.0731823071661677 0.0414381413046851 0.0681398014099946 0.0819777468404137 0.0700006109170883 0.0361533996788805 0.0378645151226043 0.0396634953512101 0.0253209427332576 0.0383603969763477 0.0349476169601976
-9999 -9999 -9999 -9999 -9999 -9999 -9999 -9999 -9999 -9999 -9999 -9999 -9999 -9999 -9999 -9999 -9999 -9999 -9999 0.0521984562876111 0.0344806556954078 0.0339676095012809 0.0429796372528938 0.0445911131875619 0.0156206081397283 0.0174672305353438 0.0603356363768696 0.0471117232752432 0.0278352340094869 0.0430483615455871 0.0322735982602708 0.0383354796129929 0.0292092607982195 0.0159174854409492 0.0387868132157855 0.0743612361293686 0.359868994621124 0.0159002639341975 0.0253942935519747 0.0156220843957559 0.0410354251184022 0.0422306238382642 0.0309469345008447 0.0399828218890666 0.0224682974456559 0.0588954918996649 0.0161726328445261 -9999
-9999 -9999 -9999 -9999 -9999 -9999 -9999 -9999 -9999 -9999 -9999 -9999 -9999 -9999 -9999 -9999 -9999 -9999 -9999 0.0486787484733551 0.0357544052598843 0.0704662072580836 0.0356652051429463 0.176149209436193 0.0155891824081629 0.0150659196396112 0.0686348985715109 0.0925162391197776 0.0652638148999367 0.0430861498826033 0.179726878322703 0.0414582020967396 0.0158495647867403 0.0289476083934043 0.0437402568391879 0.0908468930857537 0.0322212064080059 0.0161872791089244 0.0165113302356685 0.0399088114765363 0.0257827250763613 0.0161855705591037 0.0402868340054069 0.016177571460542 0.0310994985756592 -9999 -9999 -9999
-9999 -9999 -9999 -9999 -9999 -9999 -9999 -9999 -9999 -9999 -9999 -9999 -9999 -9999 -9999 -9999 -9999 -9999 -9999 0.0169936133036152 0.0470611353702772 0.0544264452140329 0.0417518024636615 0.0296904462503535 0.0363397949910597 0.178576084706924 0.26738180490596 0.296300407179326 0.0773855017307052 0.0157332648836239 0.0329674936335551 0.0148401662516762 0.0148639531067818 0.015281341178936 0.134606315315081 0.337685787894155 0.0270832342911307 0.0358163126802993 0.0187948460416453 0.0175029364016456 0.031354776354348 0.0261221764737567 0.0626796217742127 0.0171916191080287 0.025949589559418 0.0179782570554129 -9999 -9999
-9999 -9999 -9999 -9999 -9999 -9999 -9999 -9999 -9999 -9999 -9999 -9999 -9999 -9999 -9999 -9999 -9999 -9999 0.0115470756984794 0.0144119727006226 0.0171675581733373 0.0538515823462704 0.0346244066013952 0.0350981937979437 0.0568001319102969 0.0613709845151912 0.0643788316687581 0.206543596548306 0.0140048662400794 0.0250460613035035 0.0311774206653021 0.052376532842026 0.0354544161743074 0.0306737608468842 0.0265714365948527 0.0658916018041988 0.0320744336560636 0.0157539220360408 -9999 -9999 0.0126960369967562 0.018074666883932 0.0342381358652593 0.0231663500482874 0.027048643891386 0.0159616577543846 -9999 -9999
-9999 -9999 -9999 -9999 -9999 -9999 -9999 -9999 -9999 -9999 -9999 -9999 -9999 -9999 -9999 -9999 -9999 -9999 0.0157144170600347 0.0328217969292148 0.0346565482775526 0.0410849798124762 0.0371881294689116 0.0634672332432599 0.0553922885336021 0.0343578927867572 0.172411497317316 0.225090576449758 0.0166202532495512 0.0286815995700517 0.0316790111321035 0.0395044471063021 0.0284480982668204 0.0274243921744986 0.0148425899984414 0.0156615354766142 -9999 -9999 -9999 -9999 -9999 -9999 0.0203579720185901 0.190523834950184 0.020678934733651 0.0734640554164726 0.0246287531184803 -9999
-9999 -9999 -9999 0.0156055814000915 0.022551554634554 0.042974823318423 0.0222228206898429 0.0192248402275946 0.021582889181994 0.0285946434187245 0.0205714653567015 0.0168640481915323 0.0171221820422036 0.0336704614888564 0.027080817073148 0.066068089759949 0.0234812840136681 0.0153911334152842 0.172092040710898 0.0528906405372147 0.0646106688853431 0.0365749191692987 0.035008380934867 0.0363524805486908 0.0349133527237798 0.0371298265400999 0.0640045400420245 0.0156650225431487 -9999 -9999 -9999 -9999 0.0147565408782705 0.0147424022936146 -9999 -9999 -9999 -9999 -9999 -9999 -9999 -9999 0.0532047936748703 0.0313385525224979 0.0294424891874132 0.021303980372884 0.0370356441289184 0.0241612482739731
-9999 -9999 -9999 0.057755734921311 0.0918870920530886 0.192320984553797 0.0224859488735206 0.024602206441548 0.0296578218074882 0.0643634791074981 0.106999059666025 0.0363229685846414 0.0384771084563679 0.0367921118090157 0.0480394245780729 0.0399469691523016 0.0416446550093514 0.0390616429315864 0.0821666324114713 0.014691838240385 0.0400228307910522 0.0348006579478237 0.0331514807229856 0.017595694921799 0.0346861611829201 0.0197316493094818 0.0160164717072441 -9999 -9999 -9999 -9999 -9999 -9999 -9999 -9999 -9999 -9999 -9999 -9999 -9999 -9999 -9999 -9999 0.0358223655403608 0.0477742763748775 0.0256972611952689 0.032489946263812 0.0192073484521182
-9999 -9999 -9999 -9999 0.0845075066599153 0.0572683123090278 0.0519679693900245 0.118855361186844 0.0404167680224923 0.078081550934874 0.0665192390079341 0.089972655031586 0.0581769679290401 0.0927416267241872 0.072941068297041 0.0731405133382966 0.0370214146195316 0.0603443644946894 0.0362329974080492 0.0421733355127652 0.0641481301844911 0.0781338887484103 0.0534408703374125 0.0218172648093216 0.0611801736905754 0.0238295185322123 0.0258691839156754 0.0264330860258225 -9999 -9999 -9999 -9999 -9999 -9999 -9999 -9999 -9999 -9999 -9999 -9999 -9999 -9999 -9999 -9999 0.0278924807545048 0.0265723524895439 0.0201104446336522 0.0684268396116696
-9999 -9999 -9999 0.0166467038699948 0.0155823419977182 0.0153073561825662 0.180026083660737 0.151063281301701 0.0398330884558148 0.0587555002894757 0.0817197633850284 0.117020684016907 0.0882928522038186 0.0657749507814269 0.0385106204897309 0.0263440839976765 0.0589036443641596 0.038901629289614 0.0564488434771158 0.0263214477102506 0.0687419660415678 0.0625692905018138 0.082858285918436 0.0498909836465324 0.0353735821178329 0.0277747015105849 0.018542767581296 -9999 -9999 -9999 -9999 -9999 -9999 -9999 -9999 -9999 -9999 -9999 -9999 -9999 -9999 -9999 -9999 -9999 -9999 -9999 0.0455581038677432 0.0263000733335505
-9999 -9999 -9999 -9999 0.0456247480413102 0.0155149091356959 0.0305693016193195 0.0348258398946298 0.0309480284504271 0.0406283834833093 0.097901338628972 0.184638994195126 0.0448983064390872 0.0355297710107125 0.0348390029857668 0.0356420515966391 0.0394338615715033 0.0385220811164629 0.0497125137942917 0.0347424265177044 0.0196791355977736 0.0350609787122514 0.0408933278184264 0.0421524461360817 0.0255598122587109 -9999 -9999 -9999 -9999 -9999 -9999 -9999 -9999 -9999 -9999 -9999 -9999 -9999 -9999 -9999 -9999 -9999 -9999 -9999 -9999 -9999 -9999 -9999
-9999 -9999 -9999 -9999 0.0127134276658121 0.0153263808312428 0.0417100510160749 0.039233901638677 0.0307212201047403 0.0541722244238361 0.043717319355507 0.0374936178899531 0.064881048660707 0.0634348687890991 0.0865269424642217 0.0419876041670197 0.0237045443069561 0.0379513323202828 0.0393583392349675 0.0355122169096525 0.0351454449152215 0.0352813747590242 0.0234782339453467 -9999 -9999 -9999 -9999 -9999 -9999 -9999 -9999 -9999 -9999 -9999 -9999 -9999 -9999 0.0227874176066786 0.0392712076887969 0.0329561741290737 -9999 -9999 -9999 -9999 -9999 -9999 -9999 -9999
-9999 -9999 -9999 0.0240986323997754 0.0163277474572018 0.0163311450502547 0.0394716720688309 0.0334314386975266 0.0384882301477351 0.0296814283896168 0.0307633273718594 0.0471965824482385 0.0886087849312063 0.0726640501118267 0.0891951660536892 0.0494540436511593 0.0491345152147581 0.0171964714885494 0.0352354739773513 0.0260421770184187 0.0378962975721155 0.0289766880860723 -9999 -9999 -9999 -9999 -9999 -9999 -9999 -9999 -9999 -9999 -9999 -9999 -9999 -9999 -9999 -9999 0.0340963589154042 0.0380932810853836 -9999 -9999 -9999 -9999 -9999 -9999 -9999 -9999
