BRT_projection_files/BRT_CCV/B_pyrenaeus_1_projection.asc
NCOLS 79 
NROWS 71 
XLLCORNER -10.5 
YLLCORNER 36 
CELLSIZE 0.5 
NODATA_value -9999 
[rows 42 to 62 of 71, columns 0 to 47 of 79]
-9999 -9999 -9999 -9999 -9999 -9999 -9999 -9999 -9999 -9999 0.0249716645348 -9999 -9999 0.0238639123086595 -9999 -9999 -9999 -9999 -9999 -9999 -9999 -9999 -9999 -9999 0.0165455516367572 0.0163468920935227 0.0160902074149443 0.0159817542050874 0.0186888548158421 0.0184154730788251 0.0170117521775586 0.0249566121325367 0.0536745186918079 0.0748181249130134 0.0538506532720143 0.0160788738321905 0.0178358547861298 0.0167329387814464 0.0168192660298402 0.0447555109034891 0.0231849660705091 0.0186303984715467 0.0202002268069395 0.0227294274520929 0.0221644985979382 0.0250285105611492 0.0929528828510448 0.0332193513944191
-9999 -9999 -9999 -9999 -9999 -9999 -9999 -9999 -9999 -9999 -9999 -9999 -9999 -9999 -9999 -9999 -9999 -9999 -9999 -9999 -9999 -9999 0.024727746908983 0.0211725931159595 0.0160978618495478 0.0160496591789982 0.0164232785056739 0.0163549118259175 0.0161559881822912 0.0164530042908951 0.0259303155455883 0.0244198323340783 0.0378743191466007 0.0175814713306899 0.0218051610239411 0.0173278951766699 0.0106373664726768 0.0103995020214084 0.0171428151162726 0.0566078462212858 0.0175007871758944 0.0117457722090619 0.0113036189265014 0.0224644728478862 0.0217400291807578 0.023870598026409 0.0366533739914386 0.0134087865670421
-9999 -9999 -9999 -9999 -9999 -9999 -9999 -9999 -9999 -9999 -9999 -9999 -9999 -9999 -9999 -9999 -9999 -9999 0.016335697158444 0.0162555979996359 0.0107606341548988 0.0221095045310803 0.0163232754179175 0.0164782503934695 0.0163397293209881 0.0160078806383969 0.0165948127450844 0.0161559881822912 0.0160637915099351 0.0157726449348009 0.0168802511231851 0.0174201089778674 0.016938008821827 0.0224045730354653 0.0173518549232841 0.0217781460080348 0.195739381142499 0.0168717781270087 0.016190570447933 0.0171405756891233 0.0211332363848063 0.0279086960588363 0.0138962306820506 0.0216149838602613 0.0239224305431788 0.0227293400604324 0.0272338725196558 0.269428223024855
-9999 -9999 -9999 -9999 -9999 -9999 -9999 -9999 -9999 -9999 -9999 -9999 -9999 -9999 0.01643455469247 -9999 -9999 -9999 0.0232797211394466 0.0237536380828497 0.0185759195061803 0.0163171322976383 0.0160256046372161 0.010581945026085 0.0109373122037275 0.0404884313499455 0.0169296344991072 0.0163030982399706 0.0165872370187733 0.0165768731399258 0.0173864705535393 0.0242362332483005 0.0215106758794103 0.0165878969196632 0.0165690808840119 0.0234176267709658 0.0169510284858744 0.0363174898262558 0.0164473660905432 0.0281106992583826 0.125859111974263 0.025284084366078 0.0112626332455035 0.0117184030537528 0.0126523803918644 0.0187592627392435 0.019147742683607 0.156646256640242
-9999 -9999 -9999 -9999 -9999 -9999 -9999 -9999 -9999 -9999 -9999 -9999 0.0209554208672504 0.0212669453589768 0.0162132669869919 0.0166439505629023 0.0163904027252197 0.0104467022960292 0.0231622318058776 0.0240707251841391 0.0209773122417771 0.0158053859733564 0.0111569692984104 0.0106592181371913 0.0108070291576512 0.0105176080100245 0.0156616732642061 0.0160433529653629 0.0165318129029884 0.0163583171490746 0.0169901740445229 0.0175866116931904 0.02421274392786 0.0247735155621597 0.110973687056025 0.0984397119523825 0.0164684327795726 0.79218235753631 0.0742839355885616 0.0223591927864597 0.0254418502093434 0.0200246413858005 0.0202713738703457 0.0161385320028607 0.0223492180128553 0.0212135359976661 0.0243023685630499 0.0287616295432537
-9999 -9999 -9999 -9999 -9999 -9999 -9999 -9999 -9999 -9999 -9999 -9999 -9999 -9999 0.0239049679331009 0.0161586127653126 0.0155451744309842 0.0102555152386247 0.0160640026101568 0.016167332737461 0.0155405955942096 0.0157253222691336 0.0103768402092116 0.0106027923072183 0.0165400423584874 0.0174393525880198 0.0165273864804592 0.0162925534393211 0.0163904027252197 0.0164593480032537 0.0169043324344537 0.0173452138600734 0.0240171886458411 0.0355993353170333 0.426104865971346 0.0350371519847478 0.240983519273748 0.0461656251488889 0.0174080392728064 0.0167887810588954 0.0260273571518469 0.560474405889158 0.189206988133294 0.620753738705382 0.797319084706186 0.844750229078694 0.485685467123085 0.900112561913845
-9999 -9999 -9999 -9999 -9999 -9999 -9999 -9999 -9999 -9999 -9999 -9999 -9999 -9999 -9999 -9999 -9999 0.0161548926112479 0.0159766579686529 0.0159250920234372 0.0104782112784658 0.0107978942734108 0.0155707175011592 0.0160491669694938 0.0161982741710913 0.0170072986286859 0.0163046627798403 0.0166840121006396 0.0246968018301929 0.0249793274865376 0.0167053340449554 0.0172069888058488 0.029869851423648 0.0430144219541737 0.204763573993727 0.0688101922311672 0.0263557593128844 0.422854789816548 0.1809504228161 0.609009478113282 0.93647180808926 0.787767392636931 0.940587944807012 0.861786186092745 0.880900893218143 0.81575104268136 0.925194808667488 0.915135302328831
-9999 -9999 -9999 -9999 -9999 -9999 -9999 -9999 -9999 -9999 -9999 -9999 -9999 -9999 -9999 -9999 -9999 0.0168857515516067 0.0163890657177905 0.0164789704022152 0.0162582983743302 0.0160556355539308 0.016300182924652 0.0160508256456751 0.0166389014845107 0.0160343913170657 0.0160653763169306 0.0161228306879379 0.0236483965201528 0.0568422446415451 0.0165587477142855 0.0233050913506297 0.0397756000324406 0.343678642579355 0.0554737245240383 0.601487700815962 0.897661429656479 0.934602167751395 0.776033268967482 0.756252862861351 0.553817409887747 0.630117212488618 0.666144871558941 0.884724384877567 0.639799438347184 0.918783259794193 0.907273321253596 0.919614957748133
-9999 -9999 -9999 -9999 -9999 -9999 -9999 -9999 -9999 -9999 -9999 -9999 -9999 -9999 -9999 -9999 -9999 -9999 -9999 0.0166144649685953 0.0213783779785267 0.0165236832195685 0.0161563401699915 0.0230125054783483 0.0230946705816053 0.0188032229466808 0.0185294062565219 0.0158499708091704 0.0166105237587796 0.0236640465990052 0.0168874182878886 0.0222153157430039 0.377375524586416 0.0837544466711681 0.792876883412265 0.694851691009094 0.916204434253103 0.880549869817966 0.795146631112305 0.696304506522957 0.895706545177405 0.706974367680194 0.602853413441835 0.359770380140769 0.589146192231749 0.75956465079479 0.229056453649703 0.391589194654734
-9999 -9999 -9999 -9999 -9999 -9999 -9999 -9999 -9999 -9999 -9999 -9999 -9999 -9999 -9999 -9999 -9999 -9999 -9999 0.0162903783782554 0.0163890657177905 0.0163590676377041 0.0233840598148917 0.0216217602017744 0.0548546040961202 0.104237541412142 0.110711838054475 0.0167836625747018 0.122843626541421 0.0218919787673029 0.0254522403481076 0.0215596092140908 0.0365215839989988 0.857143964228384 0.891001840584633 0.700243566460487 0.630497775652415 0.0308994412948605 0.365853905670987 0.160864446444271 0.10629110182964 0.407014440953583 0.321895082453677 0.123496842360202 0.0613597159573065 0.0188186975161094 0.0515928555171534 -9999
-9999 -9999 -9999 -9999 -9999 -9999 -9999 -9999 -9999 -9999 -9999 -9999 -9999 -9999 -9999 -9999 -9999 -9999 -9999 0.0235497849129013 0.0205823286815413 0.0167940102197896 0.0172437156278917 0.0612750824431104 0.0363950702505847 0.154817202607989 0.245781041282781 0.0170141676900311 0.0210298075900821 0.0205700115767715 0.0280189888569666 0.0219214009414726 0.431412597634157 0.853753152346954 0.395334300427018 0.6046854749431 0.0191430056360968 0.0162445638088918 0.0182030342407619 0.0189436201769644 0.0185917345995502 0.0139890993911418 0.0140197446352735 0.0139429668609802 0.0139718356810866 -9999 -9999 -9999
-9999 -9999 -9999 -9999 -9999 -9999 -9999 -9999 -9999 -9999 -9999 -9999 -9999 -9999 -9999 -9999 -9999 -9999 -9999 0.111272887186403 0.0164198708735139 0.0158206580181349 0.0168826409552838 0.017333080978711 0.0264653451623953 0.0258911920633131 0.0830142548439986 0.399609801025156 0.132579364033215 0.207988921277603 0.025474627952941 0.0387789723542788 0.811313118808488 0.891175529036566 0.636088917885917 0.0910832196490747 0.0105354607443396 0.0106086911572177 0.0168448629121228 0.0250937632637001 0.027146300847457 0.0245224149096285 0.016096654467904 0.0136781909674232 0.0139257425803799 0.00898582541731351 -9999 -9999
-9999 -9999 -9999 -9999 -9999 -9999 -9999 -9999 -9999 -9999 -9999 -9999 -9999 -9999 -9999 -9999 -9999 -9999 0.0227236816658643 0.0396572701590977 0.136926935581003 0.0164688090068188 0.0158413697633288 0.0157749439382965 0.0166612131417521 0.022826258439583 0.0220871557722502 0.0400060067685912 0.413968222597208 0.0350576559932107 0.0227442301424314 0.022607323511661 0.0468362903899862 0.115721176390488 0.759544643459211 0.689450709844089 0.0173950859817859 0.0325105679096948 -9999 -9999 0.0468081195836599 0.260722167147905 0.0529616206859239 0.0213880799529423 0.016624948988932 0.0142081284564905 -9999 -9999
-9999 -9999 -9999 -9999 -9999 -9999 -9999 -9999 -9999 -9999 -9999 -9999 -9999 -9999 -9999 -9999 -9999 -9999 0.037657852002025 0.0292046622211503 0.0220757343417694 0.0162099059626402 0.0109547016932874 0.0161620319694736 0.0160895270965722 0.0232481995914054 0.0319144847128575 0.0277880803587617 0.0506015293479512 0.0173428131505054 0.0113575893365177 0.0147064139403237 0.0315309633759028 0.045934959727578 0.1161074046244 0.0327327718693404 -9999 -9999 -9999 -9999 -9999 -9999 0.028118839349285 0.0242454247881609 0.145667323958086 0.0179119009259418 0.016625951466073 -9999
-9999 -9999 -9999 0.0412588161811571 0.0437084213169232 0.0368519593533655 0.0642684983024401 0.0514138013504975 0.290867553244806 0.264106039123594 0.205618846044542 0.0910064082552657 0.11497849150834 0.225953741585349 0.206764975997141 0.0458297389357303 0.0392794835466916 0.0605989945893046 0.0656058705839153 0.212752010194947 0.0524307380738991 0.0262604996596382 0.0203892199622313 0.0163436605510594 0.0159970760693658 0.0239044844986333 0.0165743701636216 0.011245578802177 -9999 -9999 -9999 -9999 0.0199205403780505 0.0415971053255601 -9999 -9999 -9999 -9999 -9999 -9999 -9999 -9999 0.021692033948106 0.0170374753637777 0.016598247279174 0.0171609036576515 0.0236084094571408 0.0160781087097852
-9999 -9999 -9999 0.0648460250737179 0.0745787750826868 0.0204394269218927 0.0701867633571065 0.0762195054337937 0.263138117025846 0.0278441465582719 0.0420585729494411 0.037568298235505 0.0218007492304029 0.0238543386503097 0.0218077013479368 0.0212841395263226 0.0345482513590826 0.0323356744118107 0.0490455760919185 0.707481667111357 0.84868894534732 0.74274878556544 0.842794939868356 0.794180031551395 0.882999399670881 0.343935431478015 0.058543655400185 -9999 -9999 -9999 -9999 -9999 -9999 -9999 -9999 -9999 -9999 -9999 -9999 -9999 -9999 -9999 -9999 0.0161367752547756 0.0165177341682967 0.016708235032971 0.0239166111842049 0.22080296203812
-9999 -9999 -9999 -9999 0.0428746986653925 0.0641814230567693 0.160254999853326 0.310653881006256 0.0301998039255195 0.0114635909668802 0.011446146804471 0.0115634440742937 0.0116026816313921 0.0112171947414384 0.0862189119585581 0.141862183171253 0.0140316243314263 0.0111643779393754 0.0111319414450736 0.0129006158359983 0.021699807529029 0.0251053293352663 0.0228277811039959 0.0233655814176687 0.141459268370047 0.627498792444118 0.368379227708468 0.014637702466491 -9999 -9999 -9999 -9999 -9999 -9999 -9999 -9999 -9999 -9999 -9999 -9999 -9999 -9999 -9999 -9999 0.0243160784336558 0.0212147869463173 0.0253088008658593 0.0527618650665282
-9999 -9999 -9999 0.0517625306731941 0.0899112009899466 0.0854532321223781 0.0287638904475045 0.0280315347209137 0.0120443711405111 0.0112355721832919 0.0116052394065897 0.0113485444188151 0.0115810311658929 0.0114267923195989 0.0117077967925153 0.0330649739718179 0.0116702986754043 0.0118530898455329 0.011532055942146 0.0115423792778793 0.0115295761213534 0.0114702968643154 0.011394444706571 0.011333144521904 0.0146173054697309 0.0231420576444454 0.0293807789927502 -9999 -9999 -9999 -9999 -9999 -9999 -9999 -9999 -9999 -9999 -9999 -9999 -9999 -9999 -9999 -9999 -9999 -9999 -9999 0.0221286587856423 0.0640109636035238
-9999 -9999 -9999 -9999 0.21258755756356 0.0428757712526356 0.026758701482722 0.035034344797083 0.0116137801271066 0.0111394024502913 0.011626631546557 0.0117142682360993 0.0119048615407948 0.0118530898455329 0.033147033619166 0.0115719295079494 0.0114816349875424 0.0115671479279787 0.0121997837610551 0.0122208452336656 0.0126018369587597 0.0116467308924681 0.011999139322077 0.0117335688508875 0.0161776038911185 -9999 -9999 -9999 -9999 -9999 -9999 -9999 -9999 -9999 -9999 -9999 -9999 -9999 -9999 -9999 -9999 -9999 -9999 -9999 -9999 -9999 -9999 -9999
-9999 -9999 -9999 -9999 0.0946401443346381 0.0246227723157188 0.082951118057122 0.0124684500103071 0.0339812381598046 0.0112540317675209 0.0114902401164723 0.0112484425204408 0.0116501548101764 0.14250467098218 0.0113851192929129 0.0118563079736924 0.0900149017721091 0.0119415370802741 0.0115088917475654 0.0116351641011421 0.0120463267229596 0.0120029148574682 0.0126389393868866 -9999 -9999 -9999 -9999 -9999 -9999 -9999 -9999 -9999 -9999 -9999 -9999 -9999 -9999 0.0113701137375446 0.0160895270965722 0.0221239758062988 -9999 -9999 -9999 -9999 -9999 -9999 -9999 -9999
-9999 -9999 -9999 0.0304142177187383 0.0387513306476081 0.0978037207756951 0.197446327142229 0.269767729932194 0.283654428186654 0.129459268500779 0.0693328779870088 0.0302610834020641 0.0115718232299586 0.0275727653369717 0.0117529097439642 0.011446146804471 0.0328408958473529 0.0333474047306953 0.0120977582895256 0.0295582243435079 0.045872327460287 0.0131099485081173 -9999 -9999 -9999 -9999 -9999 -9999 -9999 -9999 -9999 -9999 -9999 -9999 -9999 -9999 -9999 -9999 0.0161570151958787 0.0250246496511101 -9999 -9999 -9999 -9999 -9999 -9999 -9999 -9999
