BRT_projection_files/BRT_CCV/B_pyrenaeus_2_projection.asc
NCOLS 79 
NROWS 71 
XLLCORNER -10.5 
YLLCORNER 36 
CELLSIZE 0.5 
NODATA_value -9999 
[rows 42 to 62 of 71, columns 0 to 47 of 79]
-9999 -9999 -9999 -9999 -9999 -9999 -9999 -9999 -9999 -9999 0.03270195499737 -9999 -9999 0.0281521433872354 -9999 -9999 -9999 -9999 -9999 -9999 -9999 -9999 -9999 -9999 0.0154277000281415 0.0158876810691226 0.0147323835617854 0.0146609968418306 0.0153543937315267 0.0155833269399986 0.0152261811355408 0.0164608300920767 0.0482739916018087 0.0397158614323983 0.0365160647617155 0.0156525922273787 0.0232898721661436 0.0140112429308385 0.0134400357246024 0.0792746501071293 0.0149675310881968 0.0152296583589269 0.0152766354285524 0.0172655921911162 0.0186590268031174 0.0161896782158007 0.0932283294838358 0.0167897373932092
-9999 -9999 -9999 -9999 -9999 -9999 -9999 -9999 -9999 -9999 -9999 -9999 -9999 -9999 -9999 -9999 -9999 -9999 -9999 -9999 -9999 -9999 0.0157653877427675 0.015391028000176 0.0153063659064597 0.0150971307322566 0.0150569534371204 0.01471502761859 0.0147875456234441 0.0156057027676657 0.0365714100823597 0.0554007864679841 0.0515575100762974 0.0173044116670442 0.03075404987746 0.0491869608397828 0.0145006010302526 0.0154949375895949 0.020189709646851 0.0206308746850355 0.0146852564424757 0.0148140204488249 0.0161163919904321 0.0169140348494556 0.0170797576029627 0.0160076641822435 0.0196181665707192 0.0157043261443477
-9999 -9999 -9999 -9999 -9999 -9999 -9999 -9999 -9999 -9999 -9999 -9999 -9999 -9999 -9999 -9999 -9999 -9999 0.0150539333149524 0.0148962041828931 0.0142098344423097 0.0158625928642329 0.0152138454417946 0.0146787382101897 0.0144072500210429 0.0140901869588952 0.0140810539682764 0.0147259860954988 0.0146687867492736 0.0148383516423981 0.0151410472208906 0.015784057471963 0.0155375570682882 0.0146805366511359 0.0147515309799607 0.0282412726007348 0.0686895247606969 0.013922842389518 0.0141766988116954 0.0165182787828243 0.0156139537236769 0.0154939268083925 0.014810723826908 0.0151395297774156 0.0151902781573071 0.0151041219918411 0.0184946336434697 0.0842601560981879
-9999 -9999 -9999 -9999 -9999 -9999 -9999 -9999 -9999 -9999 -9999 -9999 -9999 -9999 0.0145097762420273 -9999 -9999 -9999 0.0152659754623201 0.0152936623217107 0.0146772944907721 0.0149034800229575 0.0147957279098821 0.0146733514913037 0.0140485406663238 0.0146009731363151 0.0126332757123359 0.0150336535647426 0.0149230912915297 0.0150194198607079 0.0150994986537208 0.0156510245258315 0.0150930349179756 0.015151428529033 0.0152440006680164 0.0275926649145615 0.0145701404669448 0.0269796562706177 0.0143573816811774 0.0139224535287246 0.0178272408158558 0.0155588347670188 0.0152086228403109 0.0150525815550938 0.0150025690424697 0.0154088141557107 0.0155843464735453 0.0205842827492584
-9999 -9999 -9999 -9999 -9999 -9999 -9999 -9999 -9999 -9999 -9999 -9999 0.0163572225724721 0.015568858378518 0.0154558017115469 0.014970205071552 0.0149348787629201 0.0148212012789619 0.0155188263841311 0.0153983397386057 0.0153550633693092 0.0147302872449631 0.01474577150205 0.0147790867931931 0.0146968692691828 0.0140448867356947 0.0140427199517576 0.0142534745974852 0.0147826390370101 0.0147566005209788 0.0152551706442882 0.0156655579343793 0.0190308897151243 0.0157998117440267 0.105122259774109 0.0881068442279949 0.0161270073764829 0.0393500667769626 0.020543623401632 0.0153906555620699 0.0154793256658011 0.0156813593069306 0.015797263659148 0.0155588467324856 0.0160140866784003 0.01592317151474 0.0159498733667817 0.0159477805012297
-9999 -9999 -9999 -9999 -9999 -9999 -9999 -9999 -9999 -9999 -9999 -9999 -9999 -9999 0.0167511805365847 0.0145205914551663 0.014550296089468 0.0143089523331043 0.0148794037251103 0.0145200795909497 0.0143974848679946 0.0142474458689074 0.0139595644427032 0.0139928757083712 0.0154325159095162 0.0142137554734102 0.0143578440810596 0.0143652098117566 0.0147506745959291 0.0151205309221609 0.0152444927125902 0.0155002237471383 0.0173361777035696 0.0447522982592162 0.0532868047655943 0.0233211041950469 0.102239862918053 0.0514035318856079 0.0233048264296327 0.031762732656169 0.028840411862126 0.0590762104002176 0.0670738059004074 0.0757640974467614 0.244570406520293 0.55771050714509 0.838450885076574 0.802535790351846
-9999 -9999 -9999 -9999 -9999 -9999 -9999 -9999 -9999 -9999 -9999 -9999 -9999 -9999 -9999 -9999 -9999 0.014716840541922 0.0147136396535441 0.0143577009811364 0.0139984464663237 0.0140886534446963 0.0142352457734997 0.0142691472546256 0.0142881842529554 0.0142192972717138 0.0144733112445327 0.0148436974178318 0.0153581283998127 0.015706915528911 0.0151697129477974 0.0149406178057847 0.0231343735331547 0.048093309032908 0.0487187896052122 0.0521935418435841 0.05201947422464 0.0756690735519945 0.413080209256004 0.127484310370581 0.938442783979319 0.683645297392421 0.771305032757526 0.91320499907475 0.858045255512363 0.816237131269852 0.916850665694446 0.818368796611212
-9999 -9999 -9999 -9999 -9999 -9999 -9999 -9999 -9999 -9999 -9999 -9999 -9999 -9999 -9999 -9999 -9999 0.014823499338992 0.0148715855242057 0.0146614101074572 0.0143830685300465 0.0145424932600039 0.0143471815621452 0.0144563644903495 0.0145049799143081 0.014660734849698 0.0144939584306033 0.0143414551011632 0.0152905366790145 0.0336861693636877 0.0148487548968943 0.0162728591792237 0.11573252507993 0.219550594415747 0.0181968415469915 0.0646906417603986 0.781082074643485 0.936874318860046 0.935516732790333 0.791834094186486 0.858666471828282 0.638118669637898 0.567243875150285 0.77013439321197 0.634466516810858 0.606495580885362 0.838070482854075 0.867112284811749
-9999 -9999 -9999 -9999 -9999 -9999 -9999 -9999 -9999 -9999 -9999 -9999 -9999 -9999 -9999 -9999 -9999 -9999 -9999 0.0148354430246276 0.0150505157583633 0.0151811860453928 0.0147304113030787 0.0152509418203579 0.0153416239906508 0.0157193264927118 0.0148297413002014 0.0148192003865082 0.0155232071474059 0.0294219307520293 0.0151387349768603 0.0155174054430423 0.0786399887004722 0.0582136494884968 0.500360852427165 0.763140857432821 0.761517918138681 0.965513906312071 0.720899316955573 0.937660580582871 0.921919357900139 0.906718021048578 0.438598822518588 0.399735046202656 0.810740803953772 0.71712517251752 0.0506099718041171 0.106844994267538
-9999 -9999 -9999 -9999 -9999 -9999 -9999 -9999 -9999 -9999 -9999 -9999 -9999 -9999 -9999 -9999 -9999 -9999 -9999 0.0146629591288632 0.0147825639303545 0.0149172418402334 0.0158688426219323 0.015333891668894 0.0427272698139641 0.109630050072062 0.044725016430481 0.0147986173006899 0.137898963854632 0.0149438953349888 0.0166986592810574 0.015018849869063 0.0454070432272286 0.0573663049346632 0.888341974954821 0.852488318261655 0.491194997057282 0.100252318074321 0.0530269535464288 0.0243827126492859 0.1249637770733 0.0924158305475493 0.173521323656625 0.0666116837645945 0.0184127381697664 0.0144810439616105 0.0146515846765322 -9999
-9999 -9999 -9999 -9999 -9999 -9999 -9999 -9999 -9999 -9999 -9999 -9999 -9999 -9999 -9999 -9999 -9999 -9999 -9999 0.0148425302263371 0.0147094893744399 0.0148102218797704 0.0268481005708985 0.0327992026132347 0.0988593306386792 0.0504924544689317 0.0628466055878386 0.0277252624719441 0.0369668432852335 0.0363296558919864 0.0338437275766036 0.01530683599779 0.0386227367333108 0.661342858074741 0.392464461177049 0.461058002519665 0.0140013302611476 0.0167411573731943 0.0139391914484614 0.013165214458036 0.014917830537748 0.0137979063066957 0.0142482785334415 0.0136026344675189 0.0134904733657073 -9999 -9999 -9999
-9999 -9999 -9999 -9999 -9999 -9999 -9999 -9999 -9999 -9999 -9999 -9999 -9999 -9999 -9999 -9999 -9999 -9999 -9999 0.0901125418831032 0.0145606513768619 0.0142023834177586 0.0143735883289483 0.0262852132643504 0.0311674897969931 0.0375797394078259 0.0232395572088632 0.0406116333109522 0.10284989259523 0.142303071608322 0.0410045005198025 0.0910087516030151 0.27808679015881 0.271808878950227 0.602781443096244 0.070027283439775 0.0143988945619798 0.0140573777021275 0.0138480717894145 0.0325349740848554 0.0199565628182576 0.0145010751733211 0.0138700900825335 0.0132231878303918 0.0142221944159882 0.0152602289224069 -9999 -9999
-9999 -9999 -9999 -9999 -9999 -9999 -9999 -9999 -9999 -9999 -9999 -9999 -9999 -9999 -9999 -9999 -9999 -9999 0.0114538607602779 0.0587310398607588 0.0852698130995221 0.0142151302093775 0.0140780113159475 0.0142996976659135 0.0143145472308537 0.0146226159643363 0.0172112601038796 0.0522652729042067 0.0656874726556068 0.0616066462209918 0.0178043238633331 0.0181815244246196 0.0362500360773595 0.0864396637621188 0.495286617089854 0.277595851947657 0.0300065285322974 0.0302592273452762 -9999 -9999 0.0194073726733015 0.121071398982617 0.031560147989735 0.0294869967991383 0.0140695531244591 0.0147989323931878 -9999 -9999
-9999 -9999 -9999 -9999 -9999 -9999 -9999 -9999 -9999 -9999 -9999 -9999 -9999 -9999 -9999 -9999 -9999 -9999 0.0336573385779398 0.0181207120342596 0.0152482654372408 0.0145070477298913 0.014426235954983 0.0140207090628704 0.0139986020507877 0.0149639067890295 0.0388148752738924 0.0454688981351254 0.0665746555861595 0.0142279890472863 0.0137820169897776 0.0187659794294143 0.0454411439177092 0.058320715478875 0.0515586044213948 0.0287486080713741 -9999 -9999 -9999 -9999 -9999 -9999 0.0137929833569439 0.0139490564369389 0.102110054882298 0.0147992961172855 0.0143627597052808 -9999
-9999 -9999 -9999 0.0507386152302143 0.1212492487898 0.0637271804312318 0.0561028805008856 0.0551996605621274 0.11965258744894 0.156088313628394 0.0848558854044155 0.0641906361975202 0.213938257064427 0.149959125998981 0.108085569933639 0.0863017444952647 0.076827936647626 0.0852696051985553 0.0704210830545253 0.0276419114128486 0.0160052567621371 0.0149240295446378 0.014624919777851 0.0143576777780274 0.0144482490485728 0.014732718661047 0.014295158952301 0.021398349154369 -9999 -9999 -9999 -9999 0.0206547850837816 0.0276678615963314 -9999 -9999 -9999 -9999 -9999 -9999 -9999 -9999 0.0142192972717138 0.0142251698173697 0.0145031829195608 0.0160349693209174 0.0146512051859329 0.013826617991395
-9999 -9999 -9999 0.15292412937372 0.0808653319027072 0.047944066098613 0.10338822426555 0.0431936372704342 0.0429831527348433 0.0516874688894226 0.0435508540435115 0.0228769743887946 0.0171783143826215 0.0207752148472628 0.0168180128077106 0.0174347935348263 0.0232006271929209 0.0166563707023419 0.0468392494521837 0.387460787700132 0.633102818801685 0.732831811314667 0.197702486739479 0.397048593253942 0.38986270250484 0.224992683829714 0.0512447212123054 -9999 -9999 -9999 -9999 -9999 -9999 -9999 -9999 -9999 -9999 -9999 -9999 -9999 -9999 -9999 -9999 0.0137716941603466 0.0142769784449868 0.0143251915183196 0.0142491863902326 0.123660011154868
-9999 -9999 -9999 -9999 0.225719492583512 0.0612061734275592 0.0664999933525194 0.123481078373661 0.0508382500252867 0.0170139173698364 0.0145630269636913 0.0159446331299056 0.0147160761718785 0.0162914710796399 0.0164219826608526 0.0248245053257674 0.0170231455110875 0.0153620691820823 0.0164269620803421 0.0155663962849894 0.0163355995909745 0.0215485247918313 0.0164991534440838 0.02904644320416 0.0537830640604411 0.355821984321841 0.0494517823765607 0.0244824997062499 -9999 -9999 -9999 -9999 -9999 -9999 -9999 -9999 -9999 -9999 -9999 -9999 -9999 -9999 -9999 -9999 0.0147024954472401 0.0150315390305998 0.0156704725493826 0.0370307013219422
-9999 -9999 -9999 0.0889195553933959 0.241909742953999 0.142777512099999 0.0375105701856196 0.0440124570461913 0.0134578623624791 0.015614621696735 0.0148560863963467 0.015941749848491 0.0148849473362304 0.0145738930933527 0.0143205476808282 0.0224226550178413 0.0157597166067612 0.0147458533107505 0.0585539089068276 0.0574079960020442 0.0296863052513443 0.0145317864140227 0.0200890007420857 0.0153669935196571 0.0229535874982207 0.029935658079154 0.0222294747969429 -9999 -9999 -9999 -9999 -9999 -9999 -9999 -9999 -9999 -9999 -9999 -9999 -9999 -9999 -9999 -9999 -9999 -9999 -9999 0.0147064116592128 0.0197051528085177
-9999 -9999 -9999 -9999 0.0564413724123695 0.0893313275835156 0.0271143044027537 0.0215664025129485 0.0149146690974664 0.0144716292612592 0.0144505449832331 0.0157051950435604 0.0135758353798644 0.0153241833532985 0.0239126939713541 0.0146186134918447 0.0151681400133377 0.0158448282970806 0.0147678817627216 0.0189822869179604 0.018176808759854 0.015555697856483 0.01325088895484 0.0160279322178055 0.0438818645609249 -9999 -9999 -9999 -9999 -9999 -9999 -9999 -9999 -9999 -9999 -9999 -9999 -9999 -9999 -9999 -9999 -9999 -9999 -9999 -9999 -9999 -9999 -9999
-9999 -9999 -9999 -9999 0.0401961821221386 0.0325444172588817 0.0258312106091416 0.0235886842718986 0.0146751751790237 0.0199108337768251 0.0152043399440857 0.0180190804783806 0.0235278838838378 0.0575476750208797 0.02115657971541 0.0131009455215856 0.0297023266272441 0.015618662976747 0.0160072263487567 0.0151581221722264 0.0134628868497148 0.013131044814921 0.0238874208219472 -9999 -9999 -9999 -9999 -9999 -9999 -9999 -9999 -9999 -9999 -9999 -9999 -9999 -9999 0.0250080560440427 0.0143871258828009 0.0266816055236188 -9999 -9999 -9999 -9999 -9999 -9999 -9999 -9999
-9999 -9999 -9999 0.0318340773334666 0.0356290035955249 0.123562129685937 0.0787229655935678 0.0673868370238717 0.0872656971845275 0.0714085131194077 0.0958484887528966 0.0286944481761804 0.0253596208136851 0.0231497975990532 0.0292416122119143 0.0145440483783749 0.0131222968684228 0.0578872863494557 0.0135650897929581 0.0236596824500353 0.0242963681211161 0.0237537178404186 -9999 -9999 -9999 -9999 -9999 -9999 -9999 -9999 -9999 -9999 -9999 -9999 -9999 -9999 -9999 -9999 0.0147250596197994 0.0146649350912112 -9999 -9999 -9999 -9999 -9999 -9999 -9999 -9999
