BRT_projection_files/BRT_CCV/B_quadricolor_1_projection.asc
NCOLS 79 
NROWS 71 
XLLCORNER -10.5 
YLLCORNER 36 
CELLSIZE 0.5 
NODATA_value -9999 
[rows 42 to 62 of 71, columns 0 to 47 of 79]
-9999 -9999 -9999 -9999 -9999 -9999 -9999 -9999 -9999 -9999 0.0403149744787586 -9999 -9999 0.0389386405310864 -9999 -9999 -9999 -9999 -9999 -9999 -9999 -9999 -9999 -9999 0.0414156691561788 0.0386818055736039 0.0446548936187552 0.116552777851461 0.063904972474232 0.0663566256253527 0.0975057548780654 0.0805713276714731 0.0784449532920771 0.0704123639307155 0.15446001124193 0.101512483896123 0.124407261735083 0.118468751534714 0.117382874368135 0.216942442778226 0.373266723268646 0.107406165731795 0.187279195944674 0.367230148372729 0.648566025375933 0.504842650043728 0.553262924291823 0.334195531266957
-9999 -9999 -9999 -9999 -9999 -9999 -9999 -9999 -9999 -9999 -9999 -9999 -9999 -9999 -9999 -9999 -9999 -9999 -9999 -9999 -9999 -9999 0.0399038081929331 0.0443876168713013 0.0412336971499074 0.0371711175906521 0.0387428618989073 0.0423793945054598 0.0415303319009898 0.0609330355520961 0.0692403850985823 0.0711975060215733 0.0856807802416676 0.0670576097638464 0.0830866670991903 0.11824471785343 0.0774465516308956 0.0378664881165603 0.13860980042722 0.141889236734402 0.114408687066404 0.109807225712138 0.109177891790101 0.392761645856069 0.293461489276739 0.312225317336375 0.205754562843564 0.0865436279523557
-9999 -9999 -9999 -9999 -9999 -9999 -9999 -9999 -9999 -9999 -9999 -9999 -9999 -9999 -9999 -9999 -9999 -9999 0.0382376852052632 0.0389279328909923 0.0501389132480802 0.0431745876695042 0.0435964664931852 0.0453146335715854 0.0443382930346879 0.0436454879462128 0.0437370236216697 0.0528130977606479 0.0418079560154967 0.0370240732261148 0.0391560891185066 0.0660716306251758 0.0689925947573786 0.039720837483786 0.137076866820271 0.111314617778121 0.148254773151469 0.0512826106983383 0.109890176679044 0.0999344357039309 0.306367189954807 0.269299918950899 0.102335336932837 0.202624214390302 0.1041912262046 0.118838579981138 0.383077676636627 0.539081763849126
-9999 -9999 -9999 -9999 -9999 -9999 -9999 -9999 -9999 -9999 -9999 -9999 -9999 -9999 0.0388094766479657 -9999 -9999 -9999 0.0399526973821976 0.0393620320520507 0.0432111460055222 0.0437659105236937 0.0424966717830663 0.0386212265704122 0.047129067326295 0.0638011879701302 0.0578322691230299 0.0418171826079795 0.0411442787646643 0.0387629956763814 0.0391039430124062 0.0640613754035762 0.0690367547007554 0.087378800760529 0.0857677904078398 0.146499706657965 0.0551969792883347 0.177272757238978 0.301307999425283 0.175094690186899 0.404101363853992 0.43015211744926 0.0902827265618063 0.1254398876227 0.107194137522646 0.0927874411660226 0.219833932269261 0.242543768150987
-9999 -9999 -9999 -9999 -9999 -9999 -9999 -9999 -9999 -9999 -9999 -9999 0.038480252358718 0.0384650057146362 0.0383062170557548 0.0389640467037776 0.0390034611562292 0.0384068420092826 0.0387876629828477 0.0388969561327954 0.0401335328498676 0.0411894258826235 0.0391895457257267 0.0361570609610285 0.0334210770358086 0.0418373118080835 0.0424245116204833 0.0432009548837805 0.0505564145187104 0.0451639197509521 0.0445926156082388 0.0389111750324171 0.0682219573006548 0.111729056292259 0.187930740421575 0.359641877175557 0.0555382985892976 0.655216948398541 0.18733499891529 0.40971464698386 0.146860323758868 0.256720877107956 0.305199836450191 0.324761454081593 0.425145303437816 0.254016295435723 0.169731050048672 0.181336646943546
-9999 -9999 -9999 -9999 -9999 -9999 -9999 -9999 -9999 -9999 -9999 -9999 -9999 -9999 0.0408268601430929 0.0390343455942428 0.0368088852214043 0.0369480670768691 0.0400711522853495 0.0390158592424283 0.0391010236504112 0.0412889256262449 0.0391143532864709 0.0415447076003399 0.0451682535168996 0.0541964937467476 0.0461714813330088 0.0447592743364884 0.0438564669193389 0.0447065421200083 0.0566671671448865 0.0665585737704446 0.0386965138864035 0.074448674286077 0.302591695487033 0.082114715204199 0.391113482065221 0.216626668237232 0.183219325468469 0.0689282274299404 0.0877646824335793 0.16848298713652 0.493250596757907 0.57699361912886 0.634193921877285 0.537248376654265 0.669101122812922 0.681008280844951
-9999 -9999 -9999 -9999 -9999 -9999 -9999 -9999 -9999 -9999 -9999 -9999 -9999 -9999 -9999 -9999 -9999 0.0413942078654612 0.039831140064923 0.0385196398229597 0.0394275158697615 0.0422398617481398 0.0417936042368855 0.0436999342294414 0.0439344450896287 0.0473391320388005 0.0415221347774765 0.0728392775095437 0.043695890954765 0.115811630154711 0.0775379846214625 0.0387688937247809 0.0399120107275069 0.0841088890927243 0.660344690933907 0.291429854274574 0.073411607056057 0.184303523700422 0.196039065763219 0.293985013887397 0.517402140622339 0.309124383102092 0.331597087931115 0.393361956561349 0.692463072499378 0.430310428691818 0.54338978805151 0.677452726757684
-9999 -9999 -9999 -9999 -9999 -9999 -9999 -9999 -9999 -9999 -9999 -9999 -9999 -9999 -9999 -9999 -9999 0.0383632059609567 0.0383659410234917 0.0385929626218435 0.0394174562693455 0.0397542656426564 0.0402668245967868 0.0412015461521063 0.0404649894141422 0.0406473956556173 0.0447726682168868 0.0438831388952251 0.043166272701726 0.0391799636114104 0.0435107855879505 0.0429174353163264 0.0865423294861772 0.680970793079694 0.2782799656145 0.670363392303764 0.514985236252619 0.413960928967759 0.258633236543635 0.235073835146696 0.245693318523962 0.126067162648112 0.121118830225914 0.225736969202258 0.182457772964803 0.252536031102745 0.626127507944098 0.67843829636551
-9999 -9999 -9999 -9999 -9999 -9999 -9999 -9999 -9999 -9999 -9999 -9999 -9999 -9999 -9999 -9999 -9999 -9999 -9999 0.0389471174932323 0.0384164326363978 0.0384609465443444 0.0401901426481297 0.0434035284380411 0.0437597111413815 0.0441859258148461 0.0438079520860275 0.044923740345946 0.0434028162158445 0.0733658038223508 0.043788059332675 0.042889521999039 0.316421127257111 0.0879957363210423 0.560375079190963 0.328737684425024 0.262738471021048 0.403707985811214 0.628851526130632 0.386742057420483 0.2013592316505 0.21770048492334 0.227635105809675 0.441721747673495 0.294135985990036 0.753048308578968 0.533997519229854 0.223298031600933
-9999 -9999 -9999 -9999 -9999 -9999 -9999 -9999 -9999 -9999 -9999 -9999 -9999 -9999 -9999 -9999 -9999 -9999 -9999 0.0396656478848885 0.0383896337884133 0.051353731699188 0.0433720958568956 0.0436865575156378 0.0600276948092008 0.188576813798852 0.580058057041169 0.0458076023334444 0.405504345490801 0.0390330712959555 0.0418752972773241 0.0551903785705534 0.073058114357101 0.615219856905188 0.737139944658375 0.223320111406646 0.148706795336488 0.0753789964478241 0.0495169124293364 0.0484385939203703 0.092608216493013 0.540733321234525 0.721640413850634 0.380469473186229 0.0952653586282169 0.0373796172002293 0.0533594414438561 -9999
-9999 -9999 -9999 -9999 -9999 -9999 -9999 -9999 -9999 -9999 -9999 -9999 -9999 -9999 -9999 -9999 -9999 -9999 -9999 0.0439067497239828 0.0430642282587959 0.0447037733151585 0.0533040744359913 0.0391123589698113 0.0412151285062702 0.105627900411921 0.600435772856171 0.201476741352152 0.224595124239892 0.0848579538732866 0.0390340964263404 0.065044236527279 0.0835673535069307 0.501585253359565 0.287378172072984 0.355806973100765 0.0421110273170625 0.0384147516519894 0.0362826673941488 0.0383031563109653 0.0365503779308482 0.0364584405702499 0.0367832363116974 0.0361222330785377 0.0351922820023691 -9999 -9999 -9999
-9999 -9999 -9999 -9999 -9999 -9999 -9999 -9999 -9999 -9999 -9999 -9999 -9999 -9999 -9999 -9999 -9999 -9999 -9999 0.065542388000032 0.042786103133415 0.0438045094476783 0.0451261928786529 0.0671247658145658 0.0426140947859244 0.0401011567609129 0.0765529820008209 0.27133891175833 0.39913921167 0.332565860690468 0.0406592862020867 0.2800293414701 0.52722360363338 0.410546462381209 0.272962476922229 0.170066478015127 0.0371808803278871 0.0364826920323726 0.0394971902877908 0.077905048517323 0.0399434397022997 0.0411352825347585 0.0367674937405065 0.0366218221926525 0.0343542875088219 0.0310184870528568 -9999 -9999
-9999 -9999 -9999 -9999 -9999 -9999 -9999 -9999 -9999 -9999 -9999 -9999 -9999 -9999 -9999 -9999 -9999 -9999 0.0591960208952081 0.0720070487185763 0.0769651930736419 0.0450087195875958 0.0403391135881672 0.0525268842647866 0.0440135026068468 0.0383495638057899 0.0391227016992295 0.0982945283605348 0.570727871701987 0.0428043677661588 0.0388939156704942 0.0412105208218074 0.0730791834207959 0.440298686429321 0.368718636102002 0.361166335843266 0.15689142865263 0.0418420428277665 -9999 -9999 0.0448306515462748 0.319368864465007 0.126463017097199 0.0561869485731652 0.0447574188001947 0.0385408676737211 -9999 -9999
-9999 -9999 -9999 -9999 -9999 -9999 -9999 -9999 -9999 -9999 -9999 -9999 -9999 -9999 -9999 -9999 -9999 -9999 0.0593816849852387 0.0399983542838958 0.0445922072478206 0.0393016124787105 0.0369974442848779 0.0452367545188579 0.0404831740746646 0.0423026138084175 0.0408219967184679 0.0410501904097304 0.0467062430060801 0.0463758111804444 0.0478195290941013 0.0398670919824501 0.0432041279107167 0.0425433327788277 0.0435519546802024 0.0472424011017657 -9999 -9999 -9999 -9999 -9999 -9999 0.0395827551089815 0.0940644664578102 0.13627649492571 0.0941520011583449 0.0403724606440509 -9999
-9999 -9999 -9999 0.0426068041787455 0.0420043006298444 0.0408122291095471 0.0408950257769334 0.0399418208986246 0.0678602173319617 0.0400734200291881 0.0707908424407975 0.0683117513603722 0.0393375058854479 0.0407215252764085 0.0386972207629019 0.0428390880795533 0.0460214710948954 0.0574762286370656 0.0431371193984509 0.0434247985804391 0.0626708358918831 0.0679412113538704 0.0433181339665443 0.0439082147557457 0.0434934230816832 0.0483728242782771 0.0525152259004345 0.0417401723773646 -9999 -9999 -9999 -9999 0.0711944349714909 0.0774429392059669 -9999 -9999 -9999 -9999 -9999 -9999 -9999 -9999 0.0490370055302565 0.0447568897975177 0.0390721667677262 0.0388214927515129 0.0428269528053386 0.0524008632035191
-9999 -9999 -9999 0.0459860347587075 0.0459050570529354 0.0408453461653761 0.0416295615424167 0.0750059304047985 0.311717776129667 0.0838074208069542 0.0726262751557856 0.0761374389551692 0.065895131254654 0.0656045250595416 0.0606659440089708 0.0396153343671997 0.0722707073038934 0.0398649892407201 0.0582195954253161 0.45945864661952 0.865449017542011 0.829568930574069 0.697784763233544 0.603401157418367 0.604178786638746 0.0852258535789556 0.0643149746968686 -9999 -9999 -9999 -9999 -9999 -9999 -9999 -9999 -9999 -9999 -9999 -9999 -9999 -9999 -9999 -9999 0.0406483200937708 0.0452488134673274 0.0441882206492696 0.068523843819681 0.422858978220998
-9999 -9999 -9999 -9999 0.0474529334031164 0.0417533065582904 0.0748321094663737 0.321441627527983 0.0724539578620639 0.0330844497242846 0.0329833288756038 0.0329817205138229 0.03291795997689 0.034187017000776 0.138094538127102 0.18252743013974 0.0372511157134733 0.0330583622980384 0.0333707642716696 0.0362986874638385 0.0393353474931921 0.0391274524281914 0.0644690877714778 0.070111902416034 0.221430816651808 0.527900763374197 0.0384337160857241 0.034369075112087 -9999 -9999 -9999 -9999 -9999 -9999 -9999 -9999 -9999 -9999 -9999 -9999 -9999 -9999 -9999 -9999 0.038747823817945 0.0412303404535144 0.0448769820932944 0.0676933509744586
-9999 -9999 -9999 0.0435147282177243 0.045395815382556 0.0462083953551616 0.0415906891668415 0.0415549835507605 0.0345761095136779 0.0330070485060886 0.0329054520040393 0.0330936044858648 0.03291795997689 0.0329677946789763 0.0341792551908729 0.0342459283220364 0.0330337448063737 0.0330169643758065 0.0340698843246539 0.0359583026996635 0.0340555026696821 0.0341040490844172 0.0344827729497001 0.0331751127189876 0.0407100007630124 0.0402182316459357 0.0376551735942891 -9999 -9999 -9999 -9999 -9999 -9999 -9999 -9999 -9999 -9999 -9999 -9999 -9999 -9999 -9999 -9999 -9999 -9999 -9999 0.0480242559101999 0.0577363191694655
-9999 -9999 -9999 -9999 0.0462481511120908 0.0400741867469147 0.0366705777434707 0.0369479682469845 0.0331171745867672 0.0329210973151067 0.03291795997689 0.0330007441738817 0.0329653918650831 0.0361368725974431 0.0533533257999987 0.0327569736947441 0.031470751873466 0.0326369833332167 0.0329653918650831 0.0340547283773402 0.0397251050304899 0.0352507691277717 0.0340740339548108 0.0332547348814926 0.0334685040219099 -9999 -9999 -9999 -9999 -9999 -9999 -9999 -9999 -9999 -9999 -9999 -9999 -9999 -9999 -9999 -9999 -9999 -9999 -9999 -9999 -9999 -9999 -9999
-9999 -9999 -9999 -9999 0.043904277744056 0.0396289707765043 0.039531769518111 0.0366095739134672 0.0379253910000622 0.0331640393938697 0.0328650996671501 0.0329414650599276 0.0369991812958385 0.0369995789134554 0.0331399273335104 0.0329653918650831 0.0368198356007814 0.0498213116893484 0.052970206089569 0.0476579463959126 0.0331699364884266 0.0330051317217213 0.0329676121366847 -9999 -9999 -9999 -9999 -9999 -9999 -9999 -9999 -9999 -9999 -9999 -9999 -9999 -9999 0.0364287836037789 0.0405837845578378 0.0541002059904912 -9999 -9999 -9999 -9999 -9999 -9999 -9999 -9999
-9999 -9999 -9999 0.0400902581779604 0.0384056950759675 0.0529923109410864 0.0400632161426742 0.0395568594677448 0.0387595785591384 0.0385751034688105 0.0381374358459033 0.0380522729677061 0.0331218803763349 0.0332057022340902 0.0331885842351459 0.032932137231176 0.0366188725007135 0.0648305134560938 0.0491659564668394 0.0457505408511457 0.0330354106810157 0.0330242401857822 -9999 -9999 -9999 -9999 -9999 -9999 -9999 -9999 -9999 -9999 -9999 -9999 -9999 -9999 -9999 -9999 0.0404458137119425 0.0720600214215733 -9999 -9999 -9999 -9999 -9999 -9999 -9999 -9999
