BRT_projection_files/BRT_CCV/B_ruderarius_1_projection.asc
NCOLS 79 
NROWS 71 
XLLCORNER -10.5 
YLLCORNER 36 
CELLSIZE 0.5 
NODATA_value -9999 
[rows 44 to 65 of 71, columns 0 to 48 of 79]
-9999 -9999 -9999 -9999 -9999 -9999 -9999 -9999 -9999 -9999 -9999 -9999 -9999 -9999 -9999 -9999 -9999 -9999 0.335598845639635 0.366726947920991 0.321004333737936 0.546994454157253 0.525959452456259 0.448791056837656 0.458437022077166 0.439241852820713 0.343785983996153 0.35204296083548 0.592698569637348 0.492832715329555 0.599045078992404 0.589512371213055 0.623607111797571 0.682255002039958 0.671655088053444 0.730734993902319 0.626346126710252 0.68575747496134 0.698577259559096 0.510579895972621 0.436989415280673 0.423812238345904 0.500917884780435 0.403332316841121 0.481866068791145 0.497039995545134 0.403622251338986 0.822728954512167 0.555538898889535
-9999 -9999 -9999 -9999 -9999 -9999 -9999 -9999 -9999 -9999 -9999 -9999 -9999 -9999 0.304809459837498 -9999 -9999 -9999 0.366265376156452 0.546536589982149 0.557796109985017 0.549439290181325 0.593882999295829 0.338453419883478 0.481176783179555 0.646933265180929 0.414747507283187 0.3767362775905 0.286064173411589 0.308724244412559 0.312479422873612 0.593332891219791 0.619054340233495 0.672487587946427 0.612271807766392 0.537427736163261 0.693792267291512 0.603275146564417 0.405810038855972 0.75920389163998 0.450681295906973 0.465411978792974 0.487828196665085 0.494358193489895 0.522069044065502 0.521851699216884 0.521878838697826 0.565219913861575 0.60618098844057
-9999 -9999 -9999 -9999 -9999 -9999 -9999 -9999 -9999 -9999 -9999 -9999 0.413913016022749 0.361028451613829 0.344140920542753 0.385535990669227 0.377663975133822 0.366809417878597 0.36036602153005 0.400470798537791 0.640022990249374 0.374487606364465 0.530404192226836 0.325041931769556 0.288158655928281 0.384745457937104 0.418459575550877 0.446422207994315 0.399539532791372 0.352600377702185 0.387288479314038 0.629556063244811 0.639480520908952 0.617409728151384 0.518326988919336 0.504672428065559 0.678286541493701 0.66673193929503 0.591892883928071 0.422791226116678 0.442748922852412 0.415464133817542 0.463465949264551 0.460717422016229 0.642599219778264 0.43712909795335 0.467130471770861 0.533811101317706 0.462018627662221
-9999 -9999 -9999 -9999 -9999 -9999 -9999 -9999 -9999 -9999 -9999 -9999 -9999 -9999 0.410465073071562 0.391976711755192 0.351484308395607 0.371613346823734 0.437718100462658 0.41232716523511 0.365738730237902 0.413197208720612 0.336893553703808 0.372942886527289 0.35221374961023 0.311006694642356 0.483697743253466 0.403033596068418 0.365450057756423 0.564362146654595 0.538175848424199 0.585625704048315 0.602802184468425 0.622747995208936 0.674338674461773 0.63601259636733 0.637081092860042 0.710438492011204 0.52173250900965 0.632765231040036 0.514242814271101 0.540987417128784 0.507286004093511 0.761071524073343 0.793268308054695 0.768834700210739 0.809555983649832 0.836129544513813 0.820331985478281
-9999 -9999 -9999 -9999 -9999 -9999 -9999 -9999 -9999 -9999 -9999 -9999 -9999 -9999 -9999 -9999 -9999 0.285455829410401 0.470178550549548 0.372731467644212 0.370067037152739 0.397718755157841 0.368620559553459 0.361908984739914 0.353174440744724 0.34424618683395 0.366624886549506 0.399875172346214 0.400324366560658 0.571482724598882 0.527852255421983 0.368079223040059 0.610659210266029 0.649735462350492 0.631695131253551 0.592544765802257 0.602351305642089 0.62091681260045 0.617410870895811 0.558477403700629 0.796923907699249 0.666425779514464 0.85555466863063 0.867730722466461 0.842203893045002 0.804064564636675 0.856733099427216 0.879488176724207 0.873304170121099
-9999 -9999 -9999 -9999 -9999 -9999 -9999 -9999 -9999 -9999 -9999 -9999 -9999 -9999 -9999 -9999 -9999 0.288205173101063 0.318505632477589 0.29817885385108 0.307973379419894 0.323524991271575 0.310668059074408 0.467187299181922 0.348657342915287 0.486204880153077 0.441765066858235 0.436702203721533 0.40809797115999 0.730680315836008 0.472945705503497 0.493301766080226 0.634664808439864 0.759649955666572 0.586419207986438 0.614748399324466 0.658286626023137 0.839804786784513 0.784906286076839 0.716344146562381 0.777155605117281 0.594323404472613 0.743063866286872 0.848478354343136 0.727958701426693 0.749087951271057 0.861268850750959 0.868293318615858 0.790636247354464
-9999 -9999 -9999 -9999 -9999 -9999 -9999 -9999 -9999 -9999 -9999 -9999 -9999 -9999 -9999 -9999 -9999 -9999 -9999 0.245031587929282 0.403474502470372 0.463595207171401 0.408857716412675 0.453380206928672 0.518746495430511 0.695836845935254 0.62266241090441 0.571074693420081 0.668958899540915 0.718707395028766 0.438460066392383 0.437208948322675 0.664622647911949 0.679267478575486 0.761403540693995 0.775257603147792 0.788855725769194 0.881582493442731 0.848264733075094 0.868839720444367 0.855011526039253 0.829468690244451 0.622279863467499 0.708927276631233 0.847905343100286 0.801489286736006 0.623073245050289 0.596202093131609 0.541870472716635
-9999 -9999 -9999 -9999 -9999 -9999 -9999 -9999 -9999 -9999 -9999 -9999 -9999 -9999 -9999 -9999 -9999 -9999 -9999 0.278103951613063 0.244013296174294 0.246351512306188 0.383821158378294 0.469001416650879 0.666005209198747 0.50108359567624 0.640474296897321 0.682444640394705 0.436895793417544 0.686896814833966 0.336987858414612 0.466833655934498 0.668481947980539 0.732265365973973 0.818712653764978 0.833245956745248 0.795209359710906 0.659688016498202 0.262706614526943 0.455766388918615 0.712478826031716 0.676333760770979 0.710817942333637 0.670581688311017 0.679050888697482 0.378065592813526 0.205512982189004 -9999 0.27800267287829
-9999 -9999 -9999 -9999 -9999 -9999 -9999 -9999 -9999 -9999 -9999 -9999 -9999 -9999 -9999 -9999 -9999 -9999 -9999 0.282833893900037 0.242943290828687 0.325884547700751 0.375681413324199 0.483621008657965 0.408625039699861 0.64078313142565 0.759149839896494 0.486247566717375 0.736509374314875 0.666102478403266 0.54499198702323 0.527816742814473 0.716523305938486 0.767639546054224 0.688583020139368 0.79397170266409 0.44850658321386 0.213237435766223 0.259371399799749 0.323907162548123 0.283912310576226 0.247306720353159 0.250089321854367 0.240456339217309 0.25323282040139 -9999 -9999 -9999 0.150037146571575
-9999 -9999 -9999 -9999 -9999 -9999 -9999 -9999 -9999 -9999 -9999 -9999 -9999 -9999 -9999 -9999 -9999 -9999 -9999 0.386744054307928 0.327022755498316 0.290407472942696 0.317960037879173 0.304093501595738 0.454619483216306 0.744555737610362 0.714563690351156 0.731301619516116 0.739812779133749 0.675914848647739 0.589285993124479 0.629703603113215 0.719169176127513 0.804136793599666 0.793409826590151 0.649485890555428 0.188779481459632 0.207682793818546 0.233592061355062 0.614141282186049 0.379884990981676 0.328492202973099 0.265350267198411 0.215898532301804 0.172774225620915 0.0909388952268851 -9999 -9999 -9999
-9999 -9999 -9999 -9999 -9999 -9999 -9999 -9999 -9999 -9999 -9999 -9999 -9999 -9999 -9999 -9999 -9999 -9999 0.21233908895948 0.198913609132058 0.198649089270748 0.273875674189661 0.32073227942064 0.317554819932631 0.258123478186887 0.337290091617673 0.717193480752763 0.781874921833292 0.723498661219973 0.305806831591326 0.258967638937385 0.647829080135517 0.676767026558077 0.675401278482392 0.637995632474819 0.731145568541986 0.619420110607507 0.262409208653366 -9999 -9999 0.275652934683963 0.530182933206009 0.502189231553579 0.728155176605956 0.2272461091694 0.188551655686615 -9999 -9999 -9999
-9999 -9999 -9999 -9999 -9999 -9999 -9999 -9999 -9999 -9999 -9999 -9999 -9999 -9999 -9999 -9999 -9999 -9999 0.210639361478529 0.235063745820843 0.264907728971461 0.187906651199843 0.223356365514872 0.364829655640025 0.283297114614544 0.313252847230315 0.477694702245504 0.536213405917481 0.225485504888506 0.123058063552926 0.170019760186706 0.122030894827606 0.27154324735972 0.382076406543917 0.488285189577869 0.313134277617045 -9999 -9999 -9999 -9999 -9999 -9999 0.232685941739269 0.320489400017384 0.512612167715614 0.551095027764283 0.272632851808245 -9999 -9999
-9999 -9999 -9999 0.114938767874427 0.306788958417826 0.349463269317112 0.295154273852037 0.316943473652206 0.611175184550773 0.717815425443673 0.644349010793419 0.67109887772978 0.260706906061267 0.405054596868046 0.405976661070901 0.277148300948024 0.205253639685249 0.494653595973382 0.495031261180736 0.490691194839139 0.619371664289158 0.294933442927757 0.243209646645958 0.322970588514816 0.338477381934194 0.314392183515649 0.279278138517057 0.110048802502027 -9999 -9999 -9999 -9999 0.125747560749831 0.123832540344987 -9999 -9999 -9999 -9999 -9999 -9999 -9999 -9999 0.120782686284151 0.123646841148247 0.210802159984693 0.229484916541499 0.411069506879236 0.322144661741306 0.110450620959231
-9999 -9999 -9999 0.203639895725876 0.238122984860687 0.435021650310965 0.286839646402034 0.585634327754715 0.558491003234039 0.565514799606039 0.547819203235561 0.521065754847283 0.530273835084395 0.543038784389985 0.522779917127762 0.605074052621319 0.565636072260975 0.374455806762382 0.55215734653503 0.619873254641806 0.808181996253842 0.739554370031615 0.777381085474725 0.735239163474425 0.683120936670682 0.653408385406154 0.113021570406668 -9999 -9999 -9999 -9999 -9999 -9999 -9999 -9999 -9999 -9999 -9999 -9999 -9999 -9999 -9999 -9999 0.087100840026492 0.126855458385237 0.105518067246496 0.277878935236374 0.576217686702315 0.254507402041186
-9999 -9999 -9999 -9999 0.402117293684991 0.335696530610323 0.584479108101158 0.581238147925943 0.560469285532964 0.187793193176907 0.165470565875595 0.211676664077533 0.230920989437304 0.233840591480991 0.389059807441254 0.414424392762714 0.594961429571526 0.0999918272609141 0.168499703245049 0.232812886505871 0.470035375871086 0.30999752665302 0.530350771172932 0.456162528812088 0.578116567836808 0.668100919521104 0.17400518463245 0.0991391355770845 -9999 -9999 -9999 -9999 -9999 -9999 -9999 -9999 -9999 -9999 -9999 -9999 -9999 -9999 -9999 -9999 0.115582547936596 0.120974133894889 0.127539772028112 0.767111750737378 0.586902789776132
-9999 -9999 -9999 0.125274226370355 0.357162231239028 0.315482378122948 0.298803723642434 0.199170342143716 0.172763590936566 0.177631757634991 0.201870847952405 0.179971067142438 0.18683858471074 0.230027405368415 0.310014151098222 0.451505809524043 0.538630302298551 0.233193301413098 0.0816002576990688 0.0808122939119007 0.0820631117879508 0.101563372395466 0.105949124252889 0.2253622071891 0.191556462129567 0.192441575680892 0.100544180508415 -9999 -9999 -9999 -9999 -9999 -9999 -9999 -9999 -9999 -9999 -9999 -9999 -9999 -9999 -9999 -9999 -9999 -9999 -9999 0.195914690641563 0.1198691557029 0.122633300020975
-9999 -9999 -9999 -9999 0.224784801337178 0.392344127538851 0.126669457090605 0.178434870081529 0.189468529204174 0.252413095566566 0.140187238887776 0.123268039259394 0.250644983902939 0.425904105184505 0.409539401960022 0.188020463601743 0.285830046554187 0.406155681581881 0.198186034662095 0.149907671030967 0.0836020359896986 0.0955964864940718 0.100947144746228 0.0728985333721432 0.0992434149639406 -9999 -9999 -9999 -9999 -9999 -9999 -9999 -9999 -9999 -9999 -9999 -9999 -9999 -9999 -9999 -9999 -9999 -9999 -9999 -9999 -9999 -9999 -9999 0.134638165857943
-9999 -9999 -9999 -9999 0.119871547536278 0.188546203501564 0.118409773259573 0.200179452010027 0.185296990005331 0.302991694553493 0.270968494388938 0.226403978001348 0.559223751811586 0.377820128500017 0.137060384378885 0.202075431474334 0.259639331346887 0.538732576512908 0.523351142855368 0.455697209263018 0.255473773932217 0.0842910578730133 0.0765757148208938 -9999 -9999 -9999 -9999 -9999 -9999 -9999 -9999 -9999 -9999 -9999 -9999 -9999 -9999 0.104462843561015 0.137887830387619 0.281424506668245 -9999 -9999 -9999 -9999 -9999 -9999 -9999 -9999 -9999
-9999 -9999 -9999 0.112600054570043 0.1212941427698 0.286581519945424 0.0874413857190938 0.15821938503289 0.22648258018037 0.380464868773642 0.349136611243562 0.259671122767905 0.0865314859376526 0.101365543807667 0.0769585811263446 0.186576992481455 0.25066053794404 0.210832199690059 0.445169255720489 0.325343130166177 0.272943636171489 0.0890440939321406 -9999 -9999 -9999 -9999 -9999 -9999 -9999 -9999 -9999 -9999 -9999 -9999 -9999 -9999 -9999 -9999 0.126764679650466 0.273905321867418 -9999 -9999 -9999 -9999 -9999 -9999 -9999 -9999 -9999
-9999 -9999 -9999 0.0978094619493743 0.110582514435639 0.0840662119952314 0.0980898225920079 0.12773287393436 0.120922281949207 0.119744445471924 0.0864092604248092 0.0813358696516556 0.0711150983857131 0.0631034508581451 0.0730914215691911 0.166171927826557 0.155133728605038 0.16583520430649 0.181880834586931 0.0750183360676704 0.101022937675848 -9999 -9999 -9999 -9999 -9999 -9999 -9999 -9999 -9999 -9999 -9999 -9999 -9999 -9999 -9999 -9999 -9999 0.125948040183175 0.142597619497649 -9999 -9999 -9999 -9999 -9999 -9999 -9999 -9999 -9999
-9999 -9999 0.0904243789784072 0.0773523491084572 0.0701984409054447 0.0910818699001334 0.101422845950156 0.0984021622318226 0.10958946175447 0.100410543403921 0.104343205015748 0.100746092694328 0.0749825493160704 0.0765425254565705 0.0726785640248811 0.0847139842296473 0.0745362897134217 0.113918032928464 0.16162860519068 0.0798917272697588 -9999 -9999 -9999 -9999 -9999 -9999 -9999 -9999 -9999 -9999 -9999 -9999 -9999 -9999 -9999 -9999 -9999 -9999 0.124063469709195 0.122786495685977 -9999 -9999 -9999 -9999 -9999 -9999 -9999 -9999 -9999
-9999 -9999 0.0882363998384118 0.0778995613495707 0.0894425717292179 0.0842213065237579 0.0791560952080351 0.0973046805901486 0.0989148869178868 0.091331083296295 0.0950557814451207 0.0808843020332562 0.0933167932406908 0.0888975782282411 0.0849240826734876 0.100038448302927 0.163882854438504 0.0975830844181693 0.112940986915689 0.0704450076830752 0.075054697645596 -9999 -9999 -9999 -9999 -9999 -9999 -9999 -9999 -9999 -9999 -9999 -9999 -9999 -9999 -9999 -9999 -9999 -9999 -9999 -9999 -9999 -9999 -9999 -9999 -9999 -9999 -9999 -9999
