BRT_projection_files/BRT_CCV/B_rupestris_1_projection.asc
NCOLS 79 
NROWS 71 
XLLCORNER -10.5 
YLLCORNER 36 
CELLSIZE 0.5 
NODATA_value -9999 
[rows 44 to 65 of 71, columns 0 to 48 of 79]
-9999 -9999 -9999 -9999 -9999 -9999 -9999 -9999 -9999 -9999 -9999 -9999 -9999 -9999 -9999 -9999 -9999 -9999 0.296690562108192 0.243945957810467 0.28044006574371 0.433674495670738 0.424783260627724 0.519727022106956 0.292973525403758 0.341307123621964 0.319764789211028 0.321681811336405 0.294663441080203 0.354478999920499 0.350036408860705 0.451941979284791 0.49914257201164 0.698689422667325 0.664099426904608 0.68622180319187 0.78320240686282 0.558638568218696 0.667819142150061 0.719350684932889 0.640569445042028 0.525592700168167 0.700959011613721 0.618572266561982 0.555286180917864 0.679700141262326 0.689329633662162 0.610050358469858 0.531072804417927
-9999 -9999 -9999 -9999 -9999 -9999 -9999 -9999 -9999 -9999 -9999 -9999 -9999 -9999 0.273880095625068 -9999 -9999 -9999 0.346836577447551 0.485968828689374 0.335681487319655 0.317689886610435 0.373799246721795 0.239674424978751 0.30329573599936 0.422284674740569 0.252357399025911 0.269876385316089 0.282375582987679 0.257706748451521 0.270866043816262 0.497257652978763 0.423897356859234 0.725982254470463 0.621470951462463 0.612520290548078 0.641938219349806 0.718210247172288 0.636497038024233 0.839459931261249 0.647028320469956 0.740161773446508 0.485287997936231 0.686379914441013 0.558468359427516 0.631790593326173 0.572881818615548 0.654661111293309 0.67697368368234
-9999 -9999 -9999 -9999 -9999 -9999 -9999 -9999 -9999 -9999 -9999 -9999 0.435731649042613 0.298439207809454 0.289338383165757 0.316450150528575 0.271368617773182 0.344367276296855 0.404034720215444 0.365788460435053 0.456367243123577 0.36037056337968 0.285262348130072 0.247803303882788 0.205141483494723 0.225438206377635 0.246752631785875 0.202051678550449 0.242784521283909 0.348016850163692 0.331193775504967 0.487762952110445 0.556990263726291 0.681465473195597 0.615519568999694 0.740652811704073 0.709198693613254 0.688641538959906 0.721229531383408 0.716211242464881 0.687542287014703 0.76855124280914 0.752576182469933 0.737063735631611 0.733193219387423 0.633253158871328 0.700347420068364 0.649617002989957 0.608476172887758
-9999 -9999 -9999 -9999 -9999 -9999 -9999 -9999 -9999 -9999 -9999 -9999 -9999 -9999 0.240474060922355 0.289080871948174 0.261778030988716 0.202813736416698 0.2259703657306 0.223026221549808 0.211462178662508 0.369518152144817 0.212234757637423 0.202131387992893 0.291091990868393 0.34308149322072 0.313584301772871 0.343409810797191 0.233240054706293 0.398111430026768 0.545969196878406 0.463138448819186 0.469499665389824 0.612633337811035 0.703546067751179 0.714366503723015 0.638014923057573 0.707961936238071 0.685593211639985 0.706394120810155 0.677084592112868 0.653304529007775 0.657080448948961 0.710071589649415 0.774889930625274 0.714533704312179 0.806153464172408 0.79289578954506 0.768419488620505
-9999 -9999 -9999 -9999 -9999 -9999 -9999 -9999 -9999 -9999 -9999 -9999 -9999 -9999 -9999 -9999 -9999 0.270631728873275 0.242385017225066 0.290560339137363 0.237384732355306 0.229557979338022 0.256414363106734 0.211107619903761 0.249012701030428 0.277351491068745 0.251693772839839 0.367357984480503 0.502377617369534 0.540759065515187 0.449792663761645 0.362110555945262 0.521516281124078 0.665879540419495 0.693082638772825 0.657160720502177 0.67036007081345 0.639530666902237 0.649900526630825 0.703935372816862 0.542495822091394 0.588440315743514 0.747978480219516 0.808669059859205 0.67207277805636 0.666456939515291 0.669794555302411 0.774050695205421 0.779408783954087
-9999 -9999 -9999 -9999 -9999 -9999 -9999 -9999 -9999 -9999 -9999 -9999 -9999 -9999 -9999 -9999 -9999 0.196909317404984 0.220405584985101 0.224125649878048 0.224619313830345 0.303242292313842 0.219453438557413 0.203371741890221 0.254020909389451 0.229747674901884 0.324930971367119 0.397671664984476 0.391763017818711 0.665538958782537 0.433160922375544 0.344114339660369 0.602477296259261 0.678467251070543 0.651443401564216 0.737632531048151 0.733008433984312 0.700474332951186 0.55662612163766 0.55804763972507 0.54395146037769 0.314909012450814 0.447681964584652 0.762581733926428 0.631172791834534 0.743675394459654 0.763548214759751 0.770079284507838 0.771360342008387
-9999 -9999 -9999 -9999 -9999 -9999 -9999 -9999 -9999 -9999 -9999 -9999 -9999 -9999 -9999 -9999 -9999 -9999 -9999 0.186791186302066 0.212680348454548 0.228501928396595 0.216791680270202 0.346510774493985 0.509151375775065 0.520720530572003 0.539074185993718 0.612861060997825 0.441442932286673 0.699898272577052 0.496022559002377 0.355203624897719 0.640529820710364 0.693335544347686 0.729893821112454 0.650049044542988 0.66608002525255 0.769476280504102 0.779150123315471 0.784527453446449 0.626653411321908 0.724011685558434 0.701013726896605 0.729936564005619 0.714554934674301 0.719220899030282 0.610548598843509 0.448550903151061 0.319054207403915
-9999 -9999 -9999 -9999 -9999 -9999 -9999 -9999 -9999 -9999 -9999 -9999 -9999 -9999 -9999 -9999 -9999 -9999 -9999 0.238661741328593 0.201703702540758 0.216518189281481 0.310947594521917 0.424721392884103 0.623559986832794 0.66281412026376 0.598002162607681 0.746053825360341 0.595214110339561 0.698531510388803 0.454099016991733 0.393134780913929 0.693921699211039 0.713223536557184 0.729814626918886 0.656918837535003 0.375018772392999 0.717844909338026 0.351767375916335 0.426914649652199 0.713225972427378 0.629244173059257 0.725655182930818 0.635570720074937 0.666053361269968 0.322253085404125 0.208072729541031 -9999 0.168440379558036
-9999 -9999 -9999 -9999 -9999 -9999 -9999 -9999 -9999 -9999 -9999 -9999 -9999 -9999 -9999 -9999 -9999 -9999 -9999 0.230911380441552 0.225848214038514 0.199679312870356 0.209739772809946 0.295988886336239 0.43069654698425 0.620518073825796 0.706056441536992 0.515318789060792 0.496035122637341 0.657445579405329 0.408414305907646 0.344688724840047 0.708401809005374 0.719380896640408 0.530361716143051 0.782985599243181 0.325212317484709 0.20729744262875 0.22129962862095 0.281226213591166 0.274049387957631 0.194062219067006 0.264289694676406 0.257986065548384 0.264400298860052 -9999 -9999 -9999 0.1712201571116
-9999 -9999 -9999 -9999 -9999 -9999 -9999 -9999 -9999 -9999 -9999 -9999 -9999 -9999 -9999 -9999 -9999 -9999 -9999 0.315853594656955 0.277895135677061 0.253746764837119 0.215562217523368 0.208376635811286 0.273351182106148 0.554838821235507 0.534196177350106 0.607406220096686 0.686285843841279 0.633598294320917 0.40198537502143 0.635864384587174 0.688985284685199 0.733753317767403 0.582372985410873 0.605088292351685 0.255257106475434 0.16411263173728 0.245160152476553 0.595701314415422 0.323610549314847 0.250983303954513 0.265369756627303 0.206493130487353 0.156975612192098 0.123202685203224 -9999 -9999 -9999
-9999 -9999 -9999 -9999 -9999 -9999 -9999 -9999 -9999 -9999 -9999 -9999 -9999 -9999 -9999 -9999 -9999 -9999 0.187828958242657 0.237506335271057 0.318944214214306 0.196988224590982 0.260324716564725 0.204464027953716 0.199429957636675 0.2794115725719 0.528547147172316 0.675052627163294 0.671192187952355 0.295950262932411 0.209244671617344 0.564691540995415 0.645143662202063 0.671674531313364 0.603670936960081 0.687382968987227 0.571076019788177 0.246151655285254 -9999 -9999 0.290458924794328 0.702333366686421 0.548681731603778 0.588621976032462 0.275107399152186 0.273823397651831 -9999 -9999 -9999
-9999 -9999 -9999 -9999 -9999 -9999 -9999 -9999 -9999 -9999 -9999 -9999 -9999 -9999 -9999 -9999 -9999 -9999 0.272762837462851 0.217265923116836 0.217544148382399 0.173930271971732 0.144335799679629 0.260723286867819 0.221829303377457 0.258046651672267 0.4239623958496 0.325191202125144 0.304162550164347 0.202931433854933 0.2085058038952 0.272057370682028 0.218133910966375 0.397798210463314 0.389257925112866 0.306558838936362 -9999 -9999 -9999 -9999 -9999 -9999 0.244851127330286 0.259395263606363 0.635740183356689 0.530083676585366 0.23348624679223 -9999 -9999
-9999 -9999 -9999 0.172992607161994 0.177212223798512 0.267197718186223 0.244524819309588 0.2633520422314 0.383797757108942 0.492167396646209 0.397091375745492 0.393300465247333 0.219744551729691 0.17574192825354 0.16115615713601 0.169698902486656 0.170389277177164 0.20715165716881 0.239887656787068 0.262775411270077 0.218312637564269 0.23733388053124 0.220702922814224 0.209236664932888 0.271960408607339 0.237975098724201 0.21487774198392 0.198725048963788 -9999 -9999 -9999 -9999 0.246583856601329 0.260415517732552 -9999 -9999 -9999 -9999 -9999 -9999 -9999 -9999 0.235467742434395 0.200305008146916 0.188856796360048 0.192386677536558 0.360556006032304 0.272750928558525 0.129454415004062
-9999 -9999 -9999 0.169076912491853 0.170878930376327 0.236206653202774 0.17454846969467 0.391771293793882 0.404766317761481 0.320471267745082 0.369399312726073 0.369660122566074 0.235403644559729 0.230672867262409 0.179734182579894 0.262723657964857 0.368906465505968 0.229299509609621 0.32081922923471 0.45160478181812 0.564597630782127 0.540551893906361 0.572082217847892 0.626803762258252 0.695342989246583 0.653115369027353 0.224376389275031 -9999 -9999 -9999 -9999 -9999 -9999 -9999 -9999 -9999 -9999 -9999 -9999 -9999 -9999 -9999 -9999 0.1571626290572 0.192494196314879 0.21021459833899 0.229125809165691 0.652418199643104 0.290484916451869
-9999 -9999 -9999 -9999 0.176039838133398 0.210521141535348 0.374311249027245 0.413077460281055 0.22071380875864 0.0872234492475213 0.080619507042469 0.114489998145766 0.0850202099631027 0.142509878895867 0.318561559293339 0.307824526669044 0.207739102464025 0.0899819044933381 0.0935662066873304 0.139726259348517 0.190101937943472 0.124388535499828 0.18600622081513 0.199533827001081 0.263161002307432 0.580691159521374 0.151171291214112 0.0883809190304442 -9999 -9999 -9999 -9999 -9999 -9999 -9999 -9999 -9999 -9999 -9999 -9999 -9999 -9999 -9999 -9999 0.183057025871126 0.246598128663621 0.292505321627829 0.591892449511156 0.551176018416595
-9999 -9999 -9999 0.176196798917235 0.256448204433358 0.244615514034046 0.137733890955992 0.130061704050596 0.0898588235340216 0.0884437962489979 0.106074858567458 0.130894133591352 0.127475016324754 0.114602918978344 0.116143635290809 0.159192326633895 0.153046431033944 0.108878060793336 0.0869343047282213 0.139284997493306 0.0832931756752218 0.0947378668052072 0.0998992772182858 0.0817960376102067 0.146450323164382 0.184101012548622 0.140644848239556 -9999 -9999 -9999 -9999 -9999 -9999 -9999 -9999 -9999 -9999 -9999 -9999 -9999 -9999 -9999 -9999 -9999 -9999 -9999 0.31281729190518 0.272652844116967 0.270436404776212
-9999 -9999 -9999 -9999 0.176278674853483 0.20034965649552 0.0996359732589396 0.0992161704044634 0.0893022301846596 0.08060751661319 0.0844790802638239 0.0807855260304996 0.0809658863327258 0.151417666807412 0.152968435683067 0.107091888305083 0.122102056272143 0.140614606251339 0.10375262531584 0.0843445474779556 0.102586770740184 0.0841926373075915 0.0813028691772285 0.0918549994025653 0.134566597393484 -9999 -9999 -9999 -9999 -9999 -9999 -9999 -9999 -9999 -9999 -9999 -9999 -9999 -9999 -9999 -9999 -9999 -9999 -9999 -9999 -9999 -9999 -9999 0.218879058581841
-9999 -9999 -9999 -9999 0.138936585167186 0.173201818513345 0.125481457769125 0.099818460322244 0.112863492297115 0.111257133080803 0.105289510146352 0.10901478348859 0.280597484232965 0.226956257955229 0.0933192201495701 0.0953773244588799 0.148686642232776 0.15200617413858 0.155582240936103 0.149980377162554 0.106759012260342 0.0794028659552237 0.081088748387584 -9999 -9999 -9999 -9999 -9999 -9999 -9999 -9999 -9999 -9999 -9999 -9999 -9999 -9999 0.130255299981932 0.192628454753892 0.231708165193613 -9999 -9999 -9999 -9999 -9999 -9999 -9999 -9999 -9999
-9999 -9999 -9999 0.162618561418972 0.150630473024327 0.139324998748836 0.151186591993285 0.160149634468969 0.154604314912116 0.21074791772191 0.235634122428425 0.170222877073714 0.0884073067526657 0.147253221208645 0.103294912400202 0.0845427986508943 0.137096555022188 0.157752258372185 0.148196204073797 0.147473671916098 0.0856049584274366 0.0797645869978281 -9999 -9999 -9999 -9999 -9999 -9999 -9999 -9999 -9999 -9999 -9999 -9999 -9999 -9999 -9999 -9999 0.157595393529617 0.233982448820543 -9999 -9999 -9999 -9999 -9999 -9999 -9999 -9999 -9999
-9999 -9999 -9999 0.168497803057724 0.141417984932673 0.112732771392416 0.102722312821564 0.0959682643501998 0.0996741655772491 0.111474255782724 0.109087913515697 0.0840854269898828 0.0801043676889061 0.081593436898592 0.0860743157132099 0.102144186037952 0.0805643630963304 0.0780180310800538 0.0851644709640485 0.088640077222752 0.132742785438139 -9999 -9999 -9999 -9999 -9999 -9999 -9999 -9999 -9999 -9999 -9999 -9999 -9999 -9999 -9999 -9999 -9999 0.184531722002588 0.206106481401934 -9999 -9999 -9999 -9999 -9999 -9999 -9999 -9999 -9999
-9999 -9999 0.126208804185358 0.126806979378123 0.103792009719879 0.115843702580184 0.108819852917101 0.0796197369718537 0.0807751649574988 0.0846469145549987 0.0972286805727178 0.0886421379553511 0.0821947953345324 0.0819553685619099 0.0846273606700245 0.085195499848249 0.0863048227437079 0.0866213685284375 0.0803061341625773 0.0879822062131925 -9999 -9999 -9999 -9999 -9999 -9999 -9999 -9999 -9999 -9999 -9999 -9999 -9999 -9999 -9999 -9999 -9999 -9999 0.156428259384491 0.230837110457673 -9999 -9999 -9999 -9999 -9999 -9999 -9999 -9999 -9999
-9999 -9999 0.137216004000062 0.100534279379507 0.0876342618701935 0.100080450416878 0.0936008869543863 0.103927036946846 0.0965721573077906 0.0799032395740536 0.0806947043298131 0.0839217834302344 0.0798606158663188 0.0792585214218831 0.0895149277879733 0.0814425631269286 0.084342935241304 0.0819865319888481 0.0805232020982412 0.0908820098882398 0.101342912055501 -9999 -9999 -9999 -9999 -9999 -9999 -9999 -9999 -9999 -9999 -9999 -9999 -9999 -9999 -9999 -9999 -9999 -9999 -9999 -9999 -9999 -9999 -9999 -9999 -9999 -9999 -9999 -9999
