BRT_projection_files/BRT_CCV/B_ruderatus_1_projection.asc
NCOLS 79 
NROWS 71 
XLLCORNER -10.5 
YLLCORNER 36 
CELLSIZE 0.5 
NODATA_value -9999 
[rows 44 to 65 of 71, columns 0 to 48 of 79]
-9999 -9999 -9999 -9999 -9999 -9999 -9999 -9999 -9999 -9999 -9999 -9999 -9999 -9999 -9999 -9999 -9999 -9999 0.22991693695468 0.246449534713775 0.392209552160316 0.375880908107172 0.32000214279592 0.554147556729416 0.312074619733276 0.454925051476642 0.295783853830803 0.318949455185877 0.373833116536096 0.411951334097027 0.382098093283936 0.318141374467638 0.347950291532745 0.664324837226349 0.721913650735051 0.681996838407643 0.329611193121177 0.702369349046195 0.697092224079727 0.516035053071929 0.324864296257908 0.327877413971939 0.585195822382961 0.676395541863533 0.396832881131948 0.510602023406081 0.29403776378627 0.392819634238497 0.392007115494438
-9999 -9999 -9999 -9999 -9999 -9999 -9999 -9999 -9999 -9999 -9999 -9999 -9999 -9999 0.290578508486565 -9999 -9999 -9999 0.210187190901746 0.227385577605317 0.266151368454978 0.247147295415524 0.351366449989035 0.411227626311981 0.389624982246918 0.747161764964282 0.568856798600898 0.316886945541452 0.332282346972525 0.457778648600959 0.299406371451236 0.333470460608751 0.344668822578263 0.65073093660662 0.234463807406287 0.379255395599025 0.593823131415199 0.36254673415577 0.605204286983615 0.712862588987898 0.505047701461059 0.447405274426858 0.553330308089903 0.642617970452116 0.622590683069783 0.605505966993503 0.542169287978701 0.374342505887048 0.178367872330445
-9999 -9999 -9999 -9999 -9999 -9999 -9999 -9999 -9999 -9999 -9999 -9999 0.431004270998694 0.214646348451742 0.213190348003596 0.374766588389329 0.34964660029514 0.608273029417124 0.30482296107052 0.335117062211395 0.253393660518918 0.292095812413572 0.316211213866531 0.472808929863988 0.444259142266479 0.404373459673269 0.327284883802121 0.346962454320169 0.350628151705206 0.329016374499127 0.355779929663951 0.344473623292377 0.323625879847676 0.321313661540976 0.217213659448076 0.205462224108961 0.595212943734082 0.36443403736337 0.576423662693459 0.479936692982385 0.515394829608636 0.533782367697078 0.566039825100355 0.6303677312077 0.772595869808869 0.292292878976011 0.398606696571276 0.378222136347044 0.290580788941087
-9999 -9999 -9999 -9999 -9999 -9999 -9999 -9999 -9999 -9999 -9999 -9999 -9999 -9999 0.363519724432753 0.381227277054689 0.285548790440616 0.335987563069913 0.267595602263083 0.355601444534623 0.267662043118162 0.295441931262513 0.324406566612703 0.403165018488552 0.268465297725286 0.273330439545185 0.338300798990223 0.330932647888501 0.329481449835554 0.379259210670611 0.389155013065294 0.336338647702195 0.277410933490655 0.528538969508193 0.417529572108944 0.463145479432174 0.711566355746112 0.554299228181981 0.530952632370006 0.413018737919298 0.412506818133618 0.37031274772423 0.294113398353505 0.485206219101801 0.44926675689705 0.506916318985063 0.216820651861152 0.244306686467998 0.164778849280624
-9999 -9999 -9999 -9999 -9999 -9999 -9999 -9999 -9999 -9999 -9999 -9999 -9999 -9999 -9999 -9999 -9999 0.490901992625385 0.384318307707462 0.464842655180067 0.43530640261353 0.389279320951126 0.516454815284562 0.335545875906788 0.338198285577214 0.277732320225735 0.320352562040403 0.285629663666674 0.308801627387506 0.339298480800375 0.30422673562535 0.350830890481717 0.493299516969122 0.515759192773853 0.507261895826823 0.493334678412406 0.528046726360734 0.54759053697231 0.624951124514648 0.416107973497665 0.248624244496881 0.122612240251399 0.163343887360098 0.189482393576166 0.123308818409135 0.139270744834979 0.145100070253134 0.178084125402214 0.209447361035335
-9999 -9999 -9999 -9999 -9999 -9999 -9999 -9999 -9999 -9999 -9999 -9999 -9999 -9999 -9999 -9999 -9999 0.345287842614079 0.342156528310723 0.316302004388589 0.352228747304646 0.373252546340778 0.334644382937493 0.512372371556741 0.335974226817564 0.50219100293993 0.278836335846044 0.281539397729556 0.215831503405426 0.281041704504103 0.282891637234935 0.215204990601644 0.526959605727096 0.523911879368314 0.47776781733824 0.476481160329573 0.237064330859555 0.115547705912537 0.121738306585407 0.125972102085965 0.102099074835609 0.109077439739166 0.140780205506393 0.14727766301531 0.152174764476393 0.186386155664759 0.221912714139077 0.193135584255567 0.142217014278655
-9999 -9999 -9999 -9999 -9999 -9999 -9999 -9999 -9999 -9999 -9999 -9999 -9999 -9999 -9999 -9999 -9999 -9999 -9999 0.349664132329372 0.342291211231389 0.506196426598616 0.29109572121867 0.229633369660515 0.230364375057482 0.422422619400926 0.255942184724626 0.283148234883401 0.429708762508946 0.286685261103378 0.321357665939959 0.275591765491635 0.392063162630284 0.460787790069365 0.533316116679888 0.125934450183661 0.117877038536076 0.150152083908099 0.214551157485696 0.143002746093667 0.109784931358335 0.15072376744761 0.231718944403545 0.254220172419134 0.18200917588084 0.194786229386266 0.558522654841053 0.194695294335941 0.0541170397408103
-9999 -9999 -9999 -9999 -9999 -9999 -9999 -9999 -9999 -9999 -9999 -9999 -9999 -9999 -9999 -9999 -9999 -9999 -9999 0.343107538366699 0.323493233447778 0.317745509939859 0.266767666634044 0.377529486138988 0.509712026090136 0.196042376663541 0.433190566479982 0.617090179856469 0.178656604814691 0.491093397827529 0.673053282873885 0.384965912251128 0.561631163636083 0.372980786253084 0.193693556771426 0.144450964948566 0.109747473127793 0.531558931041278 0.660261213420385 0.706385324416944 0.627878319166277 0.631920365451227 0.458759122629152 0.585456491489273 0.468210039028086 0.642125698300485 0.524267496892429 -9999 0.221869918567719
-9999 -9999 -9999 -9999 -9999 -9999 -9999 -9999 -9999 -9999 -9999 -9999 -9999 -9999 -9999 -9999 -9999 -9999 -9999 0.328722882581378 0.23560076851651 0.328104054939593 0.287412755738566 0.335866397589644 0.486882166577173 0.408764501498613 0.633118091540551 0.235572737614831 0.530826784160124 0.580782834290066 0.593918319939795 0.276895961026567 0.456910113616348 0.253939747426699 0.224333044964429 0.204358984175504 0.658470554906735 0.465040607277511 0.622364237164977 0.645733803204177 0.686595197273448 0.568424507526284 0.713501540853614 0.64450347094661 0.735640512286149 -9999 -9999 -9999 0.156218664048389
-9999 -9999 -9999 -9999 -9999 -9999 -9999 -9999 -9999 -9999 -9999 -9999 -9999 -9999 -9999 -9999 -9999 -9999 -9999 0.52850670814848 0.41520165627023 0.325567956095347 0.320910908654705 0.318163186119456 0.424547075422129 0.352818434240997 0.376762389715504 0.30589914624865 0.609204785229557 0.392548925079744 0.630908156746948 0.565517725866066 0.174916696184737 0.15462387760545 0.242409283240534 0.354441398784428 0.738619129893255 0.530035448458217 0.437974780681866 0.432300917689614 0.251426491915053 0.503598696508971 0.756546536397814 0.649036539711021 0.556281832996986 0.379224760310274 -9999 -9999 -9999
-9999 -9999 -9999 -9999 -9999 -9999 -9999 -9999 -9999 -9999 -9999 -9999 -9999 -9999 -9999 -9999 -9999 -9999 0.253515224243123 0.284877171925986 0.269904006563693 0.387562792840202 0.361944405921441 0.270498641288007 0.258920388861012 0.217436177703324 0.249243047121739 0.586219161243982 0.483306973905089 0.590215946282407 0.596417575974291 0.584628467594993 0.642833239561121 0.584322521055575 0.172616575415316 0.428369585894708 0.302883802499473 0.463006480254396 -9999 -9999 0.547506280141252 0.231508306435458 0.41377105218299 0.397223706509284 0.433430523700203 0.683380605481886 -9999 -9999 -9999
-9999 -9999 -9999 -9999 -9999 -9999 -9999 -9999 -9999 -9999 -9999 -9999 -9999 -9999 -9999 -9999 -9999 -9999 0.55982670367408 0.392352861842104 0.358157398146944 0.409639813718138 0.427447400128556 0.699465188482891 0.402129054899547 0.325598915018413 0.641979691481433 0.595548978524982 0.608857479559747 0.451565195649835 0.644226140090899 0.731244536664969 0.589378809965286 0.536284901010326 0.451171658028343 0.638069370088579 -9999 -9999 -9999 -9999 -9999 -9999 0.468402406833238 0.543314778918197 0.202639182917282 0.328278718149778 0.53059138204715 -9999 -9999
-9999 -9999 -9999 0.588710955230262 0.492041048184165 0.434807194404665 0.145692872653393 0.140797487422341 0.474675234698559 0.650463852672037 0.470923801286196 0.473939630590124 0.536862103169083 0.507047367578861 0.561353038701005 0.479177097671556 0.513577635332202 0.531506719794954 0.485303339575477 0.482093149625026 0.47519160651838 0.339094379132854 0.259401304001375 0.300907801288401 0.315004082419012 0.312455225441689 0.385381988297742 0.425212345227903 -9999 -9999 -9999 -9999 0.589086221916714 0.401867630017699 -9999 -9999 -9999 -9999 -9999 -9999 -9999 -9999 0.360156270732504 0.305181886319929 0.358670080576855 0.377138011534128 0.300990338380435 0.549132263924577 0.447284350198951
-9999 -9999 -9999 0.476571347712389 0.30680738901346 0.581126143557877 0.169316142425457 0.144980480794834 0.166306236836055 0.516402446413482 0.58833707406618 0.55177756029222 0.367778152684772 0.502334812420179 0.399981524725864 0.454844435360209 0.590877316737404 0.32960293850548 0.602637370033242 0.609532413953366 0.305189844886808 0.276158228702961 0.546392378642988 0.533581163476046 0.203248350040005 0.254057731321509 0.422305116349479 -9999 -9999 -9999 -9999 -9999 -9999 -9999 -9999 -9999 -9999 -9999 -9999 -9999 -9999 -9999 -9999 0.353679110636064 0.352985770437069 0.316196662010516 0.331519826083951 0.258144342554066 0.546041629323364
-9999 -9999 -9999 -9999 0.466695833591903 0.448191798124789 0.147063804219267 0.168330840685586 0.505080630831858 0.362347821732341 0.485447947013776 0.421465684546791 0.515144585841743 0.448612578453736 0.346381863033011 0.373660151871678 0.487321632071028 0.353055685946789 0.540058338959736 0.364734976338016 0.38416281334909 0.615540226966175 0.487173813071193 0.488788830183886 0.535399732248662 0.477314164630492 0.466180364878941 0.386481959376842 -9999 -9999 -9999 -9999 -9999 -9999 -9999 -9999 -9999 -9999 -9999 -9999 -9999 -9999 -9999 -9999 0.376419853178529 0.405117753800627 0.350504429340825 0.350545018992914 0.30396419392201
-9999 -9999 -9999 0.606499421562166 0.507760653942259 0.491080865662676 0.516951347822275 0.577808577323095 0.331700010423963 0.398333701638093 0.498058714349964 0.542010060492138 0.539606704389161 0.450629590487154 0.451625149565398 0.301072949382285 0.488919018646567 0.393585390624016 0.272427565062872 0.43779705709282 0.412080928132526 0.368292197639403 0.360747352705738 0.431929866862342 0.619154233364414 0.718035503517466 0.636754046293449 -9999 -9999 -9999 -9999 -9999 -9999 -9999 -9999 -9999 -9999 -9999 -9999 -9999 -9999 -9999 -9999 -9999 -9999 -9999 0.546625618962496 0.430300657566687 0.549311733484664
-9999 -9999 -9999 -9999 0.707938379475987 0.586581936912843 0.309331271252559 0.393711038862604 0.376409213844698 0.384494666781025 0.505978624981996 0.384942840241265 0.457577043558343 0.478849279965067 0.34210892335925 0.451045430256918 0.425144012628603 0.387378845858198 0.441605432653617 0.349671577362963 0.339350857409317 0.404598865133331 0.388481107690592 0.362730071095878 0.633114108698686 -9999 -9999 -9999 -9999 -9999 -9999 -9999 -9999 -9999 -9999 -9999 -9999 -9999 -9999 -9999 -9999 -9999 -9999 -9999 -9999 -9999 -9999 -9999 0.455829154151099
-9999 -9999 -9999 -9999 0.445454390773623 0.629046749972913 0.413319176086545 0.394687634858807 0.336857419550549 0.331835975830291 0.341501108412984 0.318573141553428 0.577242241921409 0.581040420061997 0.376773713098105 0.423174793680562 0.302224876074722 0.378031549258388 0.444322781900207 0.346184752880628 0.356458490701461 0.412204035921651 0.318713522215863 -9999 -9999 -9999 -9999 -9999 -9999 -9999 -9999 -9999 -9999 -9999 -9999 -9999 -9999 0.384796568864029 0.41814432052992 0.390132809957481 -9999 -9999 -9999 -9999 -9999 -9999 -9999 -9999 -9999
-9999 -9999 -9999 0.508812065523749 0.653806113356349 0.605916427514512 0.569624648918902 0.612781470764795 0.614483715697189 0.544425132419715 0.602252242605314 0.357839450213665 0.433699907234786 0.628556013596865 0.497245639548202 0.510094616138844 0.396948984502946 0.302193079229731 0.401250594557006 0.28674119898286 0.322274631177187 0.317188261172501 -9999 -9999 -9999 -9999 -9999 -9999 -9999 -9999 -9999 -9999 -9999 -9999 -9999 -9999 -9999 -9999 0.268230211215637 0.383205539849404 -9999 -9999 -9999 -9999 -9999 -9999 -9999 -9999 -9999
-9999 -9999 -9999 0.67248972965892 0.468649455325311 0.379141692035644 0.36568283802357 0.353747705379657 0.433651254461455 0.434481866937892 0.478694258431537 0.441643525788618 0.393856721932616 0.316388681439651 0.443756851413097 0.577222224859321 0.494261297827115 0.281131575942841 0.297079484505504 0.372600831522712 0.504685583422281 -9999 -9999 -9999 -9999 -9999 -9999 -9999 -9999 -9999 -9999 -9999 -9999 -9999 -9999 -9999 -9999 -9999 0.387889987612112 0.375409531289014 -9999 -9999 -9999 -9999 -9999 -9999 -9999 -9999 -9999
-9999 -9999 0.419285903615464 0.583870310994712 0.321372319301019 0.385599370945123 0.370119707097438 0.438905003409845 0.331705976004282 0.285550071624029 0.374558556697353 0.366715076345542 0.416453448127193 0.356198612504735 0.386827144046979 0.439088851782961 0.49163193941576 0.423717058609934 0.487616981355626 0.349816084551282 -9999 -9999 -9999 -9999 -9999 -9999 -9999 -9999 -9999 -9999 -9999 -9999 -9999 -9999 -9999 -9999 -9999 -9999 0.503700253036233 0.566229526258425 -9999 -9999 -9999 -9999 -9999 -9999 -9999 -9999 -9999
-9999 -9999 0.719435476852082 0.403815138794529 0.41715349079451 0.430146748869311 0.427240212679191 0.49871670141054 0.416284526986338 0.363755593841952 0.42578247350701 0.488999912567898 0.384516262300455 0.362543329588953 0.402183601702372 0.557857036548997 0.46161004856612 0.350903057238599 0.370396595909982 0.317116375744767 0.426075356360143 -9999 -9999 -9999 -9999 -9999 -9999 -9999 -9999 -9999 -9999 -9999 -9999 -9999 -9999 -9999 -9999 -9999 -9999 -9999 -9999 -9999 -9999 -9999 -9999 -9999 -9999 -9999 -9999
