BRT_projection_files/BRT_CCV/B_sichelii_1_projection.asc
NCOLS 79 
NROWS 71 
XLLCORNER -10.5 
YLLCORNER 36 
CELLSIZE 0.5 
NODATA_value -9999 
[rows 42 to 62 of 71, columns 0 to 46 of 79]
-9999 -9999 -9999 -9999 -9999 -9999 -9999 -9999 -9999 -9999 0.0114146073990726 -9999 -9999 0.0093635399608728 -9999 -9999 -9999 -9999 -9999 -9999 -9999 -9999 -9999 -9999 0.0104898113603783 0.00981404035239671 0.0100006456326043 0.00518357423756776 0.0149712363216932 0.0134789126358394 0.0100315268792262 0.0146295470793252 0.0503168692428747 0.105259141112218 0.129679610738582 0.00499348564431882 0.00921509222227081 0.00921433227464584 0.00538366037391782 0.027526724929348 0.0141752478121328 0.00552544748433526 0.00916803724182207 0.0129972486587105 0.0184575863929647 0.0159312850503148 0.0275628040762204
-9999 -9999 -9999 -9999 -9999 -9999 -9999 -9999 -9999 -9999 -9999 -9999 -9999 -9999 -9999 -9999 -9999 -9999 -9999 -9999 -9999 -9999 0.0145728535965184 0.00906426165021604 0.00949873338700131 0.00515973004588389 0.00831519141958586 0.0100932069151006 0.00914300211059415 0.0129523599512117 0.0171372044389385 0.0214334345700553 0.0323642469947591 0.0164344059627245 0.0248670516264586 0.0107416366690117 0.00546786533644852 0.00518691640770469 0.0113556062291026 0.0134855481372346 0.00551095330082747 0.00586125195209977 0.00542909817720948 0.011353679016956 0.0113005835006955 0.0158838835656317 0.0282794834336242
-9999 -9999 -9999 -9999 -9999 -9999 -9999 -9999 -9999 -9999 -9999 -9999 -9999 -9999 -9999 -9999 -9999 -9999 0.00967419490868661 0.0081022750781478 0.00505800616703949 0.0103389024854071 0.00990062690390138 0.0084254235216878 0.00731869235823423 0.00504347350555355 0.00793798368902074 0.0123884314857865 0.00499447293470982 0.00507475230419966 0.0169194251088439 0.0135628482353862 0.0129895487819428 0.0205132870212669 0.0105612388106733 0.0101786484816808 0.212786333895076 0.00516121959912704 0.0100651220386073 0.0100829792205849 0.0186546169608859 0.0174896972078311 0.00533227485996296 0.00551061067075701 0.00539085422235524 0.00538103835995089 0.0134663391716726
-9999 -9999 -9999 -9999 -9999 -9999 -9999 -9999 -9999 -9999 -9999 -9999 -9999 -9999 0.00794259739265353 -9999 -9999 -9999 0.00998719899599286 0.0104858232757404 0.00846661520504703 0.0100394531368298 0.00481375514328712 0.00517550400515398 0.00501847081118574 0.00555411323231226 0.00501102627854375 0.0116944727821955 0.00843049567385613 0.00841569153234146 0.0206712998143279 0.0152414831128125 0.0195618697208156 0.00941092500168731 0.00918257528105509 0.033699946163094 0.0105250235584713 0.0896322024550963 0.0127195945358179 0.0105326037359557 0.0143625516530734 0.0122565840827746 0.00508817391340826 0.00538898459768479 0.00541164824403434 0.00547636935894638 0.0115052087841625
-9999 -9999 -9999 -9999 -9999 -9999 -9999 -9999 -9999 -9999 -9999 -9999 0.00958144062398067 0.0105616709958412 0.00936089895953097 0.00925525438489876 0.00915829735537614 0.00467103359819985 0.0106167093179415 0.0113284972417852 0.0100415703214381 0.0101234605525735 0.00476717811567475 0.00519157514602617 0.00521696319257807 0.00469183713353512 0.00494762524800458 0.00512688490102088 0.0127052755827412 0.0126787388475888 0.010072887577772 0.0161010767675703 0.0171070678156815 0.0129684005146801 0.664129676915161 0.625517365669651 0.0101434090576006 0.313747859091394 0.0647723279661993 0.0112507824025898 0.0160216721579478 0.0126096821477584 0.0111995911392569 0.0108446770096163 0.012937581163758 0.013265060881375 0.0121787749029882
-9999 -9999 -9999 -9999 -9999 -9999 -9999 -9999 -9999 -9999 -9999 -9999 -9999 -9999 0.0112267601668433 0.00716898986412383 0.00433278726988579 0.00433388198535955 0.00918295625837786 0.00864017548669079 0.00433388198535955 0.00461363696012977 0.00457161116881483 0.00494606301676477 0.00500992806365283 0.00798457398286457 0.00735417507884602 0.00865465104332107 0.00920518498470529 0.00983199561929316 0.0108009640123293 0.0161747202833243 0.0192048532944376 0.0221406858828645 0.164246185590261 0.0990349399636625 0.147482098489222 0.0243194463467021 0.0207964488942635 0.014088210917251 0.0147476104417441 0.0392362181767969 0.0202124987616147 0.105641724213058 0.652732917722732 0.466414399923446 0.378548333875868
-9999 -9999 -9999 -9999 -9999 -9999 -9999 -9999 -9999 -9999 -9999 -9999 -9999 -9999 -9999 -9999 -9999 0.00956648452870451 0.00842248807970081 0.00462223658107407 0.00466135784602308 0.0046963304523031 0.00467103359819985 0.00515304875932936 0.00506592852690592 0.00933261329846693 0.00877598286977679 0.00965913699964279 0.0113558986495663 0.0113964970316883 0.00984775542289988 0.0479897032746159 0.0288740124481217 0.0738239483127423 0.098612618838324 0.15203811785067 0.0458740881868688 0.470389453544457 0.0697277921476794 0.0204521092869346 0.862027421157775 0.858342543187593 0.919160602265373 0.935827295392136 0.950703809200755 0.852520753260922 0.953056523209772
-9999 -9999 -9999 -9999 -9999 -9999 -9999 -9999 -9999 -9999 -9999 -9999 -9999 -9999 -9999 -9999 -9999 0.00951881611108556 0.00936272556854374 0.00930785061213031 0.00867201854934911 0.0050330518660693 0.00734833811628466 0.00730571642576031 0.00869340369839641 0.0085675926036566 0.00851692599797721 0.00846199713988187 0.0106685966223209 0.0292854672303456 0.0135991341257074 0.00967974889912457 0.123174093865236 0.594990706530309 0.0594841263127724 0.567392257975831 0.783179076322315 0.874079513888374 0.814781115288345 0.735379324357451 0.734682347553353 0.851516848877965 0.752764103012311 0.766690750364376 0.853334986089921 0.874488327785871 0.96682508764277
-9999 -9999 -9999 -9999 -9999 -9999 -9999 -9999 -9999 -9999 -9999 -9999 -9999 -9999 -9999 -9999 -9999 -9999 -9999 0.00936250608918283 0.0101033584215447 0.00910702130095821 0.00901277985390488 0.00986989574953659 0.0103750105023939 0.0107961007700171 0.0104349206826722 0.011541865996704 0.0103671321427178 0.00934183381234708 0.00973050131684964 0.00944148549397402 0.610175298406462 0.575688921508673 0.882831391860615 0.370362703599112 0.815301507741484 0.9342716564256 0.325590693744089 0.955622309554893 0.934383640885003 0.541166618152852 0.516577345190653 0.38994984870056 0.282057034872486 0.878101709197715 0.0812249376636918
-9999 -9999 -9999 -9999 -9999 -9999 -9999 -9999 -9999 -9999 -9999 -9999 -9999 -9999 -9999 -9999 -9999 -9999 -9999 0.00945474685082525 0.00946948633158848 0.00944241415628342 0.0104648776697311 0.0175928142156095 0.144093752473368 0.424983518488985 0.02927881741474 0.0124432976012043 0.229573717590547 0.0176263483846146 0.0229895386272231 0.0208999255267517 0.0447191162257119 0.613742619236595 0.932862895906428 0.88693368856061 0.809092359242678 0.369989552944084 0.0490333429161676 0.0394028935691214 0.276179646399669 0.0922404470505398 0.121851377211899 0.0500840155536996 0.10208023221109 0.0138923007187682 0.0554622442225648
-9999 -9999 -9999 -9999 -9999 -9999 -9999 -9999 -9999 -9999 -9999 -9999 -9999 -9999 -9999 -9999 -9999 -9999 -9999 0.0107802806911016 0.00871926193582562 0.00933271771444581 0.009427596260854 0.0314362586345003 0.0602483636967192 0.351936647281724 0.0593919966392714 0.0097424488152673 0.0197592684049783 0.0179485487287787 0.0172456398087555 0.00844571139344035 0.315811377037651 0.852238841394364 0.612110317081285 0.754014395048191 0.0139044639127337 0.009746362251 0.0100486175875661 0.0100495346935725 0.0100495346935725 0.00976949282790841 0.00913271367161544 0.010009853263071 0.00987893665979943 -9999 -9999
-9999 -9999 -9999 -9999 -9999 -9999 -9999 -9999 -9999 -9999 -9999 -9999 -9999 -9999 -9999 -9999 -9999 -9999 -9999 0.217270203714639 0.00974557704667393 0.00848037334407558 0.00867718216827956 0.00903285590952363 0.012919517476379 0.013893854843172 0.0458498718917577 0.0644656071960228 0.0299271957781231 0.424395408450346 0.0272213927783133 0.705907129533329 0.858008678027525 0.927101389401394 0.701710222415094 0.459241801164658 0.00484843012505071 0.00761561862850496 0.0175156399718223 0.0789269071665236 0.0512382798361398 0.0142506284020109 0.00987987069080097 0.0121664209002054 0.00483655068963729 0.00484648599757356 -9999
-9999 -9999 -9999 -9999 -9999 -9999 -9999 -9999 -9999 -9999 -9999 -9999 -9999 -9999 -9999 -9999 -9999 -9999 0.0137752409643898 0.0341547484844647 0.196874990015717 0.0087307083146676 0.00722828298728693 0.0108503162472834 0.00989829223765573 0.010068994288302 0.0186029641222472 0.0195240614410887 0.207508481703015 0.0386762017659995 0.018162988682613 0.0189898564070062 0.0628702926166629 0.558833557839418 0.874239207091282 0.22705812538033 0.00999106987273307 0.0401447955452922 -9999 -9999 0.0201424528609716 0.739401951389511 0.0506064702742842 0.0472415782164746 0.0100861347936257 0.012220226664517 -9999
-9999 -9999 -9999 -9999 -9999 -9999 -9999 -9999 -9999 -9999 -9999 -9999 -9999 -9999 -9999 -9999 -9999 -9999 0.0192987382864389 0.014708689951112 0.00950372141160502 0.00868314024484316 0.00470862011376105 0.00467877271954903 0.00861722677168581 0.0107016688085168 0.0147843099337941 0.0134311483936364 0.0643855083595843 0.0102066972020612 0.00493958306794244 0.0100472570260588 0.048780091728378 0.0847347812662221 0.221863831990353 0.0269701456886139 -9999 -9999 -9999 -9999 -9999 -9999 0.0257610975059868 0.014097686753975 0.177268627821071 0.0101324055145749 0.0100865090084995
-9999 -9999 -9999 0.0111452172840693 0.0442059823995661 0.0513932282173813 0.0364266618922114 0.0127629237662818 0.420315070344859 0.630264090322803 0.683459722315317 0.683985210671603 0.169598848599681 0.286041839960754 0.194912888284325 0.0324151451601276 0.0170349449742405 0.00842437469712686 0.031455059517418 0.0521724730020805 0.0462663563834465 0.0105643316410142 0.00932822413750557 0.00932546536924991 0.00942653254020321 0.0112544215945001 0.00992357800828022 0.00492387129059409 -9999 -9999 -9999 -9999 0.0113305088034459 0.0180325598169364 -9999 -9999 -9999 -9999 -9999 -9999 -9999 -9999 0.0103934330045893 0.00999985463261917 0.0153646949747054 0.0190737730206701 0.0123221426052471
-9999 -9999 -9999 0.0308207057714259 0.037964729718235 0.0145139169015244 0.0516032826076499 0.0342066039443759 0.531475699881679 0.0704690637731208 0.105052950719499 0.0683876971923719 0.0177015489751117 0.0173667115335465 0.009962156395646 0.0218736903604496 0.0429620866609122 0.022463455987379 0.041894750731033 0.124230138553905 0.863481146654617 0.839156369362931 0.721149649681786 0.292119515107166 0.769221294977635 0.57078021403035 0.0145851207985273 -9999 -9999 -9999 -9999 -9999 -9999 -9999 -9999 -9999 -9999 -9999 -9999 -9999 -9999 -9999 -9999 0.0050584283202958 0.0093203856100592 0.0101919427009528 0.0145831159386889
-9999 -9999 -9999 -9999 0.0244892185931412 0.112718333288934 0.161152361080472 0.226858007393125 0.0474190353023451 0.00469407305222963 0.00474958854159927 0.0051010014918535 0.00503416350975251 0.00482713386258841 0.028097400615167 0.0273670892185673 0.00930006251202697 0.00469693239924885 0.00795001667187397 0.00957904304485405 0.0182082716109681 0.0227762501975771 0.0189430905616955 0.0136098530789265 0.444787011094804 0.50787968510994 0.0320315275825156 0.00674301903638767 -9999 -9999 -9999 -9999 -9999 -9999 -9999 -9999 -9999 -9999 -9999 -9999 -9999 -9999 -9999 -9999 0.0145824700512775 0.014934995121092 0.0140323847990072
-9999 -9999 -9999 0.0111792477578943 0.00890781857841707 0.0172248795234471 0.0484635765176464 0.0491514570780752 0.00510629715276362 0.00472280532588608 0.00511727235672031 0.00508858148029877 0.00512287347731629 0.00491290951488436 0.00490899225614022 0.0052681146267093 0.00505731701340046 0.00483790386993628 0.00510369596361568 0.00521014505507479 0.00511859664829545 0.00471231963233642 0.00491016445826219 0.00468788623366708 0.0142864318625852 0.0091570180092664 0.014362891011271 -9999 -9999 -9999 -9999 -9999 -9999 -9999 -9999 -9999 -9999 -9999 -9999 -9999 -9999 -9999 -9999 -9999 -9999 -9999 0.0292722231521878
-9999 -9999 -9999 -9999 0.0159707178899451 0.0274214519821638 0.00479265440542333 0.00509895055909194 0.0050786216179431 0.00468497851292635 0.00503213333598045 0.00508316968804922 0.00504483175253445 0.00488083761610512 0.00546829170055564 0.00487814464185659 0.00485769142313837 0.00486929537062622 0.00492688992829248 0.00517457017376303 0.00512878699237332 0.00486404240573763 0.00500979831106526 0.00700715916754763 0.00701088598747764 -9999 -9999 -9999 -9999 -9999 -9999 -9999 -9999 -9999 -9999 -9999 -9999 -9999 -9999 -9999 -9999 -9999 -9999 -9999 -9999 -9999 -9999
-9999 -9999 -9999 -9999 0.00846965481823512 0.0107067784357643 0.0159624521720679 0.00472813041667834 0.00896148327329693 0.00470639998011016 0.00467524362736389 0.00457554065470605 0.00496841489624891 0.00584207232495212 0.00470434115362537 0.00501986083240809 0.00686648185885037 0.00518883622688123 0.0048878099054378 0.00486525343120824 0.00501658539181049 0.00502045192956327 0.00513942560853025 -9999 -9999 -9999 -9999 -9999 -9999 -9999 -9999 -9999 -9999 -9999 -9999 -9999 -9999 0.00505694074499439 0.00873174878401721 0.00947425217907047 -9999 -9999 -9999 -9999 -9999 -9999 -9999
-9999 -9999 -9999 0.0141363378196939 0.0150307942156169 0.273953138704539 0.0609250464766189 0.0470649435952152 0.133765937589864 0.0395427988942657 0.0645932144122704 0.0130358547192319 0.0047380817765981 0.0051348268190295 0.00517603065572691 0.00474958854159927 0.00520566425627406 0.00826127714840481 0.00517475790536381 0.00563050708411476 0.00512166749445773 0.00529608099976457 -9999 -9999 -9999 -9999 -9999 -9999 -9999 -9999 -9999 -9999 -9999 -9999 -9999 -9999 -9999 -9999 0.00874162151821683 0.0135039716789306 -9999 -9999 -9999 -9999 -9999 -9999 -9999
