BRT_projection_files/BRT_CCV/B_soroeensis_1_projection.asc
NCOLS 79 
NROWS 71 
XLLCORNER -10.5 
YLLCORNER 36 
CELLSIZE 0.5 
NODATA_value -9999 
[rows 42 to 62 of 71, columns 0 to 48 of 79]
-9999 -9999 -9999 -9999 -9999 -9999 -9999 -9999 -9999 -9999 0.267516636734599 -9999 -9999 0.255933551794517 -9999 -9999 -9999 -9999 -9999 -9999 -9999 -9999 -9999 -9999 0.210962636889329 0.398117788225798 0.437134496007653 0.500007603313241 0.625008797391035 0.558747585311966 0.59969145742683 0.563978860098615 0.637909919469242 0.698506390161569 0.678062299155927 0.462988634293425 0.564673132835091 0.528404707335235 0.508467017812892 0.710489535553121 0.558907147155926 0.498484286179177 0.616644368031154 0.667580756752977 0.739340720363449 0.64572854665805 0.693044670642329 0.457489836065601 0.287321425969631
-9999 -9999 -9999 -9999 -9999 -9999 -9999 -9999 -9999 -9999 -9999 -9999 -9999 -9999 -9999 -9999 -9999 -9999 -9999 -9999 -9999 -9999 0.252019900220341 0.244000387232323 0.18143297659876 0.12147560256594 0.116165031940409 0.208318987173744 0.278602665573693 0.35329030716576 0.66394853947373 0.506629303135613 0.658995562564266 0.638897350509445 0.656493992046711 0.692968709859223 0.44983816519176 0.339825591578346 0.676192494317564 0.701418961225342 0.537878246045675 0.350077184761464 0.476491542436251 0.670060023300457 0.655737080366528 0.651896182335735 0.593605087136596 0.2878954387648 0.364304795115893
-9999 -9999 -9999 -9999 -9999 -9999 -9999 -9999 -9999 -9999 -9999 -9999 -9999 -9999 -9999 -9999 -9999 -9999 0.161038221268469 0.172056903515975 0.178174683297894 0.236154112119746 0.188764912993912 0.194267168962521 0.123009596449011 0.153580498548265 0.128227062439941 0.108944474091776 0.139520984011929 0.141843224842291 0.345177290961034 0.40342647946566 0.424015560652007 0.596942121180924 0.656215676367411 0.654452656969882 0.819017466053003 0.396001029563357 0.589442202228029 0.641722194666644 0.649842299423024 0.541801331629646 0.535314839023198 0.513595928278503 0.420046304720961 0.567263129459892 0.688491241729405 0.680383343125594 0.570740959832906
-9999 -9999 -9999 -9999 -9999 -9999 -9999 -9999 -9999 -9999 -9999 -9999 -9999 -9999 0.142808297331749 -9999 -9999 -9999 0.204567851865775 0.345874993423726 0.344637025517483 0.230374113250439 0.280516028265769 0.102814833110198 0.242231946459607 0.191164419454326 0.121207396047179 0.106366963633118 0.105548150874764 0.0999790359381446 0.108938795897533 0.415623664341794 0.493569906105957 0.609122522592803 0.446107329176196 0.637409798325964 0.353258720887044 0.796616945267182 0.663533999424311 0.797600298033151 0.673322018335742 0.676041114824673 0.503749320471619 0.547348029912969 0.517426350860597 0.481281053813871 0.547599000324287 0.707040499143768 0.727636605128721
-9999 -9999 -9999 -9999 -9999 -9999 -9999 -9999 -9999 -9999 -9999 -9999 0.223318185544113 0.137494787538859 0.124172341684707 0.119259948894483 0.10733414593321 0.160964453756363 0.144048609690433 0.143484555880139 0.175277982334896 0.164803859646534 0.147330035995089 0.111255677594483 0.0972337839973136 0.110035083672904 0.0841589914889718 0.0910186544994885 0.102798681261932 0.111032401419834 0.16387358003024 0.525522185552256 0.57162309953211 0.619303085179842 0.73323913211426 0.839619230098825 0.607530362622153 0.713268834932559 0.76680744339206 0.704268747585995 0.640636068220509 0.691506444511306 0.690726660239448 0.680636066048876 0.655473060234594 0.580334792301338 0.580466804482505 0.594854246353629 0.520512877196199
-9999 -9999 -9999 -9999 -9999 -9999 -9999 -9999 -9999 -9999 -9999 -9999 -9999 -9999 0.133490809824277 0.103621085084255 0.108901508420646 0.0963870899379835 0.103130663404764 0.101532680253361 0.10525184657111 0.173115452247852 0.110703517848001 0.101462560995579 0.162940278647848 0.138522042703323 0.110474420366999 0.126128303664321 0.111789057711694 0.233428479205791 0.447285968170924 0.438815174448835 0.338680442671129 0.529424004700747 0.768105793708227 0.647462246748827 0.620695895518044 0.782673911727137 0.582972605422384 0.624582483954604 0.655015581973711 0.636953810086529 0.769100086744288 0.778031533385768 0.843850367850967 0.846587056466277 0.884228697504409 0.854087372630828 0.833650801912813
-9999 -9999 -9999 -9999 -9999 -9999 -9999 -9999 -9999 -9999 -9999 -9999 -9999 -9999 -9999 -9999 -9999 0.114685092486004 0.106379752458653 0.154002004228885 0.0911530198735054 0.116441773738241 0.155164029323266 0.106303264524179 0.10179459291771 0.171606647802847 0.108646138072439 0.184769560411085 0.294313338607654 0.521075607534439 0.261217473423311 0.19383777868408 0.312984195116001 0.567320240135332 0.712303343871211 0.573641969052148 0.534023800780959 0.470234699957014 0.699076855634532 0.788905163594706 0.886402828275821 0.736060967030407 0.852500814365965 0.860106265610129 0.862925633128162 0.850191181168216 0.879539140117333 0.862923331325131 0.86397180630573
-9999 -9999 -9999 -9999 -9999 -9999 -9999 -9999 -9999 -9999 -9999 -9999 -9999 -9999 -9999 -9999 -9999 0.0738565911709657 0.0687119776064768 0.0994125791868404 0.0928533088825937 0.105758482162862 0.0942883751071859 0.107282913064092 0.109646123238651 0.104181286986824 0.156272915098467 0.177154968701335 0.198521143619246 0.672802828144498 0.253022092138411 0.206916999418053 0.530973123615038 0.770056017834847 0.451263620876742 0.698108195857063 0.827186669009232 0.87644229887593 0.747989834680376 0.730828217688742 0.577455701079813 0.617976379538393 0.551628274586256 0.828097344475953 0.748962150805911 0.648926755023431 0.851688649181225 0.869872367299921 0.814383957839897
-9999 -9999 -9999 -9999 -9999 -9999 -9999 -9999 -9999 -9999 -9999 -9999 -9999 -9999 -9999 -9999 -9999 -9999 -9999 0.0678157572057283 0.0833443416441937 0.0983157214918873 0.10369938410817 0.201697097987514 0.295035019835896 0.444207277783579 0.45623395697281 0.252246680970795 0.260345684894245 0.59179480397957 0.25526661556353 0.243752730634989 0.593579126083619 0.681655101314733 0.770847955653682 0.839151044329523 0.7579986788071 0.870396373491175 0.871330700026014 0.869447045283688 0.810489122133039 0.750860613607423 0.565293725740985 0.805173391269986 0.8133494406981 0.817740895668966 0.59834494486404 0.679451833556448 0.864601943534169
-9999 -9999 -9999 -9999 -9999 -9999 -9999 -9999 -9999 -9999 -9999 -9999 -9999 -9999 -9999 -9999 -9999 -9999 -9999 0.0746864134470457 0.0647991498493402 0.0744125099909456 0.192096599157121 0.289257721698611 0.550055739885004 0.766022740549274 0.611529053423985 0.398245088789376 0.586911125362148 0.6390283416262 0.284692877527419 0.2708602325191 0.608850857325258 0.62296521484525 0.821999647827238 0.819931968835341 0.826577146892497 0.623107398127013 0.378410581445536 0.335674741803527 0.684055898334495 0.694725479567679 0.744987112034026 0.686895994463912 0.502254279398828 0.256440277361471 0.107186471705651 -9999 0.125437594047342
-9999 -9999 -9999 -9999 -9999 -9999 -9999 -9999 -9999 -9999 -9999 -9999 -9999 -9999 -9999 -9999 -9999 -9999 -9999 0.106704844967637 0.101742000118555 0.0975479927762779 0.112460413775431 0.244581946454954 0.232903376071439 0.514033055179414 0.78528665012081 0.486066186539585 0.602437632660045 0.664390741962468 0.332825165199926 0.270518052687778 0.639201075789531 0.800987128263479 0.675252638578052 0.830222716687996 0.114754237704606 0.0835203202803519 0.0888337471431776 0.11915509630005 0.0928267380824792 0.0894522062427062 0.0949121280827294 0.0942440501014454 0.109931168524118 -9999 -9999 -9999 0.0922440993386435
-9999 -9999 -9999 -9999 -9999 -9999 -9999 -9999 -9999 -9999 -9999 -9999 -9999 -9999 -9999 -9999 -9999 -9999 -9999 0.214336698843991 0.119946360946994 0.105766557704587 0.097298104218724 0.113081447065513 0.132554240532065 0.433996618976274 0.612732518747565 0.672789617284013 0.757942598559104 0.593360635059468 0.167218123019345 0.544817495343214 0.718122754384205 0.805941835511804 0.709097073857724 0.713486611209108 0.0777322049632777 0.0652363882649193 0.0914271589024896 0.523509767242082 0.223577240318712 0.0838299460487904 0.121435541086368 0.0882674171724461 0.0908655368556493 0.0816720873565278 -9999 -9999 -9999
-9999 -9999 -9999 -9999 -9999 -9999 -9999 -9999 -9999 -9999 -9999 -9999 -9999 -9999 -9999 -9999 -9999 -9999 0.165508086720755 0.135237284111353 0.161928185259568 0.0857162987466105 0.073470919740419 0.0781546564907949 0.0999427613273341 0.126038670974793 0.404535452219993 0.602033610017611 0.700935750688769 0.116196376656123 0.118338963359575 0.517883673198789 0.474560048254405 0.68415599467785 0.77284339217457 0.657713941796629 0.51155118955734 0.106988214867254 -9999 -9999 0.143278196481884 0.782417793803389 0.69443533747852 0.435828896261137 0.089026977288207 0.098386272057129 -9999 -9999 -9999
-9999 -9999 -9999 -9999 -9999 -9999 -9999 -9999 -9999 -9999 -9999 -9999 -9999 -9999 -9999 -9999 -9999 -9999 0.134851001523465 0.112794307560634 0.0881437229438945 0.0620852623147633 0.0579644663511235 0.0901574543316009 0.0764585405284427 0.115051885150522 0.257627434196597 0.181048033918583 0.127514856099147 0.118529813338827 0.105709764553234 0.0989467604105132 0.0976515047832513 0.185849976745249 0.206620756307087 0.120072232236902 -9999 -9999 -9999 -9999 -9999 -9999 0.0840667856765737 0.125640310204616 0.549176804404419 0.44608784867927 0.0896318414940465 -9999 -9999
-9999 -9999 -9999 0.135515829967168 0.113916927724271 0.25944282753907 0.261873184267723 0.389521348884092 0.415755193914041 0.552699193587658 0.625939506191538 0.602023417013208 0.216727193963668 0.236690601796519 0.133277617985742 0.11146536823012 0.121955238940946 0.221022036106783 0.294637736875369 0.170511683020312 0.177910552622945 0.125397647341385 0.0929647083948343 0.0956641448549638 0.087331834190099 0.137179006387295 0.108802149928921 0.0945187332614545 -9999 -9999 -9999 -9999 0.163671151132343 0.148173375772585 -9999 -9999 -9999 -9999 -9999 -9999 -9999 -9999 0.105332122088996 0.0872921917354493 0.0695759854189829 0.0780894654980296 0.162238762367401 0.188216314560895 0.102682980397967
-9999 -9999 -9999 0.120976370790969 0.0990772779521237 0.223604862161308 0.222555486114614 0.638156796679201 0.673695137342517 0.540894459371808 0.499798902516736 0.549387923004766 0.382017359522104 0.395247120616874 0.32770071727198 0.483984135357651 0.492631771812709 0.242790595044897 0.326262933137538 0.603908161562284 0.725227632907594 0.755669996365604 0.659478422265793 0.610010743715928 0.651438109345392 0.526827400529359 0.122659928876972 -9999 -9999 -9999 -9999 -9999 -9999 -9999 -9999 -9999 -9999 -9999 -9999 -9999 -9999 -9999 -9999 0.060736350761233 0.0689554944098628 0.0740256355370094 0.0986325838184472 0.59810961748657 0.106511141811616
-9999 -9999 -9999 -9999 0.109908156600138 0.163782139097087 0.49636268732297 0.545526145948928 0.373538508094663 0.0598398103938967 0.0562484221370946 0.0798184732958886 0.0583621823476072 0.108458408951139 0.299193419622295 0.401392006277621 0.232381241889498 0.0552271665826558 0.0590768021771499 0.117313151985318 0.219784372694425 0.112423307993183 0.429005977139465 0.504543168085929 0.473636311918642 0.539938256842515 0.0854878796351476 0.0788743984161608 -9999 -9999 -9999 -9999 -9999 -9999 -9999 -9999 -9999 -9999 -9999 -9999 -9999 -9999 -9999 -9999 0.0729719694470021 0.0843596012768164 0.0933226475826468 0.604442198713972 0.446148684477583
-9999 -9999 -9999 0.162684671994053 0.347062478664512 0.284906539029033 0.114573911915905 0.0985575609017464 0.0726057264340807 0.0535302117098185 0.0588186659955841 0.109051052827017 0.0814234389591303 0.08527077098838 0.129209663483502 0.162933123499911 0.160010566852799 0.0996208609065576 0.0637605171322067 0.0731652326049024 0.0562887515461728 0.0573591310753868 0.0701669663918586 0.0605906794894805 0.0901261602298682 0.141344959672525 0.137463408582939 -9999 -9999 -9999 -9999 -9999 -9999 -9999 -9999 -9999 -9999 -9999 -9999 -9999 -9999 -9999 -9999 -9999 -9999 -9999 0.123083852832317 0.121698375164823 0.115403474337219
-9999 -9999 -9999 -9999 0.14722682072374 0.171288687392215 0.0776747895855165 0.0753779760888654 0.0727403153901496 0.0647627044714157 0.0529359303068301 0.0527333964763376 0.065269910982876 0.143200592264617 0.165269455743062 0.101317307615216 0.139681587424504 0.144036964634756 0.10021781711693 0.0611637296207305 0.0791788282951565 0.0631773485496325 0.0652694042815778 0.0647274949334912 0.0848434391175815 -9999 -9999 -9999 -9999 -9999 -9999 -9999 -9999 -9999 -9999 -9999 -9999 -9999 -9999 -9999 -9999 -9999 -9999 -9999 -9999 -9999 -9999 -9999 0.112312251693513
-9999 -9999 -9999 -9999 0.147038151894457 0.134015809202473 0.0961917443384087 0.0720349016662639 0.0762195787379991 0.0797522016445029 0.101824568290151 0.105188687188693 0.24160757768909 0.198420785361911 0.0657147640678508 0.0879286336879573 0.251893511606066 0.190465406224373 0.178206044627389 0.149490448107137 0.102006604638477 0.0611521600616715 0.0656102907563507 -9999 -9999 -9999 -9999 -9999 -9999 -9999 -9999 -9999 -9999 -9999 -9999 -9999 -9999 0.0732209840480181 0.0936804571589452 0.109714883325554 -9999 -9999 -9999 -9999 -9999 -9999 -9999 -9999 -9999
-9999 -9999 -9999 0.132559757298273 0.135868269845202 0.140833126203755 0.104056317771462 0.100338826014378 0.0994232669766275 0.183329927956855 0.184331651652178 0.143639593813057 0.0649278233677893 0.0701496630479703 0.0699761792559485 0.0534318594911825 0.108529000269409 0.18877679222536 0.167925048693346 0.183811480199018 0.0700842601204543 0.0626587276482379 -9999 -9999 -9999 -9999 -9999 -9999 -9999 -9999 -9999 -9999 -9999 -9999 -9999 -9999 -9999 -9999 0.0708822374116237 0.111445705715504 -9999 -9999 -9999 -9999 -9999 -9999 -9999 -9999 -9999
