BRT_projection_files/BRT_CCV/B_sporadicus_2_projection.asc
NCOLS 79 
NROWS 71 
XLLCORNER -10.5 
YLLCORNER 36 
CELLSIZE 0.5 
NODATA_value -9999 
[rows 42 to 62 of 71, columns 0 to 47 of 79]
-9999 -9999 -9999 -9999 -9999 -9999 -9999 -9999 -9999 -9999 0.0136202000412354 -9999 -9999 0.0134787076409874 -9999 -9999 -9999 -9999 -9999 -9999 -9999 -9999 -9999 -9999 0.0134357629476681 0.0134357629476681 0.0134357629476681 0.0134357629476681 0.0134357629476681 0.0134357629476681 0.0134357629476681 0.0134357629476681 0.0134684617160073 0.0134344401224164 0.0134344401224164 0.0134357629476681 0.0134357629476681 0.0134357629476681 0.0134357629476681 0.0134344401224164 0.0134357629476681 0.0134357629476681 0.0134357629476681 0.0134357629476681 0.0134357629476681 0.0134357629476681 0.0134357629476681 0.0134357629476681
-9999 -9999 -9999 -9999 -9999 -9999 -9999 -9999 -9999 -9999 -9999 -9999 -9999 -9999 -9999 -9999 -9999 -9999 -9999 -9999 -9999 -9999 0.0134357629476681 0.0134357629476681 0.0134357629476681 0.0134357629476681 0.0134357629476681 0.0134357629476681 0.0134357629476681 0.0134357629476681 0.0134344401224164 0.0135986088073704 0.0135986088073704 0.0135999519172139 0.0134344401224164 0.0134357629476681 0.0134357629476681 0.0134332632352617 0.0134357629476681 0.0206789991984857 0.0134357629476681 0.0134357629476681 0.0134357629476681 0.0134357629476681 0.0134357629476681 0.0134357629476681 0.0134357629476681 0.0134357629476681
-9999 -9999 -9999 -9999 -9999 -9999 -9999 -9999 -9999 -9999 -9999 -9999 -9999 -9999 -9999 -9999 -9999 -9999 0.0134357629476681 0.0134357629476681 0.0134357629476681 0.0134357629476681 0.0134357629476681 0.0134357629476681 0.0134357629476681 0.0134357629476681 0.0134357629476681 0.0134357629476681 0.0134357629476681 0.0134357629476681 0.0134357629476681 0.0134357629476681 0.0134357629476681 0.0134357629476681 0.0134357629476681 0.0134357629476681 0.0216072597064118 0.0134357629476681 0.0134357629476681 0.0134357629476681 0.0134357629476681 0.0134357629476681 0.0134357629476681 0.0134357629476681 0.0134357629476681 0.0134357629476681 0.0134357629476681 0.0134357629476681
-9999 -9999 -9999 -9999 -9999 -9999 -9999 -9999 -9999 -9999 -9999 -9999 -9999 -9999 0.0134357629476681 -9999 -9999 -9999 0.0134357629476681 0.0134357629476681 0.0134357629476681 0.0134357629476681 0.0134357629476681 0.0134357629476681 0.0134357629476681 0.0215686510554476 0.0134357629476681 0.0134357629476681 0.0134357629476681 0.0134357629476681 0.0134357629476681 0.0134357629476681 0.0134357629476681 0.0134357629476681 0.0134357629476681 0.0134357629476681 0.0134357629476681 0.0134547774180273 0.0134357629476681 0.0340296380930473 0.0134357629476681 0.0134357629476681 0.0134357629476681 0.0134357629476681 0.0134357629476681 0.0134357629476681 0.0134357629476681 0.0134344401224164
-9999 -9999 -9999 -9999 -9999 -9999 -9999 -9999 -9999 -9999 -9999 -9999 0.0134357629476681 0.0134357629476681 0.0134357629476681 0.0134357629476681 0.0134357629476681 0.0134357629476681 0.0134357629476681 0.0134357629476681 0.0134357629476681 0.0134357629476681 0.0134357629476681 0.0134357629476681 0.0134357629476681 0.0134357629476681 0.0134357629476681 0.0134357629476681 0.0134357629476681 0.0134357629476681 0.0134357629476681 0.0134357629476681 0.0134344401224164 0.0134357629476681 0.0134357629476681 0.0134357629476681 0.0134357629476681 0.0139639368304213 0.0134344401224164 0.0134357629476681 0.0134357629476681 0.0134357629476681 0.0134357629476681 0.0134357629476681 0.0134357629476681 0.0134357629476681 0.0134357629476681 0.0134357629476681
-9999 -9999 -9999 -9999 -9999 -9999 -9999 -9999 -9999 -9999 -9999 -9999 -9999 -9999 0.0136202000412354 0.0134357629476681 0.0134357629476681 0.0134357629476681 0.0134357629476681 0.0134357629476681 0.0134357629476681 0.0134357629476681 0.0134357629476681 0.0134357629476681 0.0134357629476681 0.0134357629476681 0.0134357629476681 0.0134357629476681 0.0134357629476681 0.0134357629476681 0.0134357629476681 0.0134357629476681 0.0134357629476681 0.0134344401224164 0.0134282935919409 0.0134344401224164 0.0134357629476681 0.0134344401224164 0.0135687396736552 0.0135999519172139 0.0134357629476681 0.0134726488246043 0.0134344401224164 0.0136076129364079 0.0134344401224164 0.0134344401224164 0.0134344401224164 0.0134344401224164
-9999 -9999 -9999 -9999 -9999 -9999 -9999 -9999 -9999 -9999 -9999 -9999 -9999 -9999 -9999 -9999 -9999 0.0134357629476681 0.0134357629476681 0.0134357629476681 0.0134357629476681 0.0134357629476681 0.0134357629476681 0.0134357629476681 0.0134357629476681 0.0134357629476681 0.0134357629476681 0.0134357629476681 0.0134357629476681 0.0134357629476681 0.0134357629476681 0.0134357629476681 0.0134344401224164 0.0134344401224164 0.0134344401224164 0.0135702221882896 0.0135470149048258 0.0136014298358671 0.0136014298358671 0.0134344401224164 0.0136000867260236 0.0243422916365868 0.0286787865006952 0.0234127757564428 0.0157425179549182 0.0137276541508324 0.0240188259453733 0.0224582013462066
-9999 -9999 -9999 -9999 -9999 -9999 -9999 -9999 -9999 -9999 -9999 -9999 -9999 -9999 -9999 -9999 -9999 0.0134357629476681 0.0134357629476681 0.0134357629476681 0.0134357629476681 0.0134357629476681 0.0134357629476681 0.0134357629476681 0.0134357629476681 0.0134357629476681 0.0134357629476681 0.0134357629476681 0.0134357629476681 0.0134344401224164 0.0134357629476681 0.0134357629476681 0.0134344401224164 0.0134344401224164 0.0135787323135428 0.0134357629476681 0.0134344401224164 0.0253256710576383 0.0260742953943981 0.0259168237309602 0.0258662023590768 0.0521427779329449 0.0586344118239056 0.0603949142514075 0.0632212650363807 0.0436191217982797 0.0284952638884029 0.0227528803874643
-9999 -9999 -9999 -9999 -9999 -9999 -9999 -9999 -9999 -9999 -9999 -9999 -9999 -9999 -9999 -9999 -9999 -9999 -9999 0.0134357629476681 0.0134357629476681 0.0134357629476681 0.0134357629476681 0.0134357629476681 0.0134357629476681 0.0134357629476681 0.0134357629476681 0.0134357629476681 0.0134357629476681 0.0134357629476681 0.0134357629476681 0.0134357629476681 0.0134282935919409 0.0136000867260236 0.0136050777736304 0.0533860334098069 0.0485854524767157 0.0251736835950919 0.0140149742284223 0.0163700368860802 0.0268518725793902 0.0403915281522811 0.0552252138389106 0.0140711413265969 0.0690535923341893 0.0389567023970399 0.0134344401224164 0.0136000867260236
-9999 -9999 -9999 -9999 -9999 -9999 -9999 -9999 -9999 -9999 -9999 -9999 -9999 -9999 -9999 -9999 -9999 -9999 -9999 0.0134357629476681 0.0134357629476681 0.0134357629476681 0.0134357629476681 0.0134357629476681 0.0134282935919409 0.0134357629476681 0.0134357629476681 0.0134357629476681 0.0134357629476681 0.0134357629476681 0.0134357629476681 0.0134357629476681 0.0134344401224164 0.0147513767194552 0.0255745265334601 0.0579878003778231 0.0176010726728725 0.0134344401224164 0.0263848755175972 0.0274346483879461 0.0134344401224164 0.0134344401224164 0.0134344401224164 0.0134344401224164 0.0134357629476681 0.0134357629476681 0.0134357629476681 -9999
-9999 -9999 -9999 -9999 -9999 -9999 -9999 -9999 -9999 -9999 -9999 -9999 -9999 -9999 -9999 -9999 -9999 -9999 -9999 0.0134357629476681 0.0134357629476681 0.0134357629476681 0.0134357629476681 0.0134344401224164 0.0134282935919409 0.013722793062725 0.0134344401224164 0.0134357629476681 0.0134344401224164 0.0134344401224164 0.0134344401224164 0.0134357629476681 0.0134368103523908 0.0188067148833817 0.0920076673536852 0.014080018686959 0.0134357629476681 0.0134357629476681 0.0134357629476681 0.0134357629476681 0.0134357629476681 0.0134357629476681 0.0134543910727719 0.0134357629476681 0.0134357629476681 -9999 -9999 -9999
-9999 -9999 -9999 -9999 -9999 -9999 -9999 -9999 -9999 -9999 -9999 -9999 -9999 -9999 -9999 -9999 -9999 -9999 -9999 0.0206772636075968 0.0134357629476681 0.0134357629476681 0.0134357629476681 0.0134357629476681 0.0134357629476681 0.0134344401224164 0.0134344401224164 0.0134344401224164 0.0134344401224164 0.0134282935919409 0.0134344401224164 0.0134344401224164 0.0134375309512579 0.0219452033050742 0.0208951180110314 0.0135687396736552 0.0134357629476681 0.0134357629476681 0.0134357629476681 0.0134344401224164 0.0134344401224164 0.0134357629476681 0.0134357629476681 0.0134357629476681 0.0134357629476681 0.0134332632352617 -9999 -9999
-9999 -9999 -9999 -9999 -9999 -9999 -9999 -9999 -9999 -9999 -9999 -9999 -9999 -9999 -9999 -9999 -9999 -9999 0.0406877608845619 0.0134357629476681 0.0134460172870584 0.0134357629476681 0.0134357629476681 0.0134357629476681 0.0134357629476681 0.0134357629476681 0.0136036271147736 0.0136000867260236 0.0139787987089328 0.0136000867260236 0.0134344401224164 0.0134773795414322 0.0134343164759306 0.0134877744099876 0.0144639680205584 0.0148332088289353 0.0134357629476681 0.0140775437938052 -9999 -9999 0.0274135991165828 0.0140272963089449 0.0134357629476681 0.0134357629476681 0.0134357629476681 0.0134357629476681 -9999 -9999
-9999 -9999 -9999 -9999 -9999 -9999 -9999 -9999 -9999 -9999 -9999 -9999 -9999 -9999 -9999 -9999 -9999 -9999 0.0134344401224164 0.0134357629476681 0.0134357629476681 0.0134357629476681 0.0134357629476681 0.0134357629476681 0.0134357629476681 0.0134357629476681 0.0134387511896546 0.0135645213158857 0.0134344401224164 0.0134357629476681 0.0134357629476681 0.0135845306267637 0.0135687396736552 0.0136010153827516 0.0147354414209948 0.0149508054266869 -9999 -9999 -9999 -9999 -9999 -9999 0.0134357629476681 0.0134357629476681 0.0134357629476681 0.0134357629476681 0.0134357629476681 -9999
-9999 -9999 -9999 0.0136064208834739 0.0136000867260236 0.0136000867260236 0.0135923436169694 0.0168365649616388 0.0140058737625387 0.014030349596901 0.0139443647915851 0.0139667149868875 0.0137630479728299 0.0158925714556392 0.0134357629476681 0.0142551310307167 0.0141621163656516 0.0136000867260236 0.0136000867260236 0.0134344401224164 0.0134357629476681 0.0134357629476681 0.0134357629476681 0.0134357629476681 0.0134357629476681 0.0134357629476681 0.0134357629476681 0.0134357629476681 -9999 -9999 -9999 -9999 0.0134357629476681 0.0134405776030019 -9999 -9999 -9999 -9999 -9999 -9999 -9999 -9999 0.0134357629476681 0.0134357629476681 0.0134357629476681 0.0134357629476681 0.0134357629476681 0.0134357629476681
-9999 -9999 -9999 0.0136000867260236 0.0136000867260236 0.0135986088073704 0.0135923436169694 0.0140285614082448 0.0135987374255904 0.0136978048690442 0.0135986088073704 0.0136042919397842 0.013716396228596 0.0137346524824313 0.0136621159748659 0.0137005409625143 0.0135986088073704 0.0135999519172139 0.0136029524726611 0.0136044388419011 0.0134460172870584 0.0134460172870584 0.0134460172870584 0.0134460172870584 0.0134357629476681 0.0134357629476681 0.0134357629476681 -9999 -9999 -9999 -9999 -9999 -9999 -9999 -9999 -9999 -9999 -9999 -9999 -9999 -9999 -9999 -9999 0.0134357629476681 0.0134357629476681 0.0134357629476681 0.0134357629476681 0.0134357629476681
-9999 -9999 -9999 -9999 0.0136842212799844 0.0135986088073704 0.0142628167398175 0.0136118299379577 0.0136645195416282 0.0134332632352617 0.0134332632352617 0.0134332632352617 0.013443517574652 0.0134332632352617 0.0134460172870584 0.0134357629476681 0.0136719813260423 0.0134332632352617 0.0137083070389769 0.0136552618240175 0.0136621159748659 0.0137035683106928 0.0136336598849253 0.013668878482152 0.0136563911733608 0.0134357629476681 0.0134357629476681 0.0134332632352617 -9999 -9999 -9999 -9999 -9999 -9999 -9999 -9999 -9999 -9999 -9999 -9999 -9999 -9999 -9999 -9999 0.0134357629476681 0.0134357629476681 0.0134357629476681 0.0134344401224164
-9999 -9999 -9999 0.0136014298358671 0.0136024933014049 0.0135938215356227 0.0135986088073704 0.0135986088073704 0.0134460172870584 0.0134332632352617 0.0134332632352617 0.0134332632352617 0.0134332632352617 0.0134332632352617 0.013443517574652 0.0134460172870584 0.0134332632352617 0.0134332632352617 0.0134332632352617 0.0134332632352617 0.0134332632352617 0.0134332632352617 0.0134332632352617 0.0134332632352617 0.0136435328413928 0.0136465341722396 0.0134357629476681 -9999 -9999 -9999 -9999 -9999 -9999 -9999 -9999 -9999 -9999 -9999 -9999 -9999 -9999 -9999 -9999 -9999 -9999 -9999 0.0134357629476681 0.0134344401224164
-9999 -9999 -9999 -9999 0.0136000867260236 0.0135986088073704 0.0134357629476681 0.0134460172870584 0.0134460172870584 0.0134332632352617 0.0134455504614216 0.0134332632352617 0.013443517574652 0.013443517574652 0.0134460172870584 0.013443517574652 0.013443517574652 0.013443517574652 0.0134332632352617 0.0134332632352617 0.0134332632352617 0.013443517574652 0.0134332632352617 0.0134332632352617 0.0134332632352617 -9999 -9999 -9999 -9999 -9999 -9999 -9999 -9999 -9999 -9999 -9999 -9999 -9999 -9999 -9999 -9999 -9999 -9999 -9999 -9999 -9999 -9999 -9999
-9999 -9999 -9999 -9999 0.031724751255346 0.0135986088073704 0.0134357629476681 0.0134332632352617 0.0134460172870584 0.0134332632352617 0.0134332632352617 0.0134332632352617 0.0134357629476681 0.0134357629476681 0.0134332632352617 0.013443517574652 0.0134669189279244 0.013443517574652 0.013443517574652 0.013443517574652 0.013443517574652 0.0134332632352617 0.0134332632352617 -9999 -9999 -9999 -9999 -9999 -9999 -9999 -9999 -9999 -9999 -9999 -9999 -9999 -9999 0.0134357629476681 0.0134357629476681 0.0134357629476681 -9999 -9999 -9999 -9999 -9999 -9999 -9999 -9999
-9999 -9999 -9999 0.0135999519172139 0.0135923436169694 0.0134496096876796 0.0134357629476681 0.0134460172870584 0.0134357629476681 0.0134357629476681 0.0134460172870584 0.0134357629476681 0.0134332632352617 0.0134332632352617 0.0134332632352617 0.0134455504614216 0.0134460172870584 0.0134669189279244 0.0134332632352617 0.013443517574652 0.0134332632352617 0.0134332632352617 -9999 -9999 -9999 -9999 -9999 -9999 -9999 -9999 -9999 -9999 -9999 -9999 -9999 -9999 -9999 -9999 0.0134357629476681 0.0134357629476681 -9999 -9999 -9999 -9999 -9999 -9999 -9999 -9999
