BRT_projection_files/BRT_CCV/B_subterraneus_1_projection.asc
NCOLS 79 
NROWS 71 
XLLCORNER -10.5 
YLLCORNER 36 
CELLSIZE 0.5 
NODATA_value -9999 
[rows 44 to 65 of 71, columns 0 to 48 of 79]
-9999 -9999 -9999 -9999 -9999 -9999 -9999 -9999 -9999 -9999 -9999 -9999 -9999 -9999 -9999 -9999 -9999 -9999 0.186892514223162 0.24013999601928 0.303566237291406 0.30443610195828 0.33115898257873 0.344389615672673 0.329867445550283 0.296153395305492 0.322692895126134 0.288585986156583 0.439904102551854 0.319622861992466 0.426970643576991 0.515769329958781 0.449082115313598 0.484401312694291 0.628843528116845 0.682884537745321 0.683934644801918 0.681396808706023 0.631026014451589 0.637499287220703 0.400554929329648 0.397639265583195 0.669230155254987 0.623132005391267 0.678292992649745 0.692834564424546 0.427513116416593 0.741613329269333 0.605960931169381
-9999 -9999 -9999 -9999 -9999 -9999 -9999 -9999 -9999 -9999 -9999 -9999 -9999 -9999 0.196456018869822 -9999 -9999 -9999 0.272744966711347 0.26540713241453 0.323126131683802 0.331765993559339 0.567286614815102 0.322946439666676 0.303068747752812 0.61707103133908 0.453194365096751 0.305547696659651 0.296883446644261 0.226621486630609 0.230208641136426 0.450618911161068 0.407427088019275 0.633634906285149 0.545819351083292 0.666375996493988 0.568210725373593 0.755961900897898 0.709197496445007 0.81793057195534 0.686928376159109 0.669686815788923 0.647316167308737 0.689190688923108 0.668522468736104 0.684118079239237 0.652056201591138 0.621568626635801 0.753823011004067
-9999 -9999 -9999 -9999 -9999 -9999 -9999 -9999 -9999 -9999 -9999 -9999 0.226125826211516 0.263422935571071 0.24444392618547 0.225411764662808 0.19087218277392 0.258657700493581 0.236652531573306 0.242300909143722 0.408265140866455 0.305687332073225 0.470002034078588 0.330953850797352 0.254809539857579 0.332231431683412 0.291028638372884 0.280314363005619 0.294577990533153 0.293863966996523 0.292503933631887 0.511377681631718 0.546678643505187 0.576102896207484 0.708260147960739 0.726324938481967 0.627343628148666 0.459116476204294 0.658627851181256 0.640436507717423 0.296066343967192 0.409228704137343 0.594962568713063 0.702602775544213 0.66268906944088 0.386064372642409 0.294853334108049 0.475982646286706 0.2738628360444
-9999 -9999 -9999 -9999 -9999 -9999 -9999 -9999 -9999 -9999 -9999 -9999 -9999 -9999 0.208557938905502 0.2070011966922 0.199128159134673 0.21438695464109 0.224147353243853 0.202507885347954 0.286978993116344 0.323215165982868 0.297743252345188 0.287175598945785 0.325834939704442 0.27451380600505 0.322182022957946 0.309779946807144 0.28647199790794 0.489108227666765 0.529788241107261 0.544968455851721 0.46344321312013 0.429772935691232 0.542636086057399 0.46121529166354 0.647767747789654 0.624387730001689 0.588984828704814 0.519035793147393 0.192911903122108 0.235998333829849 0.256261086259617 0.639371599352551 0.70512522397298 0.702341196578243 0.634818519389255 0.6931337939498 0.460061050209101
-9999 -9999 -9999 -9999 -9999 -9999 -9999 -9999 -9999 -9999 -9999 -9999 -9999 -9999 -9999 -9999 -9999 0.252879137222925 0.221587938816254 0.241201312206694 0.282458230197614 0.289513852454016 0.314236701969459 0.30944564089424 0.297498967096854 0.309705996260294 0.300202626298087 0.294476926561452 0.454425480067439 0.5866777904064 0.422850774784532 0.237849070074306 0.336130750844425 0.452985438451203 0.5172961074401 0.51308729660461 0.565242108086505 0.508051199148677 0.664128855493251 0.337317673987562 0.696982640933195 0.18345593404976 0.223120589995383 0.22621718354831 0.212390837001544 0.350964644540607 0.220093879801018 0.216664280952187 0.24805030604263
-9999 -9999 -9999 -9999 -9999 -9999 -9999 -9999 -9999 -9999 -9999 -9999 -9999 -9999 -9999 -9999 -9999 0.198583663132652 0.202043260568866 0.201656321083865 0.200997629169322 0.216919715093549 0.214041351729627 0.271309732074748 0.204014053421189 0.256930436045883 0.323859822425624 0.325656290821051 0.319903712541258 0.553429517254837 0.324814019790241 0.323634341283492 0.427348087167511 0.596317538369311 0.47715537502625 0.643940816123722 0.439064453206117 0.296825118287991 0.163707169874897 0.190762265978577 0.149200049876648 0.204772216767512 0.20099560465761 0.194865264478482 0.198174249120605 0.222703296900995 0.231994674921465 0.215482109311769 0.170626180234515
-9999 -9999 -9999 -9999 -9999 -9999 -9999 -9999 -9999 -9999 -9999 -9999 -9999 -9999 -9999 -9999 -9999 -9999 -9999 0.188053567279383 0.19487580597361 0.191792659438605 0.229979709006086 0.335829817682209 0.457482392659839 0.341871546394466 0.331857349451956 0.445784213233667 0.3096201502853 0.510881719873377 0.312290027514755 0.351504728356889 0.531973780539477 0.534450852777871 0.57397038537458 0.30814970285931 0.335161393778629 0.206411608210591 0.443425945245279 0.207771103850872 0.183951531044586 0.2047310172547 0.167423527400901 0.349948656526192 0.191999833729551 0.148827038176042 0.512505769307378 0.467724274224702 0.0952397534140954
-9999 -9999 -9999 -9999 -9999 -9999 -9999 -9999 -9999 -9999 -9999 -9999 -9999 -9999 -9999 -9999 -9999 -9999 -9999 0.20418811138627 0.194413989781572 0.27488068119902 0.347582070960093 0.348992859435578 0.444202731731331 0.707063223669127 0.759162196246244 0.59720407233254 0.684777497191494 0.287318717183335 0.31923056393192 0.28820929844463 0.431268029176609 0.451621564611833 0.14208126633946 0.199759143219143 0.190078005537321 0.43033630008354 0.286718281699111 0.328926411157845 0.558336896720927 0.5860817956103 0.562831554017836 0.589755607568944 0.548767495235854 0.329831102895655 0.248305252678306 -9999 0.230643808793099
-9999 -9999 -9999 -9999 -9999 -9999 -9999 -9999 -9999 -9999 -9999 -9999 -9999 -9999 -9999 -9999 -9999 -9999 -9999 0.302730458708805 0.304941267862263 0.287825910850308 0.287244729374294 0.30435425500853 0.212281366664293 0.461034930960834 0.677083623499387 0.550588466088227 0.57738648044283 0.445675415054685 0.364938449494004 0.352458353932797 0.450811088863485 0.26568117593082 0.139948640348199 0.444337608063629 0.313606304383808 0.208679421999967 0.284065546910499 0.336347866180863 0.250001242103348 0.232092247600273 0.255409272430772 0.295757427859368 0.308780369577707 -9999 -9999 -9999 0.20300259753799
-9999 -9999 -9999 -9999 -9999 -9999 -9999 -9999 -9999 -9999 -9999 -9999 -9999 -9999 -9999 -9999 -9999 -9999 -9999 0.443857275673381 0.254970910100988 0.29280311839416 0.275379524095663 0.28966903682987 0.30632899277588 0.477380237101679 0.576181057981947 0.662438074873534 0.676207900508117 0.420983119473043 0.247787603850032 0.5013969613592 0.610211918287963 0.250472175066937 0.247096278590581 0.581932306404516 0.241732710526879 0.197532187523184 0.196076109288074 0.491870750197359 0.250786990813191 0.403305880077014 0.30465046867442 0.254378401027855 0.191274013773346 0.2063005140382 -9999 -9999 -9999
-9999 -9999 -9999 -9999 -9999 -9999 -9999 -9999 -9999 -9999 -9999 -9999 -9999 -9999 -9999 -9999 -9999 -9999 0.283769011556538 0.392393907849373 0.386263515298274 0.261397733211429 0.205922831841792 0.262958955231105 0.263664867363187 0.219487223652963 0.426468618245457 0.549490646130255 0.503743020162449 0.186965643537781 0.205414089410847 0.455186150243718 0.56219024802877 0.50893316953401 0.420276485619569 0.604637764451546 0.568757372063939 0.166079378242868 -9999 -9999 0.165493832986523 0.706551270695419 0.587326906237644 0.450080714397093 0.361533251733534 0.239883838772489 -9999 -9999 -9999
-9999 -9999 -9999 -9999 -9999 -9999 -9999 -9999 -9999 -9999 -9999 -9999 -9999 -9999 -9999 -9999 -9999 -9999 0.208608920946772 0.232862644718217 0.31112782674008 0.187658463441414 0.181797979308235 0.338983227060751 0.217909124724943 0.325821279997256 0.300608087620509 0.310043857423757 0.20679147624138 0.283062928041253 0.294939017454726 0.177547911887803 0.193055541395206 0.197767554587334 0.167532297808856 0.17143484384421 -9999 -9999 -9999 -9999 -9999 -9999 0.290202078646916 0.446656194819614 0.697306779702261 0.522868824131737 0.237638654834917 -9999 -9999
-9999 -9999 -9999 0.152426863490803 0.18139444143176 0.224607539514338 0.216656089609722 0.246885689206086 0.376697998519257 0.309585624422346 0.390179125032065 0.407187213414708 0.124201209845415 0.135325749961514 0.116790086955043 0.184263760373007 0.145977800277872 0.165982271260028 0.272433187656967 0.21526449974808 0.286830451697599 0.290229605878847 0.296577333400082 0.280295656812272 0.283637265056244 0.302154220703563 0.256315387984829 0.327892919172261 -9999 -9999 -9999 -9999 0.345580825861751 0.376146608523403 -9999 -9999 -9999 -9999 -9999 -9999 -9999 -9999 0.2661845802752 0.295443222631912 0.198455847799472 0.208163192304831 0.348118627621303 0.35453257697884 0.17717226908623
-9999 -9999 -9999 0.142342762457861 0.169545564109186 0.240808485193874 0.203167531434803 0.337865711369252 0.422119144760479 0.401083442844675 0.399706726571457 0.439711598248932 0.372186694718644 0.401474368166623 0.376346077274189 0.351445702373767 0.405278008069761 0.20143010363621 0.344172581044363 0.506516090390371 0.76774262510122 0.563607360715787 0.68346842008165 0.667769848191868 0.716838407550441 0.550814066539407 0.383804591691333 -9999 -9999 -9999 -9999 -9999 -9999 -9999 -9999 -9999 -9999 -9999 -9999 -9999 -9999 -9999 -9999 0.27217075206462 0.288697703388693 0.33533698499539 0.255326902233874 0.732859814022187 0.435083243621299
-9999 -9999 -9999 -9999 0.145867561586454 0.173069839481307 0.326659378133116 0.410047613636225 0.375513920063538 0.092440881112831 0.103415793498832 0.101654643866733 0.0995047970311565 0.190817709701513 0.327117274801962 0.302400941193861 0.35119752705528 0.0904867431463637 0.148236250222239 0.195657484851946 0.304958822382527 0.19272685285562 0.4066424826799 0.392460754305097 0.44093424658998 0.599942215433084 0.110861752360925 0.127901798218981 -9999 -9999 -9999 -9999 -9999 -9999 -9999 -9999 -9999 -9999 -9999 -9999 -9999 -9999 -9999 -9999 0.202962972822054 0.308728730309559 0.327497085849537 0.560350185901865 0.523837534524367
-9999 -9999 -9999 0.196039146761329 0.163265355357732 0.218636425936402 0.189969770302226 0.191009561206065 0.138527037144142 0.100157688806593 0.103980436604109 0.100775570237252 0.103366305759816 0.117642871614078 0.138953728329833 0.229101262351082 0.310691574082381 0.11431645996224 0.0918986192934387 0.131895462776083 0.0967920611887549 0.0969187458618575 0.0942546845371442 0.109977697083282 0.162147845446328 0.236692286713784 0.112455070428334 -9999 -9999 -9999 -9999 -9999 -9999 -9999 -9999 -9999 -9999 -9999 -9999 -9999 -9999 -9999 -9999 -9999 -9999 -9999 0.559207215809161 0.189195783351627 0.211536648188333
-9999 -9999 -9999 -9999 0.23254879637488 0.197903600031261 0.118919747026888 0.112415612974838 0.111127976921221 0.104971962156587 0.0984582932239982 0.0899362632738995 0.0943027663224211 0.233269777767072 0.267674800217283 0.118368275302175 0.234085012888213 0.230482907213044 0.1184249604091 0.0992279618931746 0.118287787359884 0.110819581170341 0.0902289307503047 0.0873203514326221 0.130610761395959 -9999 -9999 -9999 -9999 -9999 -9999 -9999 -9999 -9999 -9999 -9999 -9999 -9999 -9999 -9999 -9999 -9999 -9999 -9999 -9999 -9999 -9999 -9999 0.296719065991979
-9999 -9999 -9999 -9999 0.159114415669719 0.186151439477543 0.119070476931856 0.112566117045798 0.109248930607434 0.120982247841655 0.141522195342953 0.110528007816488 0.238091972951085 0.143104756794309 0.0841801482897825 0.0940872973325466 0.248875009110269 0.300927495354569 0.305086721448802 0.265999304280339 0.0945099083478275 0.101601494789231 0.101543317175651 -9999 -9999 -9999 -9999 -9999 -9999 -9999 -9999 -9999 -9999 -9999 -9999 -9999 -9999 0.194556094320453 0.212466881806033 0.269206369245156 -9999 -9999 -9999 -9999 -9999 -9999 -9999 -9999 -9999
-9999 -9999 -9999 0.191245177028493 0.187208189520946 0.139412694990197 0.120821942285297 0.13134170060024 0.119270635657212 0.18486980676476 0.173389252443546 0.12337472811644 0.0856561812890046 0.160745003671801 0.0861825772355056 0.097003940669274 0.118097082863034 0.253894815143218 0.249035354548068 0.258994686338243 0.115894554635155 0.0973446086119207 -9999 -9999 -9999 -9999 -9999 -9999 -9999 -9999 -9999 -9999 -9999 -9999 -9999 -9999 -9999 -9999 0.248536245229817 0.295547901029667 -9999 -9999 -9999 -9999 -9999 -9999 -9999 -9999 -9999
-9999 -9999 -9999 0.144345308162551 0.124513632514505 0.119000202093901 0.110040841976786 0.107217174459898 0.112317281717546 0.11072469286635 0.111398555906693 0.115898403080947 0.0910646072072549 0.0932586713585555 0.0987863571810262 0.0972898532058122 0.0910251672478778 0.0930289419818746 0.0943549914926298 0.0876472798289232 0.119995113610248 -9999 -9999 -9999 -9999 -9999 -9999 -9999 -9999 -9999 -9999 -9999 -9999 -9999 -9999 -9999 -9999 -9999 0.255099244681669 0.298240531915385 -9999 -9999 -9999 -9999 -9999 -9999 -9999 -9999 -9999
-9999 -9999 0.185946546207306 0.105824795240624 0.107066093108671 0.115532652566826 0.107045422621146 0.112724425556945 0.107356893078125 0.105529577561907 0.11399086599603 0.107777188382367 0.110226533392631 0.0868132159995837 0.0925745867462378 0.0933143106462442 0.0977362280209837 0.0957496119408163 0.088903831196474 0.0850335377032472 -9999 -9999 -9999 -9999 -9999 -9999 -9999 -9999 -9999 -9999 -9999 -9999 -9999 -9999 -9999 -9999 -9999 -9999 0.251352853990496 0.332144868120597 -9999 -9999 -9999 -9999 -9999 -9999 -9999 -9999 -9999
-9999 -9999 0.171144433594192 0.106813367946998 0.112035474894893 0.106272673376721 0.104690575333417 0.112707930413843 0.0897491399849379 0.0883163636006763 0.108611985970022 0.115191757519398 0.0907663028454619 0.0908630316878514 0.0963863198416576 0.124932938030719 0.121931387237208 0.0873307580301863 0.0903910697246262 0.0874166564944746 0.115786839140212 -9999 -9999 -9999 -9999 -9999 -9999 -9999 -9999 -9999 -9999 -9999 -9999 -9999 -9999 -9999 -9999 -9999 -9999 -9999 -9999 -9999 -9999 -9999 -9999 -9999 -9999 -9999 -9999
