BRT_projection_files/BRT_CCV/B_terrestris_1_projection.asc
NCOLS 79 
NROWS 71 
XLLCORNER -10.5 
YLLCORNER 36 
CELLSIZE 0.5 
NODATA_value -9999 
[rows 44 to 65 of 71, columns 0 to 48 of 79]
-9999 -9999 -9999 -9999 -9999 -9999 -9999 -9999 -9999 -9999 -9999 -9999 -9999 -9999 -9999 -9999 -9999 -9999 0.584258058207139 0.572262102656067 0.701519937695487 0.771819752892423 0.666372727040422 0.721434727902412 0.59978252501094 0.690286229198823 0.615930890773292 0.646411990901231 0.619815717771109 0.682842168638265 0.600414343868951 0.56597130800677 0.630598688947385 0.814789356033075 0.787247475403128 0.789232213601027 0.56130784348156 0.80158508166536 0.811619577369161 0.709137267647899 0.498879286966882 0.425803900957139 0.45984464200405 0.648820421674309 0.451804855738647 0.46750412964678 0.518807390245238 0.90077195867681 0.678070236074307
-9999 -9999 -9999 -9999 -9999 -9999 -9999 -9999 -9999 -9999 -9999 -9999 -9999 -9999 0.639248645070313 -9999 -9999 -9999 0.600812371501771 0.404075226008136 0.454691867577536 0.577006746580981 0.57687228905575 0.694640417102692 0.632001794542408 0.898240759781857 0.774189873814833 0.562727851589625 0.570977547290921 0.550781015289404 0.526304316330646 0.565023482217942 0.66169281852461 0.669618701425473 0.637942939001177 0.658478370662054 0.754721352278212 0.713222344159924 0.671591605351988 0.907217946289772 0.445799435189694 0.487468319395001 0.550772373092635 0.518901055069661 0.494509284651678 0.52033365223006 0.523052037065018 0.514688227047359 0.550279288545633
-9999 -9999 -9999 -9999 -9999 -9999 -9999 -9999 -9999 -9999 -9999 -9999 0.661599967906524 0.431815531244228 0.536406810741952 0.697082908463686 0.675322289993014 0.727894417774443 0.540579551355977 0.623780948495828 0.611394477939121 0.68389161091285 0.574219924125556 0.610538632738722 0.647361097968912 0.493880303753486 0.441513341353829 0.531456398197322 0.653080483675523 0.598247918974058 0.527394785487196 0.634456001292474 0.643075842985119 0.634846419633165 0.332514826264215 0.341203210137725 0.682859781648799 0.641005466825466 0.641895313758032 0.437966595578458 0.569525071061622 0.518162057492829 0.557512679411405 0.615752823743693 0.842961315897077 0.58230159854537 0.590223955236902 0.609660642724108 0.527107312885533
-9999 -9999 -9999 -9999 -9999 -9999 -9999 -9999 -9999 -9999 -9999 -9999 -9999 -9999 0.646314242280042 0.694922017041598 0.642401113099635 0.599601463663809 0.533858686650554 0.696894726480377 0.588505811181324 0.608783228207464 0.572245448282952 0.610200232408643 0.498350859724145 0.438551467805769 0.627304782918523 0.563771135654311 0.5617045049658 0.562986172469749 0.475955562893099 0.565683370853807 0.621186797824799 0.701235924172204 0.751337675774078 0.752284869810744 0.827159726066226 0.698959590905299 0.647680804258436 0.756420302457456 0.587956485018115 0.479441929022515 0.528019994596469 0.68840904339447 0.7363796281926 0.653996435832118 0.757486084866208 0.789966753011493 0.797437293737033
-9999 -9999 -9999 -9999 -9999 -9999 -9999 -9999 -9999 -9999 -9999 -9999 -9999 -9999 -9999 -9999 -9999 0.754591516210511 0.718545007507221 0.707686463145326 0.638463352385937 0.588779291347086 0.676155295340401 0.562930665269944 0.538179198956675 0.438237665460258 0.581713410916595 0.53055764404065 0.56496955326572 0.563044644309485 0.559988686724593 0.649265952212867 0.741328764180598 0.734912810970182 0.725139383601357 0.671887549643827 0.750856941397478 0.756502136419224 0.71237253712306 0.478438265931076 0.755640023365454 0.305898415907811 0.672281286545844 0.773238607143084 0.65404649648364 0.533027711307191 0.624508868800886 0.677672746257035 0.611112229374477
-9999 -9999 -9999 -9999 -9999 -9999 -9999 -9999 -9999 -9999 -9999 -9999 -9999 -9999 -9999 -9999 -9999 0.65113661097636 0.665005607186296 0.515307047169163 0.58081662916343 0.696667788575204 0.579267667554767 0.703803580994039 0.680153645059804 0.693458013215676 0.630773036481811 0.607910732554017 0.574637067121565 0.755195862815198 0.696263431062043 0.577034489873336 0.636397821627931 0.725207488433269 0.588423333305917 0.597235208127045 0.606052854436078 0.517017652701493 0.410239160280961 0.352926367590362 0.37049300204889 0.336612460152275 0.534906129811658 0.707960158366957 0.605996638450419 0.594890990613844 0.677667958856751 0.661050468884311 0.713730058139534
-9999 -9999 -9999 -9999 -9999 -9999 -9999 -9999 -9999 -9999 -9999 -9999 -9999 -9999 -9999 -9999 -9999 -9999 -9999 0.650120156796243 0.603424164851852 0.733657465276659 0.63246983531385 0.594321289355001 0.458443040202978 0.687876929224433 0.658678782782131 0.628282690302141 0.760137081334163 0.75179184183747 0.646158998975526 0.522993400710336 0.589557137898515 0.807716744662641 0.789973346688903 0.620039508715345 0.55122644871647 0.670139655868401 0.734075497601511 0.751533027946102 0.60777009898369 0.621461672277104 0.516148031121673 0.662088117824846 0.522600939524503 0.645173752998069 0.694992040637212 0.710013023329935 0.1324504515348
-9999 -9999 -9999 -9999 -9999 -9999 -9999 -9999 -9999 -9999 -9999 -9999 -9999 -9999 -9999 -9999 -9999 -9999 -9999 0.63442845176923 0.633438224048986 0.540085558082703 0.386193539422081 0.623158705181293 0.61181824370749 0.229492919127404 0.619112104714338 0.752822444358821 0.273585453116482 0.751253791524261 0.876504825052403 0.54475962627419 0.750175554721473 0.769499705845201 0.653440117993656 0.6415136610007 0.56808373326274 0.801776071934438 0.883939878933797 0.894311261790856 0.855570282288988 0.762003069501004 0.742487697343359 0.720732133001881 0.68830082779058 0.72695137896052 0.606449281634579 -9999 0.80178691792137
-9999 -9999 -9999 -9999 -9999 -9999 -9999 -9999 -9999 -9999 -9999 -9999 -9999 -9999 -9999 -9999 -9999 -9999 -9999 0.481047444125782 0.461338396670212 0.588774921690245 0.581590579446288 0.567075213684091 0.591709202822001 0.668040554499622 0.674350971037936 0.395861879986852 0.678486402535154 0.801338478935736 0.769296463400159 0.620321821082592 0.793310450653278 0.615692035561748 0.558262576893676 0.74757137996612 0.852114804270662 0.709096696436718 0.732642921091549 0.819535636890042 0.706414540043342 0.592834147720013 0.787845675205205 0.748553365322408 0.796946964465834 -9999 -9999 -9999 0.50871995500614
-9999 -9999 -9999 -9999 -9999 -9999 -9999 -9999 -9999 -9999 -9999 -9999 -9999 -9999 -9999 -9999 -9999 -9999 -9999 0.480697529688092 0.69783491666748 0.603440670619305 0.4644242475659 0.535074764162121 0.736316626722997 0.739033320496924 0.714936977322475 0.616924410221303 0.6783195749519 0.686503759357912 0.784473295532337 0.633686706855945 0.540995507353614 0.602322680097797 0.595051700824398 0.721261524085902 0.685452232013059 0.662771056288399 0.64597653221696 0.673482582088272 0.644526439744219 0.672018490894458 0.803567819830351 0.662877056949246 0.57090484136817 0.659229780672687 -9999 -9999 -9999
-9999 -9999 -9999 -9999 -9999 -9999 -9999 -9999 -9999 -9999 -9999 -9999 -9999 -9999 -9999 -9999 -9999 -9999 0.616344518149876 0.595084212166106 0.317955056072623 0.553355603961668 0.692056935671958 0.636194134507156 0.617362650831152 0.432700812187814 0.549771401674685 0.766972980633831 0.705677000979556 0.780647102412067 0.774762658062358 0.737119688333387 0.717279542094555 0.680994885305788 0.42390171956077 0.701940389714901 0.630430551614419 0.710796602821988 -9999 -9999 0.798159850005033 0.334278879615626 0.581289942046216 0.735214495898548 0.574477783313095 0.767293304227629 -9999 -9999 -9999
-9999 -9999 -9999 -9999 -9999 -9999 -9999 -9999 -9999 -9999 -9999 -9999 -9999 -9999 -9999 -9999 -9999 -9999 0.510407484153454 0.583828780795128 0.632800123975036 0.585128985503706 0.634904809585731 0.733818969155934 0.696698070718613 0.549674257598894 0.6980180067373 0.723789078316473 0.754319413519135 0.723539494500613 0.774565550616551 0.804105451304745 0.718292258373869 0.682762601780453 0.789374862117983 0.80411030977033 -9999 -9999 -9999 -9999 -9999 -9999 0.587219491475234 0.718306826677252 0.437856237776248 0.540422897689606 0.715134375973464 -9999 -9999
-9999 -9999 -9999 0.723576828341089 0.813294695306572 0.686361625617209 0.685662854451507 0.451037923984521 0.686971644162303 0.842079251772755 0.766681395806075 0.654595382220359 0.720161014677519 0.775710143487964 0.811258044752339 0.79264574415104 0.751818826774464 0.837837325120192 0.760671239353051 0.70082715783188 0.771080063191482 0.490631699846771 0.454190482582913 0.496912842810481 0.668326482730977 0.551816565263546 0.568796793771606 0.742058022453933 -9999 -9999 -9999 -9999 0.765053055891909 0.700734178206315 -9999 -9999 -9999 -9999 -9999 -9999 -9999 -9999 0.517981129111464 0.594775292296368 0.641341211063369 0.602361283982801 0.542239749797867 0.669341846357724 0.585111755624878
-9999 -9999 -9999 0.746863399008766 0.696529740677908 0.796444666802777 0.613953675230165 0.725889979644509 0.705555595279371 0.75439622616017 0.700975436231894 0.708760435635644 0.705054951387717 0.748166328671492 0.702554909845585 0.762733978202389 0.768440482640513 0.720979994624924 0.672169950122355 0.631115093363606 0.734332876821985 0.560111039920954 0.654600721838046 0.464298460796313 0.525430268197121 0.451763581148728 0.657275089399984 -9999 -9999 -9999 -9999 -9999 -9999 -9999 -9999 -9999 -9999 -9999 -9999 -9999 -9999 -9999 -9999 0.592868237656426 0.538570902918571 0.54573647612281 0.587332609119316 0.346713700952825 0.70801932124181
-9999 -9999 -9999 -9999 0.707098320289617 0.763945496642077 0.708604368802774 0.616753060971637 0.682587470650645 0.762152848008304 0.649210905833851 0.540777279071386 0.547453803342046 0.694036595919329 0.689294642901218 0.712235603165148 0.753196894385191 0.80673320338616 0.574748424744316 0.523839701778718 0.720743423900961 0.758627026431038 0.671865063599332 0.632877705167087 0.672991375980342 0.72777730713317 0.752765031192282 0.815725162234961 -9999 -9999 -9999 -9999 -9999 -9999 -9999 -9999 -9999 -9999 -9999 -9999 -9999 -9999 -9999 -9999 0.594214116618592 0.58665782473379 0.456339452795978 0.695535407611882 0.631093681181166
-9999 -9999 -9999 0.822083421359637 0.861429844369143 0.776312552669772 0.605315452168118 0.704356801239052 0.752289040906583 0.65291042775068 0.644981178029391 0.773326855123601 0.559671186022869 0.760601252762385 0.790545197233616 0.726163663087732 0.798657891942543 0.786541416859631 0.79749141306214 0.8670336020437 0.841004077211827 0.835483030402364 0.851695597787503 0.798662262146983 0.814071963597436 0.859164903820961 0.870109062837843 -9999 -9999 -9999 -9999 -9999 -9999 -9999 -9999 -9999 -9999 -9999 -9999 -9999 -9999 -9999 -9999 -9999 -9999 -9999 0.792546038881492 0.677264169102658 0.771083407048083
-9999 -9999 -9999 -9999 0.830384003339818 0.793432634394025 0.71788555695946 0.740581961794535 0.776269748646774 0.714192075055546 0.618163521198769 0.773366443337235 0.764431182604856 0.753189862388194 0.631120847232055 0.765201328259935 0.715830168731952 0.742744198489078 0.801554641317748 0.796776574491545 0.822882629694306 0.845173502180851 0.856372618383533 0.850469296726023 0.857175146312118 -9999 -9999 -9999 -9999 -9999 -9999 -9999 -9999 -9999 -9999 -9999 -9999 -9999 -9999 -9999 -9999 -9999 -9999 -9999 -9999 -9999 -9999 -9999 0.784402481532047
-9999 -9999 -9999 -9999 0.846767226679025 0.73431353096251 0.768596390039283 0.759838502642898 0.713568095930716 0.811415482605183 0.778577024673128 0.73237476176375 0.820624923951354 0.824121177481988 0.795301923256259 0.768065653344467 0.644221112896975 0.748046176463438 0.809606289547951 0.732714208562843 0.762032502561309 0.819515026794972 0.827932619766881 -9999 -9999 -9999 -9999 -9999 -9999 -9999 -9999 -9999 -9999 -9999 -9999 -9999 -9999 0.775250305850061 0.709434455127488 0.664736734717178 -9999 -9999 -9999 -9999 -9999 -9999 -9999 -9999 -9999
-9999 -9999 -9999 0.83135391578107 0.879734198975436 0.846826276927023 0.75764628134425 0.790326342955992 0.798405650663024 0.747531060395939 0.750499940139121 0.717686148240031 0.819811977851457 0.928996292876932 0.874843144528961 0.749118633208931 0.738048970165613 0.586996223914646 0.818334773584431 0.678368367025011 0.758800025618745 0.821629663287448 -9999 -9999 -9999 -9999 -9999 -9999 -9999 -9999 -9999 -9999 -9999 -9999 -9999 -9999 -9999 -9999 0.704861933209701 0.718305497528764 -9999 -9999 -9999 -9999 -9999 -9999 -9999 -9999 -9999
-9999 -9999 -9999 0.858591456169381 0.855992997550311 0.796412795495051 0.803115605150047 0.762838657234272 0.79535349734129 0.786366903692366 0.778642749494718 0.66047237560783 0.562525083323191 0.783614891957486 0.609876266861835 0.568530414103843 0.778330516061068 0.678620426112405 0.803798904178544 0.844977892169841 0.896647321199146 -9999 -9999 -9999 -9999 -9999 -9999 -9999 -9999 -9999 -9999 -9999 -9999 -9999 -9999 -9999 -9999 -9999 0.67130836454009 0.714530148042711 -9999 -9999 -9999 -9999 -9999 -9999 -9999 -9999 -9999
-9999 -9999 0.750457540123866 0.843192707038785 0.732593874170913 0.816969891584608 0.81198528669784 0.835998793227836 0.75628807089165 0.830637114724218 0.79630489837087 0.734534388334119 0.812224853933069 0.821877460096138 0.667113911233073 0.638993641059487 0.621559263791068 0.609900872019799 0.828772359086234 0.875278384235757 -9999 -9999 -9999 -9999 -9999 -9999 -9999 -9999 -9999 -9999 -9999 -9999 -9999 -9999 -9999 -9999 -9999 -9999 0.661823944106842 0.722386113564568 -9999 -9999 -9999 -9999 -9999 -9999 -9999 -9999 -9999
-9999 -9999 0.930628096660895 0.841849632506742 0.847578550101075 0.818603040202919 0.82378827358458 0.84403839870744 0.845381344336598 0.813133220612854 0.793909199026214 0.798322426989531 0.818729273718237 0.79754720570485 0.630020996125481 0.640283898379561 0.573428695701178 0.726834602781184 0.816989277420731 0.834643354239843 0.77665974610222 -9999 -9999 -9999 -9999 -9999 -9999 -9999 -9999 -9999 -9999 -9999 -9999 -9999 -9999 -9999 -9999 -9999 -9999 -9999 -9999 -9999 -9999 -9999 -9999 -9999 -9999 -9999 -9999
