BRT_projection_files/BRT_CCV/B_veteranus_2_projection.asc
NCOLS 79 
NROWS 71 
XLLCORNER -10.5 
YLLCORNER 36 
CELLSIZE 0.5 
NODATA_value -9999 
[rows 42 to 62 of 71, columns 0 to 47 of 79]
-9999 -9999 -9999 -9999 -9999 -9999 -9999 -9999 -9999 -9999 0.107217566782664 -9999 -9999 0.0725047191377919 -9999 -9999 -9999 -9999 -9999 -9999 -9999 -9999 -9999 -9999 0.067625946552042 0.0702766523088363 0.0621234359583992 0.0469423883466485 0.131972230855208 0.0873821051019789 0.08639630118083 0.0986366020410621 0.0444814267152431 0.0916677658126826 0.0720262394979253 0.0533131315238737 0.0479685690805928 0.0587113236932101 0.173060698804426 0.0806592141821743 0.130111614878485 0.25924515328739 0.359950694465072 0.230029697743367 0.351569871191999 0.361266631234376 0.0724378127499393 0.0685225139259603
-9999 -9999 -9999 -9999 -9999 -9999 -9999 -9999 -9999 -9999 -9999 -9999 -9999 -9999 -9999 -9999 -9999 -9999 -9999 -9999 -9999 -9999 0.117322936643453 0.0723118108071854 0.0861721682840365 0.0445808861541114 0.0423280744870185 0.045155846661979 0.0546329627631066 0.114931426449066 0.09827478306173 0.114469471450735 0.210892193663919 0.141573671932694 0.0516810258862677 0.0677150675007751 0.0590787610766345 0.0509390027552926 0.0601516003899172 0.0440242580348927 0.137433441141937 0.104487749101563 0.226881658607049 0.342477092164942 0.33974468657631 0.214296705743014 0.112644004486565 0.185639638026613
-9999 -9999 -9999 -9999 -9999 -9999 -9999 -9999 -9999 -9999 -9999 -9999 -9999 -9999 -9999 -9999 -9999 -9999 0.292203971332272 0.0758443273316411 0.0508997112939273 0.234339501201638 0.0753739422056636 0.0521044665272714 0.054530126652264 0.0383708392173143 0.0416292508832694 0.0443449150144215 0.0413331611519901 0.0422022183425664 0.0579100899601199 0.0658338946855177 0.0719038205992523 0.0562688758348942 0.120078639177648 0.0715016359091275 0.0362017941377349 0.054335076306629 0.0763144443885779 0.0598657076612469 0.493122311272312 0.653479108172986 0.533830520052313 0.309225592164663 0.194372399678129 0.270958095328596 0.445420747184316 0.143763672086006
-9999 -9999 -9999 -9999 -9999 -9999 -9999 -9999 -9999 -9999 -9999 -9999 -9999 -9999 0.143171988720453 -9999 -9999 -9999 0.0989329584400983 0.0933289525771239 0.114327835224707 0.273917633065355 0.0424301866954659 0.0416102675985483 0.0427344120442986 0.165999645508484 0.0723323316920023 0.0466186903327632 0.0395135003441702 0.0416819403554083 0.0612406615332036 0.0809975720681442 0.0727763649487995 0.0834865072095181 0.120752717882314 0.0524721058338427 0.0858685431881216 0.0404959643679309 0.103702428371134 0.126676721493439 0.15571296447148 0.280561742456768 0.2925907815084 0.299096268204084 0.244313709706503 0.408999839183366 0.591921349718444 0.160988880682692
-9999 -9999 -9999 -9999 -9999 -9999 -9999 -9999 -9999 -9999 -9999 -9999 0.0756374700161475 0.172749644943824 0.110197407467717 0.156765440571357 0.116110667898037 0.0496609684801865 0.125369237793521 0.124764132155682 0.125071677217264 0.0436429059848629 0.0371612860686416 0.0419140758092251 0.0397658424209307 0.0407180432094617 0.0412512449356898 0.0435088863557171 0.0389179194508642 0.0557507976844913 0.0532772480382152 0.0710185278353031 0.0684840924173618 0.0902547011395206 0.0475394297375554 0.0530665043705707 0.0910740809344026 0.0499277457978764 0.104789180223701 0.23977385646494 0.196459804759281 0.451021353347275 0.585110156322439 0.349708602210871 0.588236415116239 0.328197796970533 0.345674709451617 0.518150473789087
-9999 -9999 -9999 -9999 -9999 -9999 -9999 -9999 -9999 -9999 -9999 -9999 -9999 -9999 0.176343205634187 0.0998961749975636 0.155152016894307 0.0623109857130736 0.141834499549971 0.145319180834516 0.0633210285735796 0.048295478065369 0.0377961558002169 0.0415351131468342 0.0634613126214199 0.048237362844204 0.0442557895841247 0.0476300187668987 0.0546323195146706 0.0553568598065035 0.0483343383189842 0.0757825174692813 0.0674347016714904 0.0522665594085933 0.0834469327372676 0.0671909835045779 0.0724679362522024 0.0835252145468134 0.257498554224051 0.139230729999415 0.173577379837657 0.190210672977956 0.212418724705238 0.0778542872928446 0.22109413856565 0.589074474404886 0.429049859483955 0.604845929443159
-9999 -9999 -9999 -9999 -9999 -9999 -9999 -9999 -9999 -9999 -9999 -9999 -9999 -9999 -9999 -9999 -9999 0.0834355055697515 0.0810575305855824 0.0406297264256735 0.0402713687290314 0.0389710369851053 0.0421576861072622 0.0387867227670591 0.0373856502085055 0.0536227516413722 0.0657194616874557 0.0619338218486815 0.0630992632118923 0.0612725698114074 0.0766158059229853 0.051513924877524 0.0642982666123656 0.0748400941178688 0.145282675867245 0.297118209764993 0.0936762921603784 0.2608160263766 0.553838928212327 0.413001759952161 0.538462200065754 0.111725517441764 0.0955720293176947 0.553170461009514 0.102677093292216 0.0439901080187446 0.0394981617389015 0.0811214890747548
-9999 -9999 -9999 -9999 -9999 -9999 -9999 -9999 -9999 -9999 -9999 -9999 -9999 -9999 -9999 -9999 -9999 0.066427968462093 0.0814511184179174 0.128549534728951 0.0521677015990937 0.0423940888136912 0.0411920039488336 0.0535401065321595 0.0745351838548238 0.0647933234454876 0.0671873890735576 0.0919650403849128 0.0880929856228697 0.077988795918346 0.100034667215213 0.090002205735674 0.115000769906884 0.423997048525536 0.227055157289853 0.179929003994903 0.298298130706333 0.273681539721273 0.0365142058631682 0.0341567743252778 0.0775312904802841 0.0335894988716398 0.0418462771739463 0.107610995593421 0.0902947542231312 0.0577601901015137 0.0639713147367609 0.0780161917998731
-9999 -9999 -9999 -9999 -9999 -9999 -9999 -9999 -9999 -9999 -9999 -9999 -9999 -9999 -9999 -9999 -9999 -9999 -9999 0.0689237326428516 0.0652730586231472 0.0636278265582104 0.0890619888368704 0.174178126401787 0.0871279116314106 0.223786054913449 0.184194449648906 0.107720373256042 0.164819393590458 0.102167367844555 0.108355888419723 0.0947124218358621 0.168068067299412 0.169834589608212 0.0999646130560594 0.152109770858497 0.0900578650770214 0.0811440712109481 0.198474362887315 0.290108915645559 0.112858422172315 0.0533427796235963 0.0341436888142488 0.0680546282826917 0.043149738637565 0.0613361584297337 0.0768406393491842 0.14592751317439
-9999 -9999 -9999 -9999 -9999 -9999 -9999 -9999 -9999 -9999 -9999 -9999 -9999 -9999 -9999 -9999 -9999 -9999 -9999 0.0654498855120011 0.072087155635469 0.0793236062842888 0.0696147252304111 0.0920153082475918 0.039220411453166 0.0436151990114199 0.150633320548917 0.0609543751056462 0.0804474608999982 0.105077310160379 0.0969800429100326 0.0681064879086343 0.0559728832323496 0.0611197068576473 0.0709145372291327 0.0746666911591005 0.0541627873711852 0.0527692891221186 0.0682656013457527 0.0578981834350668 0.0633231285046243 0.11628463535449 0.0831536742811454 0.10129299562128 0.0772885996908099 0.0401994575346448 0.0424222844572961 -9999
-9999 -9999 -9999 -9999 -9999 -9999 -9999 -9999 -9999 -9999 -9999 -9999 -9999 -9999 -9999 -9999 -9999 -9999 -9999 0.0959312711805315 0.084169530248904 0.0801547536461654 0.0687393469736658 0.0555707648237919 0.0475916387730052 0.0340248647795996 0.134785851096335 0.0783640254516409 0.0772273494059625 0.0719935016403573 0.0754439044584824 0.102194298610166 0.0456945254850079 0.0407384880378126 0.0355885330820877 0.144701359930391 0.0688901589754336 0.0519686896021569 0.040813760015131 0.0365029890591505 0.0445411141662732 0.048864981818134 0.0365657770229951 0.034855735963139 0.0351783691427261 -9999 -9999 -9999
-9999 -9999 -9999 -9999 -9999 -9999 -9999 -9999 -9999 -9999 -9999 -9999 -9999 -9999 -9999 -9999 -9999 -9999 -9999 0.0568322754806474 0.127308344515526 0.0725711492296507 0.0511893243528515 0.0439412683467468 0.0696097427245863 0.0633060362767665 0.0768065788721719 0.0770121196019929 0.112064286785329 0.0421059880966911 0.0630533836555446 0.0510851439068024 0.054942123684945 0.0391756729072737 0.0749400130464764 0.301292565402533 0.0406315560527255 0.0413501951146688 0.0483691749217175 0.0433205961990301 0.0669757017574211 0.0485402910973912 0.0340537510727565 0.0353665958361919 0.0385822152224825 0.0390904898973147 -9999 -9999
-9999 -9999 -9999 -9999 -9999 -9999 -9999 -9999 -9999 -9999 -9999 -9999 -9999 -9999 -9999 -9999 -9999 -9999 0.0267789936755402 0.037397713436209 0.0339079320964207 0.0344151851441273 0.040045689164389 0.0560029550461622 0.1170256568001 0.0789578972666543 0.244629876166213 0.0864776734061127 0.0339742559748749 0.0669097143939388 0.0773424537259628 0.067515347445875 0.0492818752045624 0.0402903904487162 0.0323775807736638 0.0469192476027566 0.0630017935852753 0.0341651533108015 -9999 -9999 0.0332163106878421 0.0650681547616354 0.0724477946657467 0.0509882243961602 0.0371581897943366 0.0361390841163067 -9999 -9999
-9999 -9999 -9999 -9999 -9999 -9999 -9999 -9999 -9999 -9999 -9999 -9999 -9999 -9999 -9999 -9999 -9999 -9999 0.0472650846371 0.0565612916843699 0.0638480585774057 0.0385489031758308 0.034906806039138 0.0386726384022794 0.0401379715617005 0.068531673034629 0.0509764315855643 0.0542675731213322 0.050296427626815 0.0571329516457718 0.048765933997941 0.0466625849182289 0.0649313766046523 0.0574162153690908 0.0525480116534973 0.0589043793567432 -9999 -9999 -9999 -9999 -9999 -9999 0.0432180870524402 0.0898434084847979 0.0418406596829933 0.0596187465540081 0.0416124883161483 -9999
-9999 -9999 -9999 0.0216915605441283 0.0348760307283307 0.0395683044576059 0.0294915664345338 0.0183952343876586 0.0512657845657859 0.0657745983046474 0.0498584987773872 0.0444703866277104 0.0642321409135541 0.0743460686741944 0.079925927070661 0.0309902496693613 0.0377453537798755 0.049773610120713 0.103379459968254 0.0741507314610843 0.0591799032314565 0.0770662510027848 0.0793793796538889 0.0492399751327361 0.0753369829608438 0.073971741299875 0.054103643530114 0.0430837278244704 -9999 -9999 -9999 -9999 0.0347969148592174 0.0312110619999018 -9999 -9999 -9999 -9999 -9999 -9999 -9999 -9999 0.0574393286530972 0.0537253910426585 0.0563080875214567 0.0595890273514179 0.0672172460062728 0.0385197174016236
-9999 -9999 -9999 0.0483979457966075 0.0493318269963941 0.0517735080523126 0.0317519806058891 0.0230695226430897 0.0327270155381475 0.0387625169206991 0.0428986609065227 0.0455781443612366 0.0326414964599829 0.0323399363717365 0.0354480173305387 0.0477406990115284 0.053979314666861 0.0747187580604902 0.0348255030025839 0.053130068756012 0.167925447013537 0.0853027351792451 0.10870512764434 0.0525928134076209 0.0652163124496081 0.028705203169617 0.0406896434744879 -9999 -9999 -9999 -9999 -9999 -9999 -9999 -9999 -9999 -9999 -9999 -9999 -9999 -9999 -9999 -9999 0.0387590967159335 0.0565589417866514 0.0429696807845963 0.0466266230821972 0.0494259709858578
-9999 -9999 -9999 -9999 0.048912459767265 0.0395456084162329 0.0234187955064442 0.0244082789302032 0.0286118782428514 0.0426810681179015 0.0459568394888544 0.0335527238575542 0.0379653370951482 0.0486052435189367 0.0738583728460092 0.0549849792885316 0.0411248938995172 0.0530929531263285 0.0271798064507444 0.0286286669821441 0.0326937074012809 0.0312406154543455 0.0412701139775815 0.0259929835122274 0.0334297124771963 0.103557053272302 0.0636357991747577 0.0360233948815976 -9999 -9999 -9999 -9999 -9999 -9999 -9999 -9999 -9999 -9999 -9999 -9999 -9999 -9999 -9999 -9999 0.0630957376538802 0.0580877429725742 0.0721898482186005 0.055893219587504
-9999 -9999 -9999 0.0397898383852447 0.0413780992472179 0.0313540648614454 0.0451618530193203 0.043037438267591 0.0475515220271895 0.0479614682148183 0.0322170667045209 0.0379149925701502 0.0365739233566011 0.0392616127471602 0.0345155994837921 0.0312976527156051 0.040593515464402 0.0354584059883686 0.0370454591849029 0.0341558678364635 0.0323122842391136 0.035686187515745 0.0475089768512458 0.0480994406116586 0.0361908226608712 0.0389177979724905 0.0478508444509905 -9999 -9999 -9999 -9999 -9999 -9999 -9999 -9999 -9999 -9999 -9999 -9999 -9999 -9999 -9999 -9999 -9999 -9999 -9999 0.0599341853556057 0.0662217835876779
-9999 -9999 -9999 -9999 0.0503512338360829 0.0384055883570311 0.0349590191723066 0.0323442205364041 0.0316452656532972 0.0302768549825108 0.0348030739328079 0.0321779354492846 0.032365551294421 0.0542673290945196 0.0315329297018114 0.0521014867908116 0.0559693349818387 0.0336160017893767 0.0386923401474442 0.0312154067303345 0.0298034307111919 0.0489766385017052 0.0354582123053938 0.0450559853585522 0.0522645049238056 -9999 -9999 -9999 -9999 -9999 -9999 -9999 -9999 -9999 -9999 -9999 -9999 -9999 -9999 -9999 -9999 -9999 -9999 -9999 -9999 -9999 -9999 -9999
-9999 -9999 -9999 -9999 0.0287144044111191 0.0352244568339022 0.0670188333829255 0.0411050145820005 0.0313108269538858 0.0755920260397811 0.0385520659479544 0.0371244823534786 0.0778445451631877 0.0786522544642553 0.0628498182826828 0.0352497957122113 0.039415903751746 0.0338323088125048 0.0594447875190323 0.0354782689688032 0.0397552185110971 0.0425788155392203 0.0388190887425363 -9999 -9999 -9999 -9999 -9999 -9999 -9999 -9999 -9999 -9999 -9999 -9999 -9999 -9999 0.0341784273531223 0.079009658851576 0.0534235132045602 -9999 -9999 -9999 -9999 -9999 -9999 -9999 -9999
-9999 -9999 -9999 0.0429154879568951 0.0350051631621175 0.0627217419151526 0.0969544674690204 0.12085338276112 0.121300769667307 0.178383637309959 0.147093467197259 0.0780270742412884 0.0482241315573109 0.0552048457646323 0.0365688699468362 0.0436039936289282 0.0418160809881426 0.0341823359079722 0.0413951414754934 0.0313738649188914 0.0347685098223662 0.036784569152266 -9999 -9999 -9999 -9999 -9999 -9999 -9999 -9999 -9999 -9999 -9999 -9999 -9999 -9999 -9999 -9999 0.142808305729473 0.080794709487557 -9999 -9999 -9999 -9999 -9999 -9999 -9999 -9999
