BRT_projection_files/BRT_CCV/B_vestalis_1_projection.asc
NCOLS 79 
NROWS 71 
XLLCORNER -10.5 
YLLCORNER 36 
CELLSIZE 0.5 
NODATA_value -9999 
[rows 42 to 62 of 71, columns 0 to 48 of 79]
-9999 -9999 -9999 -9999 -9999 -9999 -9999 -9999 -9999 -9999 0.500244099192226 -9999 -9999 0.429395951530409 -9999 -9999 -9999 -9999 -9999 -9999 -9999 -9999 -9999 -9999 0.501297401330786 0.454572322213435 0.725528110495462 0.778829061896524 0.691262797235019 0.707044699116629 0.605735896081594 0.313007419625568 0.200692203586552 0.26665138461844 0.293519762746175 0.599134391827687 0.504372153993569 0.476871476805914 0.643154153755018 0.459572697583578 0.311908093382529 0.378814465651314 0.402897732994957 0.48360149005374 0.420484745269537 0.518592994392435 0.56607201011697 0.404217580121792 0.415989319538152
-9999 -9999 -9999 -9999 -9999 -9999 -9999 -9999 -9999 -9999 -9999 -9999 -9999 -9999 -9999 -9999 -9999 -9999 -9999 -9999 -9999 -9999 0.403062622653402 0.375430843315523 0.258346495160654 0.556384730388565 0.524818687880709 0.566075335596127 0.330763777718123 0.192264469189364 0.346989577855308 0.220508748516291 0.356894254534211 0.473183422379889 0.537723160959912 0.369803078358888 0.457529680006645 0.572142358308538 0.672878739143929 0.509821525522873 0.590310451078882 0.429592639234129 0.443547200361756 0.492646285663355 0.387988203968666 0.327076653429988 0.239261671354973 0.423450390600296 0.25288187887351
-9999 -9999 -9999 -9999 -9999 -9999 -9999 -9999 -9999 -9999 -9999 -9999 -9999 -9999 -9999 -9999 -9999 -9999 0.21459587791251 0.24474788931536 0.438291290214658 0.401026708519507 0.403812220849738 0.665773588782397 0.281173372564582 0.440826170967195 0.458783291760311 0.347381045919662 0.289728440657448 0.487701151786199 0.130656582359806 0.191956176364046 0.344088497190912 0.681300776172577 0.688939870815127 0.727487589865198 0.451718095685068 0.726694116377338 0.761597244394694 0.540965764487538 0.401961915343677 0.362339544601217 0.460725966152099 0.502769594881214 0.330066601091355 0.554536164465339 0.354395866403907 0.228897152387764 0.294008620509617
-9999 -9999 -9999 -9999 -9999 -9999 -9999 -9999 -9999 -9999 -9999 -9999 -9999 -9999 0.185593223192674 -9999 -9999 -9999 0.282317973187059 0.225011249091513 0.276729879629272 0.202808082903137 0.255001293247152 0.359744875482284 0.456778233372568 0.335887561894861 0.387819983162961 0.270784055997507 0.310450754967549 0.284299846827259 0.276561794114299 0.160862720608526 0.193614609366006 0.664788787056757 0.300286193560969 0.428013884285008 0.696027921441786 0.536595254230131 0.477319063329196 0.495537029351957 0.457504491179221 0.472791051506412 0.374089433390293 0.468386511911885 0.380809707220454 0.559357391416441 0.38289867983244 0.409057662363539 0.266943324522007
-9999 -9999 -9999 -9999 -9999 -9999 -9999 -9999 -9999 -9999 -9999 -9999 0.435044060998284 0.215801001436166 0.228493353764646 0.477320358501607 0.229756927514818 0.377082621061682 0.377657144642148 0.407855880697153 0.26966977223731 0.51243926971074 0.28118241322976 0.25211229177985 0.27267231093076 0.173067009619569 0.134624560164165 0.194568992641882 0.247553302750156 0.33678853898602 0.159445617475795 0.168223665401657 0.210276625052234 0.415013131233762 0.260048253566442 0.339077277167552 0.684011731011738 0.321082876769635 0.507932198482542 0.489439509673476 0.461171438852131 0.541744829291207 0.528308078994121 0.487041279477487 0.616676223470255 0.353399447650105 0.394725375423241 0.370007463344378 0.317488280277405
-9999 -9999 -9999 -9999 -9999 -9999 -9999 -9999 -9999 -9999 -9999 -9999 -9999 -9999 0.126396444820736 0.130623213490616 0.150356822124484 0.108858724191664 0.127193843904047 0.120440857282497 0.187680596157929 0.37014330164682 0.225950681022942 0.255486328684687 0.342437687811292 0.196747477319198 0.241262695956694 0.167309079324258 0.295570236361765 0.158485312809521 0.167089130623246 0.172886915088912 0.18112663696506 0.193525695161744 0.283984909650991 0.542104098285001 0.473606598010564 0.381300040437692 0.480446316527687 0.513969125257102 0.390437811939129 0.278455048824302 0.338861273489727 0.349655168459509 0.360325754657099 0.490428821841265 0.342370777897531 0.392853546858347 0.157530302145533
-9999 -9999 -9999 -9999 -9999 -9999 -9999 -9999 -9999 -9999 -9999 -9999 -9999 -9999 -9999 -9999 -9999 0.194227337872969 0.162498305658276 0.1826756656854 0.125645588073711 0.120999033537013 0.249562165830678 0.160183649569276 0.130257454071024 0.213943642604167 0.239054588025093 0.274614935365254 0.154785532291653 0.158382479772937 0.22517395432105 0.440487869610434 0.240317233076343 0.225609147012399 0.337466424834331 0.472376031900815 0.476440126565146 0.494806599742153 0.41779427945507 0.366763211915684 0.368862318605652 0.0969283621500029 0.148108881708342 0.3434486022786 0.183774231055833 0.142548820403738 0.136246901503236 0.142554633176452 0.147091661215365
-9999 -9999 -9999 -9999 -9999 -9999 -9999 -9999 -9999 -9999 -9999 -9999 -9999 -9999 -9999 -9999 -9999 0.102393802799797 0.0989463181416561 0.0952772104487265 0.112865362981431 0.24894699085261 0.106496752762106 0.116677927708305 0.186000409144323 0.188430286395192 0.277422180256133 0.407405264099422 0.260355098363368 0.373525700433401 0.476982747588999 0.227865396686375 0.191582085713888 0.215419678676415 0.479439056336075 0.494408354949896 0.436262619862048 0.160453936973598 0.0940189129156377 0.104519648371232 0.129021347279074 0.133181224308229 0.134336798585435 0.168253372034326 0.168926220942093 0.129018446385171 0.156002956361858 0.151520620652706 0.209395766679688
-9999 -9999 -9999 -9999 -9999 -9999 -9999 -9999 -9999 -9999 -9999 -9999 -9999 -9999 -9999 -9999 -9999 -9999 -9999 0.105758887575107 0.107370149040545 0.108146995366455 0.111618085844309 0.262914735022764 0.219675607266998 0.268155060855733 0.280456801550559 0.450472971053603 0.252363178875958 0.417935114083533 0.393819519498607 0.248211619508714 0.237526863703935 0.517339268761372 0.29318236929885 0.227004822801178 0.153951004707621 0.151517362850146 0.210141494642357 0.196610354654447 0.176958330036705 0.150365336313376 0.118893359862423 0.431425674512034 0.175623161815211 0.188286797996465 0.191679330539342 0.2754031794026 0.0318861112123943
-9999 -9999 -9999 -9999 -9999 -9999 -9999 -9999 -9999 -9999 -9999 -9999 -9999 -9999 -9999 -9999 -9999 -9999 -9999 0.106219437094909 0.0919050058093177 0.100997809117478 0.179169154035771 0.419549546295122 0.152486165887598 0.178452959864141 0.183432920386358 0.586453306760589 0.208775767836213 0.490894447341466 0.558642890516288 0.340879370308923 0.407932686422281 0.268179157583603 0.139211625098202 0.132080024529971 0.122857845370198 0.547328216756842 0.19707890512142 0.227512378626341 0.61975220339655 0.38575106690099 0.285524947110677 0.397243937468433 0.627597501018745 0.196267153174027 0.0884032106759293 -9999 0.177649684441398
-9999 -9999 -9999 -9999 -9999 -9999 -9999 -9999 -9999 -9999 -9999 -9999 -9999 -9999 -9999 -9999 -9999 -9999 -9999 0.103346854274297 0.115569584796545 0.110252241468664 0.113735578183685 0.107074642169582 0.248171853107063 0.189653639825865 0.142675632919373 0.22778061469174 0.187275402378537 0.431430290374116 0.501363468713725 0.401210836971261 0.578505620464588 0.122333381981117 0.121439357751398 0.290625010437809 0.37233285074018 0.0972741542111254 0.105796243779556 0.127441356748292 0.107485794518131 0.0980237795455703 0.124092441294523 0.124670574120533 0.166788479677686 -9999 -9999 -9999 0.0753614257642906
-9999 -9999 -9999 -9999 -9999 -9999 -9999 -9999 -9999 -9999 -9999 -9999 -9999 -9999 -9999 -9999 -9999 -9999 -9999 0.13088613657486 0.112593847340964 0.138835374497381 0.111620679159021 0.111818764319542 0.126011857622708 0.231549359504574 0.148700890869695 0.147212034711567 0.142511695771887 0.210760448471483 0.150711037401989 0.144747213586212 0.140153251015772 0.0924903470216812 0.152158275301652 0.432233644576531 0.131559315990701 0.098547254673989 0.130729255158517 0.151823674847229 0.222987928082849 0.169862864061755 0.135496583092242 0.120323146415624 0.0838349704438375 0.0403014013487179 -9999 -9999 -9999
-9999 -9999 -9999 -9999 -9999 -9999 -9999 -9999 -9999 -9999 -9999 -9999 -9999 -9999 -9999 -9999 -9999 -9999 0.047096928866849 0.10915689887272 0.0816108115770326 0.10531765892481 0.101782776472592 0.103374603585702 0.105753594659335 0.154946952611483 0.153505605434754 0.112215949341499 0.0960973016875469 0.105844222276054 0.109704864685648 0.134295171326887 0.129875691306807 0.120916153751218 0.125614270276016 0.122698583642405 0.276066482421587 0.0881834621469307 -9999 -9999 0.0698398948022184 0.246151460789765 0.297708973325569 0.513269507815032 0.164919604980847 0.113878982015021 -9999 -9999 -9999
-9999 -9999 -9999 -9999 -9999 -9999 -9999 -9999 -9999 -9999 -9999 -9999 -9999 -9999 -9999 -9999 -9999 -9999 0.0696460091762919 0.0906477048051906 0.11704203716656 0.0802609132282941 0.0864020389161055 0.158098169393973 0.102638336359458 0.1011205134723 0.141979473205144 0.0928553989035997 0.0972392857711443 0.0979183375824016 0.0974154715930542 0.100012894678817 0.107767040047275 0.136599582274144 0.143567204663834 0.103665698608739 -9999 -9999 -9999 -9999 -9999 -9999 0.150250179160146 0.224847485896272 0.302383386424221 0.363405159820964 0.151656511260139 -9999 -9999
-9999 -9999 -9999 0.0493182935179958 0.093249238808298 0.342966891987021 0.139645346677554 0.0650199537569542 0.0913138154792245 0.355758387727025 0.0725475461851506 0.0571155253711347 0.117233047735726 0.0802235212786111 0.0751257973672394 0.155334602703755 0.0652308070019404 0.0985605563280088 0.158603764179395 0.0979686639012685 0.143341218618237 0.103593095549363 0.126270462137792 0.110210957997455 0.123806065580731 0.109646250426146 0.106546655275986 0.0754659543614573 -9999 -9999 -9999 -9999 0.077346040711673 0.0735045004228092 -9999 -9999 -9999 -9999 -9999 -9999 -9999 -9999 0.0972167547834302 0.100888762038914 0.0885450365874645 0.118193539798955 0.409239778302209 0.176738814232905 0.0592127431172026
-9999 -9999 -9999 0.071865098156725 0.0817567990398341 0.281114936513879 0.131189608821881 0.106706283345378 0.0758141550245585 0.245848867601871 0.107192320006718 0.104619485375723 0.151123157477868 0.10637563386214 0.107299367834744 0.150595436557451 0.105131021449875 0.315067681189913 0.105259345261741 0.0919481289415672 0.278152130271368 0.233936244130341 0.284416145156925 0.16559083071859 0.205204992258127 0.113926798802364 0.105676694075286 -9999 -9999 -9999 -9999 -9999 -9999 -9999 -9999 -9999 -9999 -9999 -9999 -9999 -9999 -9999 -9999 0.105478451054022 0.113893128415471 0.0883638008949014 0.110295884575076 0.168470767132219 0.168027470986622
-9999 -9999 -9999 -9999 0.0790003607972329 0.166773109972884 0.0868938964877998 0.109584278077378 0.0925621691673907 0.0791991427303789 0.0699474548885283 0.192791164418881 0.0785350668179146 0.392977675270629 0.13591439820785 0.142283172316939 0.178266800611292 0.0678223280512998 0.0598187524132241 0.0839773017125303 0.105448550583016 0.0693154041656865 0.105381613142528 0.0685228924530085 0.100678789130882 0.163111484556664 0.0775444059297788 0.0661125991418842 -9999 -9999 -9999 -9999 -9999 -9999 -9999 -9999 -9999 -9999 -9999 -9999 -9999 -9999 -9999 -9999 0.0697304573572909 0.104884995892734 0.106987684982804 0.197259681368958 0.278632138709802
-9999 -9999 -9999 0.0609738805310361 0.360170453786162 0.0772499613676311 0.0673631805636365 0.0559301637969294 0.0843309278553078 0.0858986241099398 0.0875287811962973 0.132573655648731 0.156686029023743 0.16855541217676 0.107646997353098 0.113269228748765 0.107412205385816 0.116149853172031 0.0576956363193934 0.0799300231582453 0.0700809600829491 0.0893074993086607 0.0647418681788144 0.0756665499786961 0.0852913198020409 0.11897820331149 0.0572276771886742 -9999 -9999 -9999 -9999 -9999 -9999 -9999 -9999 -9999 -9999 -9999 -9999 -9999 -9999 -9999 -9999 -9999 -9999 -9999 0.185175523141312 0.0961921888157867 0.0840341286802841
-9999 -9999 -9999 -9999 0.128104405822636 0.0919266534011036 0.0607430164100275 0.0758843265662455 0.0736292474931665 0.0738887182898533 0.0724821650943218 0.079322558227022 0.0697115876169782 0.107573413940039 0.110659042003517 0.107340488114645 0.107048536462962 0.105861698453486 0.114720035515781 0.0653211367361944 0.0824261991127865 0.0767290584133887 0.0652247785746869 0.0649166006722854 0.0870868505798735 -9999 -9999 -9999 -9999 -9999 -9999 -9999 -9999 -9999 -9999 -9999 -9999 -9999 -9999 -9999 -9999 -9999 -9999 -9999 -9999 -9999 -9999 -9999 0.0855141752871613
-9999 -9999 -9999 -9999 0.0518534476388164 0.0527936773464149 0.0756222985176661 0.0741469166863688 0.0887936486620311 0.0990082491175526 0.118972828319528 0.187690608417519 0.316201242356533 0.371883870316543 0.0740796360765373 0.0703455813988639 0.11785662386053 0.107327807677267 0.108585535951931 0.106299304456451 0.0986993068479995 0.0642873406269699 0.0555226819241091 -9999 -9999 -9999 -9999 -9999 -9999 -9999 -9999 -9999 -9999 -9999 -9999 -9999 -9999 0.0662655265370027 0.0874217642680769 0.114847160394717 -9999 -9999 -9999 -9999 -9999 -9999 -9999 -9999 -9999
-9999 -9999 -9999 0.0517318427438327 0.0683499671153744 0.0386745881853206 0.0716784209746474 0.0776289388247927 0.0741767968837684 0.137075630852091 0.139029305477169 0.0925576517718197 0.068499478405632 0.121838758019187 0.0611226222695195 0.070072488430027 0.118458454149983 0.0836682193355306 0.108873220029062 0.10986234731649 0.0721444853066109 0.0679916222005177 -9999 -9999 -9999 -9999 -9999 -9999 -9999 -9999 -9999 -9999 -9999 -9999 -9999 -9999 -9999 -9999 0.0959764860438648 0.104646662752597 -9999 -9999 -9999 -9999 -9999 -9999 -9999 -9999 -9999
