BRT_projection_files/BRT_SCV2/B_alpinus_1_projection.asc
NCOLS 79 
NROWS 71 
XLLCORNER -10.5 
YLLCORNER 36 
CELLSIZE 0.5 
NODATA_value -9999 
[rows 42 to 62 of 71, columns 0 to 47 of 79]
-9999 -9999 -9999 -9999 -9999 -9999 -9999 -9999 -9999 -9999 0.0230196414861015 -9999 -9999 0.0230210863238397 -9999 -9999 -9999 -9999 -9999 -9999 -9999 -9999 -9999 -9999 0.0230152397433296 0.0230152397433296 0.0230037064101338 0.0230037064101338 0.0230995485202818 0.0230604116702444 0.0230152397433296 0.0230459314058654 0.026388833814819 0.0268420289967317 0.0268152778579458 0.0230037064101338 0.0230037064101338 0.0230037064101338 0.0230037064101338 0.0251835117641153 0.0230152397433296 0.0230037064101338 0.0230155424417822 0.0230152397433296 0.0230152397433296 0.0230037064101338 0.0230152397433296 0.0230037064101338
-9999 -9999 -9999 -9999 -9999 -9999 -9999 -9999 -9999 -9999 -9999 -9999 -9999 -9999 -9999 -9999 -9999 -9999 -9999 -9999 -9999 -9999 0.0230196414861015 0.0230415203239725 0.0230180834571993 0.0230037064101338 0.0230037064101338 0.0230037064101338 0.0230037064101338 0.0230415203239725 0.0257211861607607 0.0230873026316683 0.025188327357182 0.0230564821897573 0.0251701772858462 0.0230062446911305 0.0230155424417822 0.0230037064101338 0.0230131135134805 0.0230037064101338 0.0230037064101338 0.0230037064101338 0.0230037064101338 0.0230037064101338 0.0230037064101338 0.0230037064101338 0.0230912789119109 0.0230037064101338
-9999 -9999 -9999 -9999 -9999 -9999 -9999 -9999 -9999 -9999 -9999 -9999 -9999 -9999 -9999 -9999 -9999 -9999 0.023039384195674 0.0230155424417822 0.0230037064101338 0.0230415203239725 0.0230062446911305 0.0230037064101338 0.0230037064101338 0.0230037064101338 0.0230037064101338 0.0230037064101338 0.0230037064101338 0.0230037064101338 0.0230551208297359 0.0231111396264513 0.0230538067061849 0.0252154420613413 0.0230152397433296 0.0230152397433296 0.0230152397433296 0.0230037064101338 0.0230037064101338 0.0230062446911305 0.0230325053205796 0.0230299552217128 0.0230299552217128 0.0230037064101338 0.0230155424417822 0.0230037064101338 0.0230415203239725 0.0230196414861015
-9999 -9999 -9999 -9999 -9999 -9999 -9999 -9999 -9999 -9999 -9999 -9999 -9999 -9999 0.0230037064101338 -9999 -9999 -9999 0.0230459314058654 0.0230459314058654 0.0230299552217128 0.0230299552217128 0.0230037064101338 0.0230037064101338 0.0230037064101338 0.0230037064101338 0.0230037064101338 0.0230037064101338 0.0230037064101338 0.0230037064101338 0.0230152397433296 0.0230794610265283 0.0231106287810525 0.0230037064101338 0.0230270832954269 0.0230196414861015 0.0230037064101338 0.0230210863238397 0.0230152397433296 0.0230037064101338 0.0230196414861015 0.0230270832954269 0.0230249432109382 0.0230155424417822 0.0230037064101338 0.0230037064101338 0.0230155424417822 0.0231276115053125
-9999 -9999 -9999 -9999 -9999 -9999 -9999 -9999 -9999 -9999 -9999 -9999 0.0230152397433296 0.0230450542044462 0.0230364997969916 0.0230037064101338 0.0230037064101338 0.0230037064101338 0.0230196414861015 0.0230196414861015 0.0230270832954269 0.0230155424417822 0.0230155424417822 0.0230037064101338 0.0230037064101338 0.0230037064101338 0.0230037064101338 0.0230037064101338 0.0230037064101338 0.0230037064101338 0.0230152397433296 0.0231028564275143 0.0257437633693991 0.0230196414861015 0.0230210863238397 0.0230210863238397 0.0230062446911305 0.025192152162671 0.0244680515218429 0.0230037064101338 0.0230299552217128 0.0230325053205796 0.023039384195674 0.0230062446911305 0.0230152397433296 0.0230415203239725 0.0230459314058654 0.0230423627872004
-9999 -9999 -9999 -9999 -9999 -9999 -9999 -9999 -9999 -9999 -9999 -9999 -9999 -9999 0.0230196414861015 0.0230037064101338 0.0230155424417822 0.0230155424417822 0.0230270832954269 0.0230037064101338 0.0230155424417822 0.0230155424417822 0.0230155424417822 0.0230037064101338 0.0230037064101338 0.0230037064101338 0.0230037064101338 0.0230037064101338 0.0230037064101338 0.0230062446911305 0.0230152397433296 0.0231007907843919 0.0231004551647905 0.0251899189730284 0.0251679846307373 0.0251856672362205 0.0230210863238397 0.0257348936390945 0.0230774467831317 0.0230364997969916 0.0230473833743324 0.0230473833743324 0.0230912976998218 0.0263421403331184 0.0266242368714096 0.0268343721016995 0.0304040130230705 0.0303604129574279
-9999 -9999 -9999 -9999 -9999 -9999 -9999 -9999 -9999 -9999 -9999 -9999 -9999 -9999 -9999 -9999 -9999 0.0230299552217128 0.0230180834571993 0.0230155424417822 0.0230037064101338 0.0230037064101338 0.0230037064101338 0.0230037064101338 0.0230037064101338 0.0230037064101338 0.0230037064101338 0.0230062446911305 0.0230196414861015 0.0230196414861015 0.0230131135134805 0.0231111396264513 0.0251849966640863 0.0251863190877453 0.0251863190877453 0.0230853153504464 0.0230701998052743 0.0230210863238397 0.0230685310127123 0.0232424976523027 0.0303444784619114 0.493901700472409 0.470710987408397 0.471956613105764 0.287867321078649 0.35973779967356 0.50026245236572 0.556062940442214
-9999 -9999 -9999 -9999 -9999 -9999 -9999 -9999 -9999 -9999 -9999 -9999 -9999 -9999 -9999 -9999 -9999 0.0230152397433296 0.0230152397433296 0.0230131135134805 0.0230037064101338 0.0230037064101338 0.0230037064101338 0.0230155424417822 0.0230037064101338 0.0230155424417822 0.0230155424417822 0.0230155424417822 0.0230415203239725 0.0263361097771698 0.0230180834571993 0.0230409108788845 0.0251863190877453 0.0251848088671816 0.0230210863238397 0.0230329418998444 0.0260631299848891 0.4458056342888 0.443884251196398 0.443758288384195 0.344055486778553 0.63049657101328 0.606645914714204 0.482304989003568 0.449893335750002 0.527747399522853 0.555006921456777 0.5586978318453
-9999 -9999 -9999 -9999 -9999 -9999 -9999 -9999 -9999 -9999 -9999 -9999 -9999 -9999 -9999 -9999 -9999 -9999 -9999 0.0230131135134805 0.0230152397433296 0.0230062446911305 0.0230155424417822 0.0230415203239725 0.0230314922742587 0.0230415203239725 0.0230325053205796 0.0230155424417822 0.0230415203239725 0.0230415203239725 0.0230152397433296 0.0230210863238397 0.0251679846307373 0.0251818755587767 0.025187256313466 0.366256530200387 0.50978180776379 0.5559518581783 0.294884016918836 0.416224198452971 0.403962569996463 0.411416666588327 0.3731592234652 0.160206387621524 0.284032100051348 0.3041362361431 0.025187256313466 0.0254018773405122
-9999 -9999 -9999 -9999 -9999 -9999 -9999 -9999 -9999 -9999 -9999 -9999 -9999 -9999 -9999 -9999 -9999 -9999 -9999 0.0230152397433296 0.0230152397433296 0.0230152397433296 0.0230314922742587 0.0230210863238397 0.0251679846307373 0.0230210863238397 0.0230210863238397 0.0230037064101338 0.0230152397433296 0.0231115971322789 0.025178130641816 0.0230210863238397 0.0251863190877453 0.025220144992348 0.540867739863887 0.540563308673899 0.534124460233064 0.0251863190877453 0.0251863190877453 0.0251863190877453 0.025187256313466 0.0251899189730284 0.025187256313466 0.0251889817473077 0.0231169972386007 0.0230210863238397 0.0230210863238397 -9999
-9999 -9999 -9999 -9999 -9999 -9999 -9999 -9999 -9999 -9999 -9999 -9999 -9999 -9999 -9999 -9999 -9999 -9999 -9999 0.0230152397433296 0.0230270832954269 0.0230152397433296 0.0230152397433296 0.0262558207403955 0.0251679846307373 0.0251679846307373 0.0263160141880276 0.0230155424417822 0.0251812174650331 0.0251825754349479 0.0251812521147355 0.0230210863238397 0.0251679846307373 0.359312174688157 0.442866176383423 0.187022658352312 0.0230698548951098 0.0230062446911305 0.0230152397433296 0.0230152397433296 0.0230152397433296 0.0230131135134805 0.0230037064101338 0.0230152397433296 0.0230152397433296 -9999 -9999 -9999
-9999 -9999 -9999 -9999 -9999 -9999 -9999 -9999 -9999 -9999 -9999 -9999 -9999 -9999 -9999 -9999 -9999 -9999 -9999 0.0230196414861015 0.0230415203239725 0.0230155424417822 0.0230037064101338 0.0230037064101338 0.0230459314058654 0.0257348936390945 0.0251845382183391 0.0267742971593019 0.025772849574343 0.0251813285536827 0.0251899189730284 0.0251828422389886 0.0251679846307373 0.203331292301779 0.55577541045809 0.0268327589431188 0.0230037064101338 0.0230037064101338 0.0231028564275143 0.0251863190877453 0.0252317057245243 0.0230196414861015 0.0230152397433296 0.0230037064101338 0.0230037064101338 0.0230037064101338 -9999 -9999
-9999 -9999 -9999 -9999 -9999 -9999 -9999 -9999 -9999 -9999 -9999 -9999 -9999 -9999 -9999 -9999 -9999 -9999 0.0230558182046533 0.0230196414861015 0.0230152397433296 0.0230037064101338 0.0230155424417822 0.0230155424417822 0.0230415203239725 0.0230299378677388 0.0230473833743324 0.0251899189730284 0.025502412040158 0.0251863190877453 0.0251656534497656 0.0251835117641153 0.0251825754349479 0.0251857469097686 0.027110226238759 0.0265477218837475 0.0230152397433296 0.0252513671779544 -9999 -9999 0.0252510265959067 0.0230635862013389 0.0230210863238397 0.0230210863238397 0.0230152397433296 0.0230037064101338 -9999 -9999
-9999 -9999 -9999 -9999 -9999 -9999 -9999 -9999 -9999 -9999 -9999 -9999 -9999 -9999 -9999 -9999 -9999 -9999 0.0251863190877453 0.0252400839352975 0.0230270832954269 0.0230037064101338 0.0230037064101338 0.0230037064101338 0.0230037064101338 0.0230196414861015 0.0251899189730284 0.0251899189730284 0.0251863190877453 0.0230152397433296 0.0230037064101338 0.025168374672772 0.0251799177346176 0.0251615855904629 0.0252193914840866 0.0253487827804743 -9999 -9999 -9999 -9999 -9999 -9999 0.0230858275326973 0.0230196414861015 0.0230152397433296 0.0230062446911305 0.0230152397433296 -9999
-9999 -9999 -9999 0.0252344923744579 0.0252251525414962 0.0251651605003031 0.0251651605003031 0.0252409395723659 0.0231004033620738 0.0230774805229891 0.0230717723480647 0.0231130557604764 0.0231072242569652 0.0230635862013389 0.0230572654672805 0.0253503096120789 0.0253105631881755 0.0252894421791409 0.0251848323497885 0.0251899189730284 0.0230210863238397 0.0230196414861015 0.0230270832954269 0.0230270832954269 0.0230270832954269 0.0230196414861015 0.0230062446911305 0.0230037064101338 -9999 -9999 -9999 -9999 0.0230582679772024 0.0230577235961594 -9999 -9999 -9999 -9999 -9999 -9999 -9999 -9999 0.0230152397433296 0.0230037064101338 0.0230037064101338 0.0230704457672648 0.0230196414861015 0.0230037064101338
-9999 -9999 -9999 0.0252024157730545 0.0251651605003031 0.0251797456640788 0.0251462939781166 0.025198807908577 0.0251893221050233 0.0251673475149771 0.0251770879637485 0.0251828374653513 0.0254203649200462 0.0251679665747322 0.0254203649200462 0.0251601687755751 0.0251844265425969 0.0252356537189493 0.0251834893168761 0.0251651605003031 0.0230210863238397 0.0987771963129285 0.0230210863238397 0.0230385202035981 0.0230443150899073 0.0230514084224336 0.0230037064101338 -9999 -9999 -9999 -9999 -9999 -9999 -9999 -9999 -9999 -9999 -9999 -9999 -9999 -9999 -9999 -9999 0.0230037064101338 0.0230037064101338 0.0230152397433296 0.0230152397433296 0.0230152397433296
-9999 -9999 -9999 -9999 0.0252241798341931 0.0251587614600287 0.0252089044550905 0.0252052182630099 0.0251462939781166 0.0230037064101338 0.0230037064101338 0.0230037064101338 0.0230037064101338 0.0230037064101338 0.0230037064101338 0.0230037064101338 0.0251628264759054 0.0230037064101338 0.0230678973185346 0.0252099423794234 0.0252099423794234 0.0251655449019029 0.0251761308417932 0.0251462939781166 0.0251462939781166 0.0230196414861015 0.0230152397433296 0.0230037064101338 -9999 -9999 -9999 -9999 -9999 -9999 -9999 -9999 -9999 -9999 -9999 -9999 -9999 -9999 -9999 -9999 0.0230152397433296 0.0230210863238397 0.0230196414861015 0.0262559050340563
-9999 -9999 -9999 0.0251844265425969 0.0251651605003031 0.0251651605003031 0.0251770879637485 0.0251770879637485 0.0230037064101338 0.0230205646062321 0.0230151377053239 0.0230175220937602 0.0230037064101338 0.0230037064101338 0.0230037064101338 0.0230037064101338 0.0230037064101338 0.0230037064101338 0.0230151377053239 0.0230151377053239 0.0230175220937602 0.0230175220937602 0.0230037064101338 0.0230155424417822 0.0251646085727355 0.0251462939781166 0.0230037064101338 -9999 -9999 -9999 -9999 -9999 -9999 -9999 -9999 -9999 -9999 -9999 -9999 -9999 -9999 -9999 -9999 -9999 -9999 -9999 0.0230210863238397 0.0246601512677457
-9999 -9999 -9999 -9999 0.0251651605003031 0.0251651605003031 0.0230037064101338 0.0230037064101338 0.0230299552217128 0.023026975843807 0.0230151377053239 0.0230151377053239 0.0230037064101338 0.0230037064101338 0.0230037064101338 0.0230037064101338 0.0230037064101338 0.0230205646062321 0.0230151377053239 0.0230151377053239 0.0230151377053239 0.0230151377053239 0.0230037064101338 0.0230037064101338 0.0230037064101338 -9999 -9999 -9999 -9999 -9999 -9999 -9999 -9999 -9999 -9999 -9999 -9999 -9999 -9999 -9999 -9999 -9999 -9999 -9999 -9999 -9999 -9999 -9999
-9999 -9999 -9999 -9999 0.0251651605003031 0.0251651605003031 0.0230062446911305 0.0230037064101338 0.0230299552217128 0.0230155424417822 0.0230155424417822 0.0230155424417822 0.0230037064101338 0.0230037064101338 0.0230037064101338 0.0230037064101338 0.0230037064101338 0.0230037064101338 0.0230037064101338 0.0230037064101338 0.0230037064101338 0.0230037064101338 0.0230037064101338 -9999 -9999 -9999 -9999 -9999 -9999 -9999 -9999 -9999 -9999 -9999 -9999 -9999 -9999 0.0230037064101338 0.0230037064101338 0.0230152397433296 -9999 -9999 -9999 -9999 -9999 -9999 -9999 -9999
-9999 -9999 -9999 0.0251805806129805 0.0251651605003031 0.0230342002006852 0.0230210863238397 0.0230196414861015 0.0230210863238397 0.0230314922742587 0.0230210863238397 0.0230152397433296 0.0230037064101338 0.0230205646062321 0.0230205646062321 0.0230037064101338 0.0230037064101338 0.0230037064101338 0.0230151377053239 0.0230037064101338 0.0230037064101338 0.0230037064101338 -9999 -9999 -9999 -9999 -9999 -9999 -9999 -9999 -9999 -9999 -9999 -9999 -9999 -9999 -9999 -9999 0.0230270832954269 0.0230196414861015 -9999 -9999 -9999 -9999 -9999 -9999 -9999 -9999
