BRT_projection_files/BRT_SCV2/B_campestris_2_projection.asc
NCOLS 79 
NROWS 71 
XLLCORNER -10.5 
YLLCORNER 36 
CELLSIZE 0.5 
NODATA_value -9999 
[rows 44 to 65 of 71, columns 0 to 48 of 79]
-9999 -9999 -9999 -9999 -9999 -9999 -9999 -9999 -9999 -9999 -9999 -9999 -9999 -9999 -9999 -9999 -9999 -9999 0.270060034546514 0.265266476179147 0.265235993890575 0.271178273249328 0.271826698702434 0.265483017307058 0.265066480137824 0.265232038019569 0.265230100094457 0.265066480137824 0.312505692757437 0.408291212324553 0.392922577228103 0.428651328076065 0.425866066033519 0.537842213200112 0.522279088174088 0.511084172129201 0.455153145492401 0.292983841847905 0.522206336349149 0.51099208904874 0.514519091067501 0.493426308175153 0.517666602694166 0.505245097562902 0.441349815747939 0.50175707746554 0.448393612352144 0.454219934054596 0.440749662130278
-9999 -9999 -9999 -9999 -9999 -9999 -9999 -9999 -9999 -9999 -9999 -9999 -9999 -9999 0.265787411140574 -9999 -9999 -9999 0.27089142020797 0.443248345151723 0.443068128055655 0.436242160818697 0.404484470535567 0.265129104244345 0.265293691119781 0.265207954958911 0.26525968492298 0.265066480137824 0.269714666191854 0.290145723171229 0.367133718891446 0.429017182705725 0.434732913446021 0.530283146749546 0.442861250377122 0.472970366037499 0.265379380975167 0.451785470941353 0.492358039472347 0.521610413053027 0.491670204709889 0.502788764073038 0.482370932565599 0.516829682277246 0.511338341967219 0.516382676431544 0.515930756206748 0.51674143559227 0.42388055064432
-9999 -9999 -9999 -9999 -9999 -9999 -9999 -9999 -9999 -9999 -9999 -9999 0.269197461136837 0.335802991739874 0.268682928254949 0.26584837971999 0.265390590922506 0.265421740120479 0.270802691577388 0.270793279972221 0.368498181793686 0.265319579830841 0.357303047371549 0.289053188639815 0.26480318846007 0.265066480137824 0.265230100094457 0.265066480137824 0.264734437410484 0.265066480137824 0.387461236116134 0.435479144011089 0.437091858883378 0.441653926469403 0.409541547681834 0.439588561999076 0.414645228965004 0.525654385357327 0.518641371696321 0.499202400095175 0.51743515304768 0.515439036679584 0.516356865674751 0.523529418613877 0.521773445426295 0.45103550775531 0.520916938235038 0.520816862722864 0.504399622177911
-9999 -9999 -9999 -9999 -9999 -9999 -9999 -9999 -9999 -9999 -9999 -9999 -9999 -9999 0.269190313027014 0.265563123431052 0.265424154767088 0.265207256299984 0.271643308830873 0.265390590922506 0.26514889956902 0.265245647037943 0.26472339163581 0.265066480137824 0.265210801977612 0.264889406107847 0.265066480137824 0.264734437410484 0.265066480137824 0.40564015799168 0.427968936186797 0.428978679622008 0.438765041951922 0.456526711901109 0.526730890293372 0.527285030301091 0.506293814381552 0.517479267758243 0.521193725594468 0.519477422160947 0.523290498662628 0.522685902641296 0.508552903601158 0.512290738171988 0.500307949129092 0.519783298670095 0.519390319578272 0.522969457177812 0.459799159343977
-9999 -9999 -9999 -9999 -9999 -9999 -9999 -9999 -9999 -9999 -9999 -9999 -9999 -9999 -9999 -9999 -9999 0.272162770272952 0.271912714977314 0.265285573634041 0.265238811067884 0.265066480137824 0.265253122018051 0.26472339163581 0.264734437410484 0.265217633105361 0.264941988344525 0.264969844102721 0.402859019596772 0.43409636762459 0.441082251534886 0.27011002972224 0.410730206302947 0.460377440549989 0.518337742839167 0.520348851624914 0.535223799434107 0.532276742420096 0.532222453502653 0.517299865523652 0.52564062418901 0.317657425031029 0.294022499505255 0.488495603312735 0.456669704364714 0.447059225579842 0.293048329814856 0.42431544812101 0.425340602155523
-9999 -9999 -9999 -9999 -9999 -9999 -9999 -9999 -9999 -9999 -9999 -9999 -9999 -9999 -9999 -9999 -9999 0.271782960052759 0.271687936564204 0.266000736535383 0.264828018916718 0.265205771289981 0.26480318846007 0.264899258174296 0.26577762971452 0.264899258174296 0.264719763734562 0.265128592078961 0.270971487792082 0.458149877510604 0.265338375310641 0.270591856059785 0.454131874808574 0.460864388403099 0.524159533760026 0.523593818840192 0.522509780636863 0.421949663589349 0.294751166941479 0.289795778936624 0.288553115857626 0.28901317758679 0.289248326361443 0.319378140439788 0.290216943680228 0.288178253683107 0.321667617020949 0.421949796606912 0.455611188575026
-9999 -9999 -9999 -9999 -9999 -9999 -9999 -9999 -9999 -9999 -9999 -9999 -9999 -9999 -9999 -9999 -9999 -9999 -9999 0.265283291559845 0.271533804463832 0.2655303215256 0.271404553920221 0.27059120734094 0.404130949393921 0.439012923612326 0.44630910586454 0.36722255858259 0.40416888048161 0.456600457000633 0.404728234833401 0.270635023939282 0.461825572329321 0.52635780506493 0.516203178402705 0.292905646302906 0.291305082185765 0.354351582534966 0.459241979864091 0.428307137661449 0.293797515619627 0.289444340755181 0.288927726276394 0.514105364902081 0.289474833467219 0.425650295964989 0.459375217370156 0.514500192337911 0.46323115974637
-9999 -9999 -9999 -9999 -9999 -9999 -9999 -9999 -9999 -9999 -9999 -9999 -9999 -9999 -9999 -9999 -9999 -9999 -9999 0.271495672905208 0.26577762971452 0.271577543113507 0.270287356421735 0.270792380341882 0.463119802545316 0.417518146045133 0.441810269886228 0.465798391063075 0.401410674757334 0.527520651681751 0.265482576099147 0.270777883111437 0.534607482036696 0.515335111377525 0.425043042230529 0.291007233279984 0.4359579682882 0.527951582831157 0.268997586425334 0.26913213108168 0.543415863244165 0.526322695650018 0.469709681873339 0.516504661326492 0.542524073772218 0.269143963405664 0.269059193693298 -9999 0.269128081582153
-9999 -9999 -9999 -9999 -9999 -9999 -9999 -9999 -9999 -9999 -9999 -9999 -9999 -9999 -9999 -9999 -9999 -9999 -9999 0.271254751465272 0.271228469248433 0.265975602699218 0.271618755437401 0.269390514403638 0.268672685260839 0.455385726168116 0.45180889587945 0.444004161989095 0.449518110322771 0.517047727998117 0.270013150829717 0.270666104672742 0.538648862114916 0.447371371770172 0.349582381604544 0.454874825993201 0.265231572522298 0.265432745226305 0.267478828769647 0.265289226004839 0.269883079161191 0.265391007935266 0.265232038019569 0.265232038019569 0.26525968492298 -9999 -9999 -9999 0.26901995719504
-9999 -9999 -9999 -9999 -9999 -9999 -9999 -9999 -9999 -9999 -9999 -9999 -9999 -9999 -9999 -9999 -9999 -9999 -9999 0.271555526914349 0.265372559904811 0.265075405466632 0.264744165396863 0.265050137573196 0.271322847799653 0.448798967364894 0.439865727099472 0.45044406012035 0.450419885079649 0.452901559218532 0.269049464120928 0.447420025490833 0.451794000326351 0.450645237558156 0.421648561711355 0.497375621644042 0.26517603641592 0.26524695752701 0.270075750975194 0.448788161716643 0.269106310514991 0.266458852140545 0.265203683319331 0.26517603641592 0.265174098490808 0.264773600366396 -9999 -9999 -9999
-9999 -9999 -9999 -9999 -9999 -9999 -9999 -9999 -9999 -9999 -9999 -9999 -9999 -9999 -9999 -9999 -9999 -9999 0.271377846653889 0.271246096929161 0.271153361819002 0.264686169809483 0.265029210673438 0.265029210673438 0.264829108935557 0.265803700030052 0.442484680292317 0.45570437410102 0.46727470298212 0.268938420609369 0.265799900857311 0.405630281776347 0.444552382733003 0.448150911499668 0.44659069445482 0.449582703439139 0.419669949363747 0.269882142994475 -9999 -9999 0.268961304004436 0.421252986249139 0.41679731528968 0.46574721891974 0.265230100094457 0.26517603641592 -9999 -9999 -9999
-9999 -9999 -9999 -9999 -9999 -9999 -9999 -9999 -9999 -9999 -9999 -9999 -9999 -9999 -9999 -9999 -9999 -9999 0.268911565840313 0.268649828167026 0.271381361995089 0.264682522329735 0.264697196005657 0.26527027613906 0.265091779310393 0.270723497731408 0.268593157077955 0.268638869927491 0.268936745462758 0.265134191142185 0.265136129067297 0.265147934931344 0.265232585652214 0.269518779718792 0.268987813708837 0.2691227213758 -9999 -9999 -9999 -9999 -9999 -9999 0.270048805205255 0.267601517074624 0.418992618568464 0.439377108992424 0.265230100094457 -9999 -9999
-9999 -9999 -9999 0.268802263968868 0.268936745462758 0.268938420609369 0.268669910888781 0.375619029618791 0.440434187272622 0.512958222593484 0.460835367965286 0.487412423490766 0.27110869086956 0.270942156956052 0.27103671100679 0.26905414368704 0.26911671328016 0.26896999371542 0.268783194224733 0.269049010321796 0.270983560194497 0.270689027704719 0.271406366178396 0.265029210673438 0.265254648677914 0.271560104139033 0.265229159854002 0.265145997006232 -9999 -9999 -9999 -9999 0.265329389696903 0.271562042337668 -9999 -9999 -9999 -9999 -9999 -9999 -9999 -9999 0.265054771085896 0.265054771085896 0.265341400694492 0.265327603113133 0.265308931472787 0.265230100094457 0.265088046466907
-9999 -9999 -9999 0.268934785915784 0.268706775049582 0.268830453694897 0.269590001758121 0.449738043865866 0.450420548974698 0.462094488911256 0.444509801803871 0.42621016223091 0.436066031249814 0.430817861001747 0.435793958177028 0.405100079713559 0.440146588561656 0.26544198532913 0.268598491621471 0.450981028994704 0.452252953859001 0.444953916174103 0.448612958086654 0.451003463129484 0.412084965687404 0.364067781563779 0.265112825558433 -9999 -9999 -9999 -9999 -9999 -9999 -9999 -9999 -9999 -9999 -9999 -9999 -9999 -9999 -9999 -9999 0.26498681714671 0.264928608192617 0.265245980270578 0.265190164557038 0.41121232941348 0.265232038019569
-9999 -9999 -9999 -9999 0.268706775049582 0.269082968997957 0.440302274943109 0.448036766884019 0.444560206284424 0.264914834837417 0.264745336276331 0.26472339163581 0.264743371883558 0.265198550336802 0.431693166059759 0.441121600291355 0.265116896843471 0.265118553685166 0.264679882481329 0.264767436484428 0.264735893940235 0.264767436484428 0.39849319156867 0.448945201652533 0.445111533877387 0.454677314651375 0.264835850388001 0.264817934127466 -9999 -9999 -9999 -9999 -9999 -9999 -9999 -9999 -9999 -9999 -9999 -9999 -9999 -9999 -9999 -9999 0.271748788468583 0.270810305203144 0.265371716424096 0.450637966752686 0.447730689002417
-9999 -9999 -9999 0.269069345617448 0.268991562333515 0.378656556789351 0.269431447534284 0.269510742559565 0.264762145259128 0.264767938479467 0.264711834710243 0.265287286801119 0.264711834710243 0.264719763734562 0.264762145259128 0.264855325625387 0.264711834710243 0.264762145259128 0.265011303797322 0.265158093619599 0.26467459275202 0.264682522329735 0.265279011895259 0.264778587629645 0.265196588457489 0.265151964271369 0.265124345364697 -9999 -9999 -9999 -9999 -9999 -9999 -9999 -9999 -9999 -9999 -9999 -9999 -9999 -9999 -9999 -9999 -9999 -9999 -9999 0.271673770964242 0.269160791099622 0.269808004994878
-9999 -9999 -9999 -9999 0.26896472214513 0.269029840833184 0.264833459005503 0.264806772376035 0.264795674204563 0.264745336276331 0.264743371883558 0.264734437410484 0.264743371883558 0.264762145259128 0.427910481033723 0.264762145259128 0.264688566709528 0.264762145259128 0.264769784702422 0.26470611930633 0.264765545041973 0.264724872821143 0.264701271665082 0.265128057712648 0.265157642541171 -9999 -9999 -9999 -9999 -9999 -9999 -9999 -9999 -9999 -9999 -9999 -9999 -9999 -9999 -9999 -9999 -9999 -9999 -9999 -9999 -9999 -9999 -9999 0.271864211742328
-9999 -9999 -9999 -9999 0.268912861099009 0.268928357698651 0.264835850388001 0.264825526714267 0.264795674204563 0.265314338912696 0.264764123620271 0.264807308845155 0.292861870418888 0.265377856539205 0.265254161219135 0.264762145259128 0.247622596347003 0.417291583461245 0.394725094448575 0.396897072466777 0.264762145259128 0.264711906257653 0.265038790570435 -9999 -9999 -9999 -9999 -9999 -9999 -9999 -9999 -9999 -9999 -9999 -9999 -9999 -9999 0.264793610605261 0.265180315945157 0.27141487255242 -9999 -9999 -9999 -9999 -9999 -9999 -9999 -9999 -9999
-9999 -9999 -9999 0.26578303467197 0.269814918277808 0.271007608213496 0.271302450417165 0.271367805664344 0.270577483912789 0.270682150341729 0.270542315214405 0.271423889816954 0.265272189115242 0.265157642541171 0.265224686439328 0.26470611930633 0.264782753527494 0.354165053787632 0.398942747116712 0.427775368269572 0.264833459005503 0.264817934127466 -9999 -9999 -9999 -9999 -9999 -9999 -9999 -9999 -9999 -9999 -9999 -9999 -9999 -9999 -9999 -9999 0.264967841211328 0.26559860202208 -9999 -9999 -9999 -9999 -9999 -9999 -9999 -9999 -9999
-9999 -9999 -9999 0.265164792363897 0.265327632950233 0.264853785426425 0.264775234341378 0.26484501206053 0.264775234341378 0.265045947560063 0.264724872821143 0.264697196005657 0.264772874404 0.264697196005657 0.264682522329735 0.264710483129709 0.26470611930633 0.264714531419596 0.264730604210926 0.265151079636242 0.265157642541171 -9999 -9999 -9999 -9999 -9999 -9999 -9999 -9999 -9999 -9999 -9999 -9999 -9999 -9999 -9999 -9999 -9999 0.265029210673438 0.265536153321387 -9999 -9999 -9999 -9999 -9999 -9999 -9999 -9999 -9999
-9999 -9999 0.265169018929826 0.265296951188843 0.264940594584721 0.264758369017061 0.264734757822636 0.264724872821143 0.26514606944717 0.264734757822636 0.264791288937226 0.264679057132471 0.264724872821143 0.264697196005657 0.264748043947353 0.264682522329735 0.264682522329735 0.264748043947353 0.264693342388905 0.265151079636242 -9999 -9999 -9999 -9999 -9999 -9999 -9999 -9999 -9999 -9999 -9999 -9999 -9999 -9999 -9999 -9999 -9999 -9999 0.265036851452834 0.265128057712648 -9999 -9999 -9999 -9999 -9999 -9999 -9999 -9999 -9999
-9999 -9999 0.265175581834755 0.265169018929826 0.264726829043684 0.2648046228585 0.264730664310405 0.26516126104251 0.265118553685166 0.264749734832822 0.264747435639974 0.26470611930633 0.264730664310405 0.264806332854283 0.264730664310405 0.264739597652316 0.264745481089509 0.265011303797322 0.264686169809483 0.265141872353205 0.265156155694487 -9999 -9999 -9999 -9999 -9999 -9999 -9999 -9999 -9999 -9999 -9999 -9999 -9999 -9999 -9999 -9999 -9999 -9999 -9999 -9999 -9999 -9999 -9999 -9999 -9999 -9999 -9999 -9999
