BRT_projection_files/BRT_SCV2/B_campestris_1_projection.asc
NCOLS 79 
NROWS 71 
XLLCORNER -10.5 
YLLCORNER 36 
CELLSIZE 0.5 
NODATA_value -9999 
[rows 44 to 65 of 71, columns 0 to 48 of 79]
-9999 -9999 -9999 -9999 -9999 -9999 -9999 -9999 -9999 -9999 -9999 -9999 -9999 -9999 -9999 -9999 -9999 -9999 0.268447460209481 0.339516147021021 0.31985535563696 0.483048692810989 0.442452021499082 0.540260160316182 0.351881628724292 0.364146099746719 0.3361005632685 0.358591000571577 0.340143503063571 0.403125394968338 0.370796432435627 0.38734643568955 0.534575660586372 0.642660647204573 0.645977350886223 0.646008359681343 0.514153197253123 0.49532304718863 0.646084697684396 0.63846237689994 0.552591919546359 0.550211467483769 0.460522610874579 0.615047823582061 0.513896323548086 0.545431921251071 0.542539366674155 0.517109333823714 0.402861729302579
-9999 -9999 -9999 -9999 -9999 -9999 -9999 -9999 -9999 -9999 -9999 -9999 -9999 -9999 0.264646528769705 -9999 -9999 -9999 0.462642535359301 0.498569323229663 0.394223715701714 0.35981942718428 0.353502357429862 0.258660667172499 0.367797144007804 0.331292158533375 0.353502432475687 0.341126843751235 0.345248141080997 0.341375110605869 0.342001860482468 0.499208786375437 0.401911356176131 0.64107260488984 0.422277607004213 0.573936989791939 0.590307156750379 0.570364141609779 0.633872147610287 0.559402350464232 0.626254176561 0.600105801406819 0.477810855094204 0.504576617351068 0.460310605499416 0.556403091937571 0.578819635945799 0.597095515538632 0.516022172625902
-9999 -9999 -9999 -9999 -9999 -9999 -9999 -9999 -9999 -9999 -9999 -9999 0.485460905034837 0.448362705955311 0.353337317954743 0.429273361689976 0.265786233314017 0.336689990907096 0.479335485812604 0.472777375104107 0.445636771575855 0.440205043076134 0.306466882124828 0.246013390831521 0.243492192707886 0.223936375827545 0.245841257332677 0.251247285797413 0.334358759283979 0.352429895656163 0.332821887689804 0.391459328137089 0.429614879424096 0.581949309620906 0.515368010960034 0.511228234616151 0.637936778301716 0.581904692205496 0.638892450186042 0.594699307448855 0.604118460939194 0.637704158184545 0.643399268940115 0.647267867916184 0.666365516046208 0.553707870564979 0.603128171978879 0.601061504652835 0.588436400626146
-9999 -9999 -9999 -9999 -9999 -9999 -9999 -9999 -9999 -9999 -9999 -9999 -9999 -9999 0.362145801416584 0.32992012829415 0.259222782852339 0.23927695925776 0.266129883914635 0.261959031740781 0.253533396996392 0.329797661687831 0.270671394675014 0.276302588123904 0.282370473981071 0.255413049968377 0.259246852660682 0.252730558711354 0.350693074501281 0.340768129014755 0.372897650675534 0.376612097228462 0.44248832480865 0.525790317288574 0.522720811382094 0.611281712548716 0.617526442275032 0.598192525718195 0.640465778874035 0.607978327328082 0.617262427776728 0.59729560290695 0.589337277501299 0.586275503232 0.598123001930458 0.612273284285893 0.595938191550136 0.599286431255897 0.5532787712213
-9999 -9999 -9999 -9999 -9999 -9999 -9999 -9999 -9999 -9999 -9999 -9999 -9999 -9999 -9999 -9999 -9999 0.387144919778542 0.355593521748205 0.338857096219282 0.278137661966418 0.230609556152196 0.331011634933235 0.24815535262592 0.245773323311975 0.2689129597042 0.261855211542596 0.345355801169972 0.459855986895694 0.490762666741253 0.350968671096079 0.429501200637102 0.47748271882803 0.543280457818668 0.582567500011753 0.636250033012297 0.645243441034542 0.647534995649251 0.662784364435737 0.598810144211009 0.534664853988915 0.50720925203136 0.505004391636488 0.577805618067872 0.523741169634593 0.502825802537915 0.493768219171633 0.478640901053904 0.541736297545425
-9999 -9999 -9999 -9999 -9999 -9999 -9999 -9999 -9999 -9999 -9999 -9999 -9999 -9999 -9999 -9999 -9999 0.267317081526621 0.263799300265316 0.253701997097231 0.253849993916012 0.326834579457795 0.25137880293619 0.253296107165886 0.268549004241646 0.259535741977413 0.337051135697071 0.361614843102971 0.455004411336858 0.530308712899299 0.452854692498258 0.362093800464035 0.537779580689008 0.546876144070535 0.604163897555951 0.609611890211 0.599839854228182 0.525499900597358 0.48788781774786 0.486249067602461 0.493035673112844 0.334219026245807 0.307161958962637 0.395247085694573 0.340042713130899 0.431969356828981 0.482290848260542 0.536168461712077 0.552069604404503
-9999 -9999 -9999 -9999 -9999 -9999 -9999 -9999 -9999 -9999 -9999 -9999 -9999 -9999 -9999 -9999 -9999 -9999 -9999 0.263433012389583 0.333168173433642 0.254842093381774 0.25199134776859 0.449176536697196 0.463215193132931 0.389218223378065 0.409358069935636 0.483586234163651 0.359168518273643 0.579859348800454 0.46856689352882 0.466264368080013 0.534824290442724 0.616574633002176 0.581089451708323 0.497164441589606 0.476272083628484 0.45117748762418 0.551058144601848 0.476779059238759 0.416090414384076 0.426673074786085 0.422663387550643 0.571219855381229 0.439165972224588 0.501378176154606 0.536481073623816 0.491497569683408 0.365387684112846
-9999 -9999 -9999 -9999 -9999 -9999 -9999 -9999 -9999 -9999 -9999 -9999 -9999 -9999 -9999 -9999 -9999 -9999 -9999 0.319143231376577 0.259985311805994 0.329708335227034 0.345370889317562 0.487530748042485 0.487457652044971 0.466678433474208 0.494842089824049 0.628992063715055 0.482455097375082 0.585421537496816 0.568340087596612 0.385517141412421 0.589380463007209 0.46264963830202 0.477360314639927 0.304952254676503 0.313649040246516 0.613410543695213 0.352119394243858 0.351040958501048 0.667642988884514 0.639831275770593 0.58124752885841 0.632901219901246 0.577739640173563 0.3418334987551 0.223884647512265 -9999 0.378936176104967
-9999 -9999 -9999 -9999 -9999 -9999 -9999 -9999 -9999 -9999 -9999 -9999 -9999 -9999 -9999 -9999 -9999 -9999 -9999 0.341359087991238 0.327622304295492 0.257230716820373 0.262365865074592 0.345725011092119 0.478253488058844 0.489891081411476 0.532934190091297 0.391006185238313 0.415861175390727 0.607984469779293 0.486403350712674 0.473921063757451 0.535518588720589 0.460745626710654 0.331344501991826 0.490048591407226 0.41539625295597 0.274103597423148 0.274156286352461 0.278667546042092 0.289813061466329 0.271600274998941 0.281274843287898 0.280975570020618 0.291735553246996 -9999 -9999 -9999 0.288326366572202
-9999 -9999 -9999 -9999 -9999 -9999 -9999 -9999 -9999 -9999 -9999 -9999 -9999 -9999 -9999 -9999 -9999 -9999 -9999 0.325920039601852 0.342312788647928 0.270757513559297 0.256414400142585 0.250867485048809 0.348348991214463 0.494022413484783 0.508536383877938 0.492170528195832 0.519313434326475 0.537721696138537 0.376464365931198 0.515505264010148 0.521672155207899 0.407542483765698 0.365128496377939 0.549102046101481 0.259597465005757 0.274991796890623 0.304144261948806 0.477924749273202 0.462248438355871 0.334308494174885 0.319267142715708 0.217432080578609 0.204452844363607 0.17585233542447 -9999 -9999 -9999
-9999 -9999 -9999 -9999 -9999 -9999 -9999 -9999 -9999 -9999 -9999 -9999 -9999 -9999 -9999 -9999 -9999 -9999 0.260835143833746 0.339319856767061 0.305956108210572 0.256008078609343 0.327141097447387 0.266266467501017 0.250192950814203 0.344439546979185 0.520505700584661 0.514311903020345 0.458970131484979 0.379662751823557 0.288921614782616 0.397722537493538 0.497427747946904 0.462799056904669 0.455215061128522 0.478015639746317 0.403192425745336 0.268903893625229 -9999 -9999 0.280494350715284 0.463617926794862 0.531569969542826 0.581414543929895 0.294468487529419 0.251288784356903 -9999 -9999 -9999
-9999 -9999 -9999 -9999 -9999 -9999 -9999 -9999 -9999 -9999 -9999 -9999 -9999 -9999 -9999 -9999 -9999 -9999 0.333569090720527 0.337834450068194 0.335769604522866 0.244553925504637 0.22843301327625 0.375637633308218 0.314762774841037 0.349306697525516 0.481764196724614 0.38099729188381 0.305873383670297 0.266951085281606 0.256629809397784 0.267627097207251 0.271161891788365 0.357513400119313 0.349162810296871 0.304512107268852 -9999 -9999 -9999 -9999 -9999 -9999 0.266614268159636 0.351593754047088 0.368829562296718 0.414144916479867 0.307901663017968 -9999 -9999
-9999 -9999 -9999 0.272999529141444 0.295489230860109 0.320827945496807 0.316809341019388 0.311107906978416 0.419097239819171 0.509279917222468 0.439903133014312 0.404097897622994 0.309226047955406 0.351266500497945 0.30749790567335 0.309189781980734 0.26827472472423 0.31382718549616 0.315205614293249 0.37098762145812 0.36137800223758 0.348033409310381 0.284948087151043 0.25868800355352 0.266194999442532 0.351184897804323 0.259749772044138 0.22619646278367 -9999 -9999 -9999 -9999 0.226076178593393 0.291921843013706 -9999 -9999 -9999 -9999 -9999 -9999 -9999 -9999 0.309586143824829 0.245823533438349 0.275120077671875 0.329727358322955 0.470888765952851 0.302614937040083 0.191639438199413
-9999 -9999 -9999 0.223363693277288 0.31217379382547 0.320275113514519 0.222721954943757 0.330799730108933 0.336981309087346 0.383762593932827 0.365297382165262 0.366297892131036 0.259441939009976 0.252721262971294 0.241364220041945 0.278028671229082 0.367603144305476 0.303258855736243 0.354405336847079 0.351741442164236 0.512171330580323 0.509488018684593 0.496369578904612 0.458770707622034 0.50030852764428 0.426023755551669 0.269581317360847 -9999 -9999 -9999 -9999 -9999 -9999 -9999 -9999 -9999 -9999 -9999 -9999 -9999 -9999 -9999 -9999 0.23226914557864 0.235092052513986 0.23310412557047 0.334840025719998 0.383098626143336 0.321600959034012
-9999 -9999 -9999 -9999 0.312799624506319 0.289522281779029 0.325743426330272 0.356575772560678 0.236914671029134 0.194322153846486 0.194263499690211 0.203094484946703 0.196411373496235 0.258703595305041 0.368152833578286 0.368220664195474 0.22155512804337 0.193466332753557 0.185485674204955 0.182948125402851 0.228532455750144 0.206214749329373 0.250199126709726 0.236766054905318 0.239386903385084 0.465051317551834 0.308918597625092 0.189079395145527 -9999 -9999 -9999 -9999 -9999 -9999 -9999 -9999 -9999 -9999 -9999 -9999 -9999 -9999 -9999 -9999 0.300972087132121 0.268282610467801 0.237418442767944 0.517979135106663 0.418300665143726
-9999 -9999 -9999 0.211749122209941 0.27136334664761 0.325981406284076 0.203664819666159 0.196840477262093 0.19163700987945 0.202011379204115 0.196411373496235 0.254689670539886 0.211865199308595 0.214856559994636 0.206259090098537 0.207433401625199 0.217633120517379 0.201452554855247 0.200038511154496 0.214230096139824 0.196982532865673 0.200634121134734 0.204516324840504 0.200508814388973 0.27290097269783 0.225148189222356 0.228788819541578 -9999 -9999 -9999 -9999 -9999 -9999 -9999 -9999 -9999 -9999 -9999 -9999 -9999 -9999 -9999 -9999 -9999 -9999 -9999 0.258621050594746 0.278470296192364 0.311338831970417
-9999 -9999 -9999 -9999 0.236364281732043 0.262864198761736 0.209670694221553 0.204579126398269 0.192324753513911 0.192241928122426 0.195993930916358 0.198796016837746 0.188953877941817 0.20578137428543 0.212858821070101 0.201900594813194 0.212199227250935 0.212456333402128 0.201665501091109 0.198760831376207 0.197587285210263 0.189326575420232 0.186614538974903 0.198266924813808 0.203496301905261 -9999 -9999 -9999 -9999 -9999 -9999 -9999 -9999 -9999 -9999 -9999 -9999 -9999 -9999 -9999 -9999 -9999 -9999 -9999 -9999 -9999 -9999 -9999 0.284039714946641
-9999 -9999 -9999 -9999 0.201416778299028 0.225392483777595 0.247984910108299 0.21315004891064 0.241940805688215 0.229577918399036 0.203600112814758 0.215125107695973 0.417492664819626 0.436542638350257 0.224067945103492 0.191368731715701 0.296554565220118 0.219581747103331 0.223187116451581 0.215772212760095 0.188917646143541 0.184887681803318 0.189267907820459 -9999 -9999 -9999 -9999 -9999 -9999 -9999 -9999 -9999 -9999 -9999 -9999 -9999 -9999 0.190807989496443 0.265962849988664 0.315181911649741 -9999 -9999 -9999 -9999 -9999 -9999 -9999 -9999 -9999
-9999 -9999 -9999 0.226989290161716 0.188526747803711 0.280670222012024 0.309364043478953 0.33021190036593 0.341172394693639 0.442788552499461 0.447987265612724 0.247875959818089 0.189655078175665 0.205017817301818 0.200903978142638 0.194416076075303 0.225026160045293 0.254929857439906 0.21707819603567 0.216307875962646 0.185616237925481 0.182913704467982 -9999 -9999 -9999 -9999 -9999 -9999 -9999 -9999 -9999 -9999 -9999 -9999 -9999 -9999 -9999 -9999 0.237060619263723 0.337078304430232 -9999 -9999 -9999 -9999 -9999 -9999 -9999 -9999 -9999
-9999 -9999 -9999 0.237030063421353 0.286236074059989 0.217135355565364 0.219581582319474 0.187687771526587 0.223498846395018 0.237379086873895 0.226923184542152 0.18702467552994 0.195642426114309 0.193464879804123 0.193133517670879 0.204124453322087 0.195827665028809 0.187576835295786 0.185446463238575 0.186279723886608 0.2069765190154 -9999 -9999 -9999 -9999 -9999 -9999 -9999 -9999 -9999 -9999 -9999 -9999 -9999 -9999 -9999 -9999 -9999 0.247520886440282 0.30921707213376 -9999 -9999 -9999 -9999 -9999 -9999 -9999 -9999 -9999
-9999 -9999 0.207216699123415 0.239572320511938 0.220546912563183 0.236208606191564 0.232426907234049 0.183081872300821 0.190890251151787 0.190786882741781 0.204315391133392 0.195684215724058 0.186061812069507 0.193381213502309 0.196160738250722 0.193198135260025 0.193198135260025 0.200784655829224 0.185680647797164 0.196547007072552 -9999 -9999 -9999 -9999 -9999 -9999 -9999 -9999 -9999 -9999 -9999 -9999 -9999 -9999 -9999 -9999 -9999 -9999 0.214609005176893 0.214560221098826 -9999 -9999 -9999 -9999 -9999 -9999 -9999 -9999 -9999
-9999 -9999 0.201308099446532 0.199309001932959 0.188135124235382 0.21295645612853 0.194830092167072 0.207715607301877 0.199997100065105 0.188663410015844 0.185757895516259 0.185002153591122 0.190980558659434 0.194210952120426 0.195697821216423 0.192270987435959 0.186413105260865 0.20062224151026 0.194728335423371 0.204590314354186 0.207532969012732 -9999 -9999 -9999 -9999 -9999 -9999 -9999 -9999 -9999 -9999 -9999 -9999 -9999 -9999 -9999 -9999 -9999 -9999 -9999 -9999 -9999 -9999 -9999 -9999 -9999 -9999 -9999 -9999
