BRT_projection_files/BRT_SCV2/B_cingulatus_1_projection.asc
NCOLS 79 
NROWS 71 
XLLCORNER -10.5 
YLLCORNER 36 
CELLSIZE 0.5 
NODATA_value -9999 
[rows 42 to 62 of 71, columns 0 to 47 of 79]
-9999 -9999 -9999 -9999 -9999 -9999 -9999 -9999 -9999 -9999 0.0344699107993256 -9999 -9999 0.0344699107993256 -9999 -9999 -9999 -9999 -9999 -9999 -9999 -9999 -9999 -9999 0.0344699107993256 0.0344699107993256 0.0344699107993256 0.0344699107993256 0.0344699107993256 0.0344699107993256 0.0344699107993256 0.0344699107993256 0.0344699107993256 0.0344699107993256 0.0344699107993256 0.0344699107993256 0.0344699107993256 0.0344699107993256 0.0344699107993256 0.0344699107993256 0.0344699107993256 0.0344699107993256 0.0344699107993256 0.0344699107993256 0.0344699107993256 0.0344699107993256 0.0344699107993256 0.0344699107993256
-9999 -9999 -9999 -9999 -9999 -9999 -9999 -9999 -9999 -9999 -9999 -9999 -9999 -9999 -9999 -9999 -9999 -9999 -9999 -9999 -9999 -9999 0.0344699107993256 0.0344699107993256 0.0344699107993256 0.0344699107993256 0.0344699107993256 0.0344699107993256 0.0344699107993256 0.0344699107993256 0.0344699107993256 0.0344699107993256 0.0344699107993256 0.0344699107993256 0.0344699107993256 0.0344699107993256 0.0344699107993256 0.0344699107993256 0.0344699107993256 0.0344699107993256 0.0344699107993256 0.0344699107993256 0.0344699107993256 0.0344699107993256 0.0344699107993256 0.0344699107993256 0.0344699107993256 0.0344699107993256
-9999 -9999 -9999 -9999 -9999 -9999 -9999 -9999 -9999 -9999 -9999 -9999 -9999 -9999 -9999 -9999 -9999 -9999 0.0344699107993256 0.0344699107993256 0.0344699107993256 0.0344699107993256 0.0344699107993256 0.0344699107993256 0.0344699107993256 0.0344699107993256 0.0344699107993256 0.0344699107993256 0.0344699107993256 0.0344699107993256 0.0344699107993256 0.0344699107993256 0.0344699107993256 0.0344699107993256 0.0344699107993256 0.0344699107993256 0.0344699107993256 0.0344699107993256 0.0344699107993256 0.0344699107993256 0.0344699107993256 0.0344699107993256 0.0344699107993256 0.0344699107993256 0.0344699107993256 0.0344699107993256 0.0344699107993256 0.0344699107993256
-9999 -9999 -9999 -9999 -9999 -9999 -9999 -9999 -9999 -9999 -9999 -9999 -9999 -9999 0.0344699107993256 -9999 -9999 -9999 0.0344699107993256 0.0344699107993256 0.0344699107993256 0.0344699107993256 0.0344699107993256 0.0344699107993256 0.0344699107993256 0.0344699107993256 0.0344699107993256 0.0344699107993256 0.0344699107993256 0.0344699107993256 0.0344699107993256 0.0344699107993256 0.0344699107993256 0.0344699107993256 0.0344699107993256 0.0344699107993256 0.0344699107993256 0.0344699107993256 0.0344699107993256 0.0344699107993256 0.0344699107993256 0.0344699107993256 0.0344699107993256 0.0344699107993256 0.0344699107993256 0.0344699107993256 0.0344699107993256 0.0344699107993256
-9999 -9999 -9999 -9999 -9999 -9999 -9999 -9999 -9999 -9999 -9999 -9999 0.0344699107993256 0.0344699107993256 0.0344699107993256 0.0344699107993256 0.0344699107993256 0.0344699107993256 0.0344699107993256 0.0344699107993256 0.0344699107993256 0.0344699107993256 0.0344699107993256 0.0344699107993256 0.0344699107993256 0.0344699107993256 0.0344699107993256 0.0344699107993256 0.0344699107993256 0.0344699107993256 0.0344699107993256 0.0344699107993256 0.0344699107993256 0.0344699107993256 0.0344699107993256 0.0344699107993256 0.0344699107993256 0.0344712654928332 0.0344699107993256 0.0344699107993256 0.0344699107993256 0.0344699107993256 0.0344699107993256 0.0344699107993256 0.0344699107993256 0.0344699107993256 0.0344699107993256 0.0344699107993256
-9999 -9999 -9999 -9999 -9999 -9999 -9999 -9999 -9999 -9999 -9999 -9999 -9999 -9999 0.0344699107993256 0.0344699107993256 0.0344699107993256 0.0344699107993256 0.0344699107993256 0.0344699107993256 0.0344699107993256 0.0344699107993256 0.0344699107993256 0.0344699107993256 0.0344699107993256 0.0344699107993256 0.0344699107993256 0.0344699107993256 0.0344699107993256 0.0344699107993256 0.0344699107993256 0.0344699107993256 0.0344699107993256 0.0344699107993256 0.0344699107993256 0.0344699107993256 0.0344699107993256 0.0344699107993256 0.0344699107993256 0.0344699107993256 0.0344699107993256 0.0344699107993256 0.0344699107993256 0.0344699107993256 0.0344699107993256 0.0344699107993256 0.0344699107993256 0.0344699107993256
-9999 -9999 -9999 -9999 -9999 -9999 -9999 -9999 -9999 -9999 -9999 -9999 -9999 -9999 -9999 -9999 -9999 0.0344699107993256 0.0344699107993256 0.0344699107993256 0.0344699107993256 0.0344699107993256 0.0344699107993256 0.0344699107993256 0.0344699107993256 0.0344699107993256 0.0344699107993256 0.0344699107993256 0.0344699107993256 0.0344699107993256 0.0344699107993256 0.0344699107993256 0.0344699107993256 0.0344699107993256 0.0344699107993256 0.0344699107993256 0.0344699107993256 0.0344699107993256 0.0344699107993256 0.0344699107993256 0.0344699107993256 0.0999504986558374 0.0937044560729686 0.0840056534209526 0.044610993266234 0.0344712654928332 0.0888883409969561 0.081516527349141
-9999 -9999 -9999 -9999 -9999 -9999 -9999 -9999 -9999 -9999 -9999 -9999 -9999 -9999 -9999 -9999 -9999 0.0344699107993256 0.0344699107993256 0.0344699107993256 0.0344699107993256 0.0344699107993256 0.0344699107993256 0.0344699107993256 0.0344699107993256 0.0344699107993256 0.0344699107993256 0.0344699107993256 0.0344699107993256 0.0344699107993256 0.0344699107993256 0.0344699107993256 0.0344699107993256 0.0344699107993256 0.0344699107993256 0.0344699107993256 0.0344699107993256 0.0923171554005001 0.0886698858372612 0.0886100136597813 0.09163254364382 0.11711241638332 0.127156518862419 0.103459767473327 0.134887577885068 0.0956218297944266 0.0800220117687355 0.0790444355021427
-9999 -9999 -9999 -9999 -9999 -9999 -9999 -9999 -9999 -9999 -9999 -9999 -9999 -9999 -9999 -9999 -9999 -9999 -9999 0.0344699107993256 0.0344699107993256 0.0344699107993256 0.0344699107993256 0.0344699107993256 0.0344699107993256 0.0344699107993256 0.0344699107993256 0.0344699107993256 0.0344699107993256 0.0344699107993256 0.0344699107993256 0.0344699107993256 0.0344699107993256 0.0344699107993256 0.0344699107993256 0.0931225828381439 0.0988335865915425 0.0772903710348456 0.0344699107993256 0.0838147944660313 0.0858626742189317 0.0826656833046984 0.102447577788287 0.0344712654928332 0.0850275647498195 0.0855995003017435 0.0344699107993256 0.0344750853653631
-9999 -9999 -9999 -9999 -9999 -9999 -9999 -9999 -9999 -9999 -9999 -9999 -9999 -9999 -9999 -9999 -9999 -9999 -9999 0.0344699107993256 0.0344699107993256 0.0344699107993256 0.0344699107993256 0.0344699107993256 0.0344699107993256 0.0344699107993256 0.0344699107993256 0.0344699107993256 0.0344699107993256 0.0344699107993256 0.0344699107993256 0.0344699107993256 0.0344699107993256 0.0344712654928332 0.0803924884185942 0.104327233449968 0.0456114384730912 0.0344699107993256 0.0344699107993256 0.0344699107993256 0.0344699107993256 0.0344699107993256 0.0344699107993256 0.0344699107993256 0.0344699107993256 0.0344699107993256 0.0345966786238012 -9999
-9999 -9999 -9999 -9999 -9999 -9999 -9999 -9999 -9999 -9999 -9999 -9999 -9999 -9999 -9999 -9999 -9999 -9999 -9999 0.0344699107993256 0.0344699107993256 0.0344699107993256 0.0344699107993256 0.0344699107993256 0.0344699107993256 0.0344699107993256 0.0344699107993256 0.0344699107993256 0.0344699107993256 0.0344699107993256 0.0344699107993256 0.0344699107993256 0.0344699107993256 0.0344712654928332 0.153918593342425 0.0344712654928332 0.0344699107993256 0.0344699107993256 0.0346567954863384 0.0345966786238012 0.0344699107993256 0.0345966786238012 0.0344699107993256 0.0344699107993256 0.0344699107993256 -9999 -9999 -9999
-9999 -9999 -9999 -9999 -9999 -9999 -9999 -9999 -9999 -9999 -9999 -9999 -9999 -9999 -9999 -9999 -9999 -9999 -9999 0.0344699107993256 0.0344699107993256 0.0344699107993256 0.0344699107993256 0.0344699107993256 0.0344699107993256 0.0344699107993256 0.0344699107993256 0.0344699107993256 0.0344699107993256 0.0344699107993256 0.0344699107993256 0.0344699107993256 0.0344699107993256 0.0344712654928332 0.0721855095896274 0.0344699107993256 0.0344699107993256 0.0344699107993256 0.0344699107993256 0.0344699107993256 0.0344699107993256 0.0344699107993256 0.0344699107993256 0.0345966786238012 0.0345966786238012 0.0344699107993256 -9999 -9999
-9999 -9999 -9999 -9999 -9999 -9999 -9999 -9999 -9999 -9999 -9999 -9999 -9999 -9999 -9999 -9999 -9999 -9999 0.0346225887581389 0.0344699107993256 0.0344699107993256 0.0344699107993256 0.0344699107993256 0.0344699107993256 0.0344699107993256 0.0344699107993256 0.0344699107993256 0.0344699107993256 0.0344712654928332 0.0344699107993256 0.0344699107993256 0.0344699107993256 0.0344699107993256 0.0344712654928332 0.0345920495776536 0.0344712654928332 0.0344699107993256 0.0344712654928332 -9999 -9999 0.0344712654928332 0.0344712654928332 0.0344699107993256 0.0344699107993256 0.0344699107993256 0.0344699107993256 -9999 -9999
-9999 -9999 -9999 -9999 -9999 -9999 -9999 -9999 -9999 -9999 -9999 -9999 -9999 -9999 -9999 -9999 -9999 -9999 0.0344699107993256 0.0344699107993256 0.0344699107993256 0.0344699107993256 0.0344699107993256 0.0344699107993256 0.0344699107993256 0.0344699107993256 0.0344699107993256 0.0344699107993256 0.0344699107993256 0.0344699107993256 0.0344699107993256 0.0344699107993256 0.0344699107993256 0.0344699107993256 0.0344750762980844 0.0389606520520084 -9999 -9999 -9999 -9999 -9999 -9999 0.0344699107993256 0.0344699107993256 0.0344699107993256 0.0344699107993256 0.0344699107993256 -9999
-9999 -9999 -9999 0.0344712654928332 0.0344712654928332 0.0344699107993256 0.0344699107993256 0.0389610656213918 0.0344856771335928 0.034481858701832 0.0344881812517452 0.0388709410054713 0.0388327986296899 0.0344762594556612 0.0344712654928332 0.0389358593417558 0.0388543438793579 0.0344699107993256 0.0344699107993256 0.0344699107993256 0.0344699107993256 0.0344699107993256 0.0344699107993256 0.0344699107993256 0.0344699107993256 0.0344699107993256 0.0344699107993256 0.0344699107993256 -9999 -9999 -9999 -9999 0.0344712654928332 0.0344712654928332 -9999 -9999 -9999 -9999 -9999 -9999 -9999 -9999 0.0344699107993256 0.0344699107993256 0.0344699107993256 0.0344699107993256 0.0344699107993256 0.0344699107993256
-9999 -9999 -9999 0.0344712654928332 0.0344699107993256 0.0344699107993256 0.0344699107993256 0.0344712654928332 0.0344764400588707 0.0344699107993256 0.0344699107993256 0.0344699107993256 0.0344699107993256 0.0344699107993256 0.0344699107993256 0.0344699107993256 0.0344699107993256 0.0344699107993256 0.0344699107993256 0.0344699107993256 0.0344699107993256 0.0345914236224853 0.0344699107993256 0.0344699107993256 0.0344712654928332 0.0344712654928332 0.0344699107993256 -9999 -9999 -9999 -9999 -9999 -9999 -9999 -9999 -9999 -9999 -9999 -9999 -9999 -9999 -9999 -9999 0.0344699107993256 0.0344699107993256 0.0344699107993256 0.0344699107993256 0.0344699107993256
-9999 -9999 -9999 -9999 0.0344712654928332 0.0344699107993256 0.0344712654928332 0.0344764400588707 0.0344699107993256 0.0344699107993256 0.0344699107993256 0.0344699107993256 0.0344699107993256 0.0344699107993256 0.0344699107993256 0.0344699107993256 0.0344699107993256 0.0344699107993256 0.0344699107993256 0.0344699107993256 0.0344699107993256 0.0344699107993256 0.0344699107993256 0.0344699107993256 0.0344699107993256 0.0344699107993256 0.0344805040083244 0.0344699107993256 -9999 -9999 -9999 -9999 -9999 -9999 -9999 -9999 -9999 -9999 -9999 -9999 -9999 -9999 -9999 -9999 0.0344699107993256 0.0344699107993256 0.0344699107993256 0.0344699107993256
-9999 -9999 -9999 0.0344699107993256 0.0344699107993256 0.0344699107993256 0.0344699107993256 0.0344699107993256 0.0344699107993256 0.0344699107993256 0.0344699107993256 0.0344699107993256 0.0344699107993256 0.0344699107993256 0.0344699107993256 0.0344699107993256 0.0344699107993256 0.0344699107993256 0.0344699107993256 0.0344699107993256 0.0344699107993256 0.0344699107993256 0.0344699107993256 0.0344699107993256 0.0344699107993256 0.0344699107993256 0.0344699107993256 -9999 -9999 -9999 -9999 -9999 -9999 -9999 -9999 -9999 -9999 -9999 -9999 -9999 -9999 -9999 -9999 -9999 -9999 -9999 0.0344699107993256 0.0344699107993256
-9999 -9999 -9999 -9999 0.0344699107993256 0.0344699107993256 0.0344699107993256 0.0344699107993256 0.0344699107993256 0.0344699107993256 0.0344699107993256 0.0344699107993256 0.0344699107993256 0.0344699107993256 0.0344699107993256 0.0344699107993256 0.0344699107993256 0.0344699107993256 0.0344699107993256 0.0344699107993256 0.0344699107993256 0.0344699107993256 0.0344699107993256 0.0344699107993256 0.0344699107993256 -9999 -9999 -9999 -9999 -9999 -9999 -9999 -9999 -9999 -9999 -9999 -9999 -9999 -9999 -9999 -9999 -9999 -9999 -9999 -9999 -9999 -9999 -9999
-9999 -9999 -9999 -9999 0.0346052382634202 0.0344699107993256 0.0344699107993256 0.0344699107993256 0.0344699107993256 0.0344699107993256 0.0344699107993256 0.0344699107993256 0.0344699107993256 0.0344699107993256 0.0344699107993256 0.0344699107993256 0.0345914236224853 0.0344699107993256 0.0344699107993256 0.0344699107993256 0.0344699107993256 0.0344699107993256 0.0344699107993256 -9999 -9999 -9999 -9999 -9999 -9999 -9999 -9999 -9999 -9999 -9999 -9999 -9999 -9999 0.0344699107993256 0.0344699107993256 0.0344699107993256 -9999 -9999 -9999 -9999 -9999 -9999 -9999 -9999
-9999 -9999 -9999 0.0344699107993256 0.0344851337778174 0.0346320184965769 0.0344699107993256 0.0344699107993256 0.0344699107993256 0.0344699107993256 0.0344699107993256 0.0344699107993256 0.0344699107993256 0.0344699107993256 0.0344699107993256 0.0344699107993256 0.0344699107993256 0.0346020506401528 0.0344699107993256 0.0344699107993256 0.0344699107993256 0.0344699107993256 -9999 -9999 -9999 -9999 -9999 -9999 -9999 -9999 -9999 -9999 -9999 -9999 -9999 -9999 -9999 -9999 0.0344699107993256 0.0344699107993256 -9999 -9999 -9999 -9999 -9999 -9999 -9999 -9999
