BRT_projection_files/BRT_SCV2/B_cryptarum_1_projection.asc
NCOLS 79 
NROWS 71 
XLLCORNER -10.5 
YLLCORNER 36 
CELLSIZE 0.5 
NODATA_value -9999 
[rows 44 to 65 of 71, columns 0 to 47 of 79]
-9999 -9999 -9999 -9999 -9999 -9999 -9999 -9999 -9999 -9999 -9999 -9999 -9999 -9999 -9999 -9999 -9999 -9999 0.0951511362714486 0.0952068046033755 0.0895129305559561 0.0968509621921272 0.0953490864626076 0.104682072527318 0.0977680671385228 0.0916150953648079 0.0968247545532612 0.0986617622130684 0.10472507190805 0.0900255439215927 0.175995533077196 0.150986282110359 0.160480043143238 0.244438117523215 0.195570856968163 0.175125033714276 0.146379382425258 0.105726044445315 0.194612589076451 0.164675423360014 0.139203764805375 0.154568968169929 0.114423134270604 0.121147784016073 0.121659040685964 0.114054586925645 0.138625040230521 0.142602050137888
-9999 -9999 -9999 -9999 -9999 -9999 -9999 -9999 -9999 -9999 -9999 -9999 -9999 -9999 0.0960420013638561 -9999 -9999 -9999 0.0944984996152164 0.114766466832843 0.145166828335214 0.117033865175723 0.129129492452093 0.088818747131591 0.0894958339905359 0.0938120366101559 0.0927484357026292 0.0987356712211589 0.0959891039255191 0.0967353202513892 0.0947136252445146 0.166209328400865 0.151457890217592 0.195645205906369 0.162989929851376 0.149467401516395 0.150638536705899 0.144479995647947 0.17816347913356 0.180001403130384 0.151528815217071 0.155475575913977 0.112626671931572 0.114689801575076 0.114054129203938 0.11261474897582 0.146975156220742 0.145404355248115
-9999 -9999 -9999 -9999 -9999 -9999 -9999 -9999 -9999 -9999 -9999 -9999 0.094517534144726 0.0944834061679664 0.0951425955319381 0.0986426150736326 0.0983580800033442 0.0896883064024793 0.0945061615058516 0.0941431143007071 0.096985156113397 0.0979721761029408 0.0905014945506579 0.0891046327609349 0.0887922554469819 0.0888860802263702 0.0896941990488572 0.0917151390086342 0.0984300972066307 0.0986488866083487 0.0950545054153667 0.164765010557181 0.162399034768271 0.151515409438106 0.140506515431213 0.140050273332844 0.216795046925305 0.192725495261239 0.175551684577068 0.147992093512268 0.139262875178054 0.171904890756425 0.224931562599073 0.233464255151496 0.197120162681809 0.136882873866658 0.135764900146289 0.144906090964292
-9999 -9999 -9999 -9999 -9999 -9999 -9999 -9999 -9999 -9999 -9999 -9999 -9999 -9999 0.0942313803769696 0.0979769202586371 0.092516225297353 0.0901371590556557 0.0952104066299109 0.0986758704675433 0.0923617402269308 0.0936071477047384 0.0901590525884054 0.0896783848132466 0.0906284652483818 0.0961793859147863 0.101659109814503 0.0987586879272492 0.0973375516493094 0.120672564024998 0.166347001265077 0.161164933316976 0.120010527776977 0.229601411372377 0.172028614662354 0.188878138452194 0.151617872699186 0.150354657232361 0.164168543694655 0.147888232163816 0.124642660104366 0.122858932802806 0.134177072740584 0.200041285022786 0.252652543587597 0.138945672191981 0.283470982470327 0.266503697935611
-9999 -9999 -9999 -9999 -9999 -9999 -9999 -9999 -9999 -9999 -9999 -9999 -9999 -9999 -9999 -9999 -9999 0.0965941992276924 0.0952300764599658 0.0901541338040366 0.0890696344574538 0.0895367936220803 0.0899733719634004 0.0968290900580013 0.0918599909710077 0.0975293808220285 0.0947464233700449 0.0949191285574166 0.0946613586487627 0.149668535793925 0.0975816917346884 0.0947168752432442 0.102563853186813 0.20717682566655 0.211990796782135 0.148730788417601 0.154064724443821 0.154026905197411 0.164684744009797 0.136111402681287 0.173431759459244 0.230484208624991 0.384103193291398 0.292033935851492 0.170098111735858 0.162863862845035 0.25243902300441 0.298176100210056
-9999 -9999 -9999 -9999 -9999 -9999 -9999 -9999 -9999 -9999 -9999 -9999 -9999 -9999 -9999 -9999 -9999 0.0947263080178002 0.0949114915066387 0.0951816175939656 0.0989287208322193 0.0916929517801122 0.0961189276511566 0.0985079885999682 0.0970011614321453 0.100674451759727 0.102572718935355 0.0965384306267244 0.0958668612061715 0.169451141875417 0.0965051202692332 0.0957625074556998 0.210285746092151 0.213278392153776 0.145043294172588 0.144852011241853 0.144759533937613 0.251407581820413 0.245444976283654 0.244068269858228 0.245165055215022 0.147739188594888 0.289905333466679 0.392940302593129 0.401781625962873 0.375207240399223 0.394574069291873 0.371710726665079
-9999 -9999 -9999 -9999 -9999 -9999 -9999 -9999 -9999 -9999 -9999 -9999 -9999 -9999 -9999 -9999 -9999 -9999 -9999 0.0947439326370789 0.0941161728972434 0.094964787499847 0.0951931118329043 0.0967949255960469 0.0984367409248498 0.16693928780471 0.159367757134666 0.105951337047289 0.120957648714212 0.173975678840006 0.0963415507253521 0.0956819831853046 0.178493041584353 0.146101633968728 0.210871546267317 0.24791675119581 0.251752337247363 0.388421446523453 0.260205583387593 0.296026669384748 0.257472854221744 0.401123057151031 0.350634429425683 0.238464214904011 0.352643109665271 0.315672779430307 0.222160764497985 0.170380995015266
-9999 -9999 -9999 -9999 -9999 -9999 -9999 -9999 -9999 -9999 -9999 -9999 -9999 -9999 -9999 -9999 -9999 -9999 -9999 0.0949544122311001 0.0947263080178002 0.0941796105570668 0.0957146486241185 0.0950226802670927 0.179472114619778 0.13972027992551 0.149190654325786 0.149749472444702 0.146433025460933 0.15537140752776 0.116344042752143 0.0943813992429364 0.206860071620991 0.172604570905262 0.338031700147925 0.330405887425926 0.239265151733942 0.207110777085866 0.090909163972011 0.0909895598117029 0.190083060894754 0.207451899784592 0.210521642326673 0.210591638891832 0.154757601558961 0.0918628688149887 0.0897254213775123 -9999
-9999 -9999 -9999 -9999 -9999 -9999 -9999 -9999 -9999 -9999 -9999 -9999 -9999 -9999 -9999 -9999 -9999 -9999 -9999 0.0945626914074115 0.0959967016171923 0.0970071410003312 0.095225895815449 0.0982052365965864 0.100172298913522 0.171458805562946 0.268599289127981 0.169825857575959 0.232702947921646 0.215699079966792 0.103928774536883 0.094351695620035 0.169087269985266 0.264126247985233 0.338180239409526 0.304208393053771 0.120590351698802 0.0910960903658622 0.0909824228545283 0.0911470271933297 0.0923290485550388 0.092395485342034 0.0965205969099899 0.100106348330887 0.10215098600414 -9999 -9999 -9999
-9999 -9999 -9999 -9999 -9999 -9999 -9999 -9999 -9999 -9999 -9999 -9999 -9999 -9999 -9999 -9999 -9999 -9999 -9999 0.0921345532527222 0.0964354783676389 0.100971958899867 0.0951087648489536 0.0948047480394836 0.0963851872205047 0.123617745844779 0.148348999931141 0.152126472597331 0.266159294861382 0.215896816339328 0.116429162649549 0.182952404473772 0.165786261541611 0.171876776108505 0.328549809404049 0.16633343908276 0.0917336852953272 0.0887771082261404 0.0913822274923801 0.170749599239473 0.0940960760247846 0.0919892017432939 0.101516956597875 0.0975275320034351 0.0880169206764276 0.0892738734185276 -9999 -9999
-9999 -9999 -9999 -9999 -9999 -9999 -9999 -9999 -9999 -9999 -9999 -9999 -9999 -9999 -9999 -9999 -9999 -9999 0.0879301427634171 0.0927839706578458 0.0899477870145259 0.0971855482679948 0.0975218121878388 0.10106532439748 0.0964535578731772 0.0945091249962844 0.164192889347486 0.239835970303442 0.149983965332835 0.110586410767274 0.0948883383559062 0.226784948024868 0.213314649670277 0.182075834153593 0.155654372415456 0.269157188424509 0.151215211326927 0.0938792821643539 -9999 -9999 0.0941532196724083 0.139592460267663 0.146489204759246 0.124149402023219 0.091232021283687 0.0952400004812854 -9999 -9999
-9999 -9999 -9999 -9999 -9999 -9999 -9999 -9999 -9999 -9999 -9999 -9999 -9999 -9999 -9999 -9999 -9999 -9999 0.0936191769162321 0.0941878733862058 0.0967180990370862 0.100243933341642 0.0896031604973562 0.0919609946418302 0.0986352167613696 0.0958914100533239 0.117893545698442 0.124442338842288 0.100268784909097 0.0948140103853169 0.0915201207275837 0.0929351901561297 0.114166952309293 0.113233059425413 0.0949495402571075 0.0929978600523755 -9999 -9999 -9999 -9999 -9999 -9999 0.0910923266021495 0.0922965176900924 0.141631876765579 0.150527682443142 0.0914017972671584 -9999
-9999 -9999 -9999 0.0918039680767002 0.0899688538588941 0.0929080840685466 0.0918863267133816 0.0897677549598868 0.142600436393304 0.177549594801279 0.157767146574868 0.123897134456838 0.0916758123086169 0.0931460093282988 0.0914324093127048 0.0898937386716279 0.0923300698724665 0.0918778206571883 0.101571420442174 0.101678210363993 0.0948612045588799 0.0942045040566619 0.0959405431464693 0.0964163357953053 0.0967351365769009 0.094161104891468 0.0946836564259184 0.0895929986235088 -9999 -9999 -9999 -9999 0.091232290037464 0.0912692459704572 -9999 -9999 -9999 -9999 -9999 -9999 -9999 -9999 0.0941513642755991 0.0945676423127367 0.0911324610197234 0.0933167412165455 0.0943584820916191 0.0911639386730898
-9999 -9999 -9999 0.0925129151108389 0.103262357221933 0.112277999108634 0.0917587415416995 0.160227113727668 0.152009991878487 0.164118306669436 0.185367903665184 0.167592879492887 0.138616497372716 0.132914248277162 0.113677053909073 0.166530456009679 0.203476282155414 0.093855518663658 0.101214903198456 0.102382842352711 0.12422117354389 0.120879578226419 0.0994237004480701 0.0987092342037351 0.152151274551666 0.0939023516489988 0.094265508030995 -9999 -9999 -9999 -9999 -9999 -9999 -9999 -9999 -9999 -9999 -9999 -9999 -9999 -9999 -9999 -9999 0.0916411302917676 0.0985239957962721 0.0915957566988488 0.0947814732781256 0.143701654005249
-9999 -9999 -9999 -9999 0.109496984467218 0.092895521309577 0.163345538221492 0.153508653784188 0.140516263421525 0.0889153689411254 0.0888856296534061 0.0886533185909929 0.0885988178567666 0.0886824485069176 0.130608720798269 0.137426717933794 0.0980158553818325 0.0889153689411254 0.0887027367564457 0.0855290703954437 0.0974981729684049 0.108912383241382 0.110772891136707 0.10288203061861 0.153936145326535 0.136369719697041 0.0913832782179894 0.088656757711233 -9999 -9999 -9999 -9999 -9999 -9999 -9999 -9999 -9999 -9999 -9999 -9999 -9999 -9999 -9999 -9999 0.0913540677417536 0.0917241077058936 0.091329814407702 0.194933903023981
-9999 -9999 -9999 0.0917951457736812 0.0918777070905285 0.0919023817538505 0.0918345448293506 0.0917197172616964 0.0885126254770597 0.0886716059627814 0.088645718234773 0.0886417186051549 0.0886210883159218 0.0886824485069176 0.0878195285445447 0.0926081855564034 0.113654723792922 0.0878504529756168 0.0886392813646482 0.0899121230987434 0.0886314733371587 0.0886847880898268 0.0886974385850207 0.0891976091096335 0.0907396673223198 0.0977899784056463 0.0910580246011617 -9999 -9999 -9999 -9999 -9999 -9999 -9999 -9999 -9999 -9999 -9999 -9999 -9999 -9999 -9999 -9999 -9999 -9999 -9999 0.0923158222174798 0.0942644225777681
-9999 -9999 -9999 -9999 0.0894224952904989 0.0918844928096391 0.089370192311908 0.0880913518722825 0.0892133145382993 0.0892025288828552 0.0886120529593952 0.088647995509029 0.0878230867533719 0.0949691091776537 0.0891446489737316 0.0880624652574635 0.0907299916450706 0.0896335035085964 0.0878504529756168 0.0885833098921694 0.088653772481201 0.0866409110982266 0.0886312444008212 0.0886346946361001 0.090142560172638 -9999 -9999 -9999 -9999 -9999 -9999 -9999 -9999 -9999 -9999 -9999 -9999 -9999 -9999 -9999 -9999 -9999 -9999 -9999 -9999 -9999 -9999 -9999
-9999 -9999 -9999 -9999 0.0905375586113035 0.0922083625305815 0.091024402018421 0.0897307662699486 0.0978051263610779 0.0892003827853558 0.0892003827853558 0.0892031623008802 0.0986198770412626 0.091856544195749 0.0886695012123805 0.0878230867533719 0.0955625573222979 0.0891577770924072 0.109175204716347 0.0891912769810822 0.0878240750515947 0.0878230867533719 0.0886414776152781 -9999 -9999 -9999 -9999 -9999 -9999 -9999 -9999 -9999 -9999 -9999 -9999 -9999 -9999 0.0890113074970145 0.0946519624801543 0.0956424480596928 -9999 -9999 -9999 -9999 -9999 -9999 -9999 -9999
-9999 -9999 -9999 0.0909768230574946 0.0917029602488127 0.0910882671009317 0.0913724953496486 0.0939156605622237 0.0939053296092626 0.0943738009698906 0.0932583205901195 0.0946728435362203 0.0886695012123805 0.0901864477679485 0.0886458593382154 0.088637700385945 0.0886753122174565 0.0904596164445551 0.109110577670424 0.0891062786244114 0.0886721232913149 0.0886543068604049 -9999 -9999 -9999 -9999 -9999 -9999 -9999 -9999 -9999 -9999 -9999 -9999 -9999 -9999 -9999 -9999 0.095322975717926 0.0951954541167049 -9999 -9999 -9999 -9999 -9999 -9999 -9999 -9999
-9999 -9999 -9999 0.0988919490913503 0.0915274337464254 0.0913601836519373 0.0913477091405481 0.0892430449985953 0.0923898017779114 0.0948022021714785 0.0906933208885537 0.088647995509029 0.088647995509029 0.0886368301961662 0.0886392926711269 0.088647995509029 0.0878405422428878 0.0855240311793443 0.0885775618743596 0.0886462940111906 0.0901283801459389 -9999 -9999 -9999 -9999 -9999 -9999 -9999 -9999 -9999 -9999 -9999 -9999 -9999 -9999 -9999 -9999 -9999 0.0986092681823431 0.0941539732654933 -9999 -9999 -9999 -9999 -9999 -9999 -9999 -9999
-9999 -9999 0.0893701987047828 0.0894519239325487 0.0894727277107509 0.0980266410361672 0.0962459125355643 0.0892263742732095 0.0892225972690558 0.089225378809481 0.0900005813333606 0.0857921688223433 0.0875014033040367 0.0886499008303139 0.088647995509029 0.088647995509029 0.088647995509029 0.088647995509029 0.0886113827249841 0.0886494986723061 -9999 -9999 -9999 -9999 -9999 -9999 -9999 -9999 -9999 -9999 -9999 -9999 -9999 -9999 -9999 -9999 -9999 -9999 0.088791128111029 0.0888064403318891 -9999 -9999 -9999 -9999 -9999 -9999 -9999 -9999
-9999 -9999 0.0902298543430431 0.0886562434929483 0.0886508851585971 0.0894642815980191 0.0886714496871621 0.0892052935819013 0.0889058482964072 0.0891976091096335 0.0892012368380966 0.0858816475263143 0.0889153689411254 0.0892022080990398 0.0889153689411254 0.0892006045236849 0.0855254775245594 0.0886441798603524 0.0886240107688653 0.0886392926711269 0.088617699145489 -9999 -9999 -9999 -9999 -9999 -9999 -9999 -9999 -9999 -9999 -9999 -9999 -9999 -9999 -9999 -9999 -9999 -9999 -9999 -9999 -9999 -9999 -9999 -9999 -9999 -9999 -9999
