BRT_projection_files/BRT_SCV2/B_distinguendus_2_projection.asc
NCOLS 79 
NROWS 71 
XLLCORNER -10.5 
YLLCORNER 36 
CELLSIZE 0.5 
NODATA_value -9999 
[rows 42 to 62 of 71, columns 0 to 47 of 79]
-9999 -9999 -9999 -9999 -9999 -9999 -9999 -9999 -9999 -9999 0.0698774251945027 -9999 -9999 0.0692584949374867 -9999 -9999 -9999 -9999 -9999 -9999 -9999 -9999 -9999 -9999 0.0691669484720552 0.0691668167830477 0.0691701633144274 0.0691799771627503 0.0691701633144274 0.0691669677361021 0.0691708364457815 0.077542359053651 0.0958608147995707 0.101854540629901 0.122699663910884 0.0885332746516897 0.115195935215571 0.11904858032104 0.0889969095856616 0.142327193252064 0.140260691196638 0.14007604657387 0.120714935479284 0.135393703926576 0.118296450983255 0.120181758655244 0.153342900049693 0.12616207775664
-9999 -9999 -9999 -9999 -9999 -9999 -9999 -9999 -9999 -9999 -9999 -9999 -9999 -9999 -9999 -9999 -9999 -9999 -9999 -9999 -9999 -9999 0.0691669484720552 0.0691668167830477 0.0691668360470947 0.069166294604748 0.069166294604748 0.0691701633144274 0.069166294604748 0.0691714886868492 0.0938953891091398 0.110744139646186 0.0937893035926092 0.0698767648624406 0.0970946159332818 0.114262312541078 0.0691799771627503 0.0833227997329761 0.0781810689150021 0.11704516584482 0.119614017658685 0.120860838055415 0.139677372142415 0.135166946052923 0.136431724621635 0.131476272831876 0.120082418157719 0.14658151010028
-9999 -9999 -9999 -9999 -9999 -9999 -9999 -9999 -9999 -9999 -9999 -9999 -9999 -9999 -9999 -9999 -9999 -9999 0.0691668360470947 0.0691708502968779 0.0691799771627503 0.0691668167830477 0.0691669677361021 0.0691799771627503 0.069166294604748 0.0691799771627503 0.0691799771627503 0.069166294604748 0.0691701633144274 0.069166294604748 0.0691709819858854 0.0691716358531926 0.0691669677361021 0.0691701633144274 0.0691799771627503 0.0691806502941044 0.0785097353907023 0.0784469976270847 0.0781719555404722 0.0769142099286498 0.120305306767857 0.120496741763901 0.120170762617538 0.131668453212698 0.120168078064595 0.120171507170367 0.116575206444888 0.122654377562039
-9999 -9999 -9999 -9999 -9999 -9999 -9999 -9999 -9999 -9999 -9999 -9999 -9999 -9999 0.069166294604748 -9999 -9999 -9999 0.0691715041641851 0.0691715041641851 0.0691708502968779 0.0691708502968779 0.0691709819858854 0.0691701633144274 0.0691799771627503 0.0843907615713427 0.0816092205097195 0.069166294604748 0.0691709819858854 0.0691708502968779 0.0691748506955648 0.069175504562872 0.0691755238269189 0.0691701633144274 0.0691669677361021 0.0691806310300574 0.0779861327704521 0.0784751270404448 0.115442397072973 0.0806386699159914 0.117359642808745 0.118406418250133 0.120437739859752 0.120207960993386 0.120721343288422 0.120385323516635 0.121004745536725 0.104715149796959
-9999 -9999 -9999 -9999 -9999 -9999 -9999 -9999 -9999 -9999 -9999 -9999 0.0691668167830477 0.0691715041641851 0.0691715041641851 0.0691661629157406 0.0691661629157406 0.0691661629157406 0.0691668167830477 0.0691668167830477 0.0691715041641851 0.0691661629157406 0.0691708502968779 0.069166294604748 0.0691709819858854 0.069166294604748 0.0691701633144274 0.0691701633144274 0.0691709819858854 0.0691701633144274 0.0691755238269189 0.069175504562872 0.0691716358531926 0.0691669484720552 0.112165548964606 0.114200735752054 0.0768991506483633 0.12838415409298 0.118281097610015 0.120113412776427 0.120554943107171 0.118197473426956 0.118002115120263 0.123244071591991 0.118401209566996 0.11805301290014 0.104409079930956 0.104526478539164
-9999 -9999 -9999 -9999 -9999 -9999 -9999 -9999 -9999 -9999 -9999 -9999 -9999 -9999 0.069889295729661 0.0691661629157406 0.0691661629157406 0.0691661629157406 0.0691668167830477 0.0691661629157406 0.0691661629157406 0.069166294604748 0.0691708502968779 0.0691701633144274 0.07858450497359 0.0691846645438877 0.069166294604748 0.0691709819858854 0.0691748506955648 0.0691716551172395 0.0691754890855361 0.0691716551172395 0.0691716358531926 0.069175504562872 0.133661010912192 0.0797511885917248 0.128970946167216 0.104419464568654 0.109383225374421 0.0801888275995843 0.106825565937675 0.104480035476703 0.104407868966739 0.11309202343099 0.104534619358762 0.115698428979791 0.117723426237426 0.11523899865398
-9999 -9999 -9999 -9999 -9999 -9999 -9999 -9999 -9999 -9999 -9999 -9999 -9999 -9999 -9999 -9999 -9999 0.0691668360470947 0.0691668360470947 0.0691661629157406 0.069166294604748 0.0691701633144274 0.069166294604748 0.0691709819858854 0.0691748506955648 0.0691799771627503 0.0691708502968779 0.0691748506955648 0.0691716358531926 0.0691716358531926 0.0691748506955648 0.0691806502941044 0.0691708171817346 0.0940205252304674 0.104714491083542 0.100411707784504 0.0698768383840935 0.106898332424046 0.108881469333192 0.104331072616348 0.0952197782432059 0.115906367384076 0.0998331824516289 0.11842267009692 0.114159166541278 0.110539311501664 0.102758819192732 0.106112515867655
-9999 -9999 -9999 -9999 -9999 -9999 -9999 -9999 -9999 -9999 -9999 -9999 -9999 -9999 -9999 -9999 -9999 0.0691668360470947 0.0691668360470947 0.0691708502968779 0.0691708502968779 0.069166294604748 0.0691708502968779 0.0691708502968779 0.0691708502968779 0.0691708502968779 0.0691708502968779 0.0691661629157406 0.0691715041641851 0.0691669484720552 0.069166294604748 0.0691715041641851 0.0771603111441347 0.112853387689633 0.109299660606614 0.118031802161271 0.106529927134522 0.11300508277563 0.107851239980835 0.100621376759157 0.10197265213782 0.0931063133319193 0.0999123933839406 0.105328745523699 0.0921084273545618 0.0912609148067548 0.105512877746715 0.106313815272332
-9999 -9999 -9999 -9999 -9999 -9999 -9999 -9999 -9999 -9999 -9999 -9999 -9999 -9999 -9999 -9999 -9999 -9999 -9999 0.0691661629157406 0.0691668360470947 0.0691708502968779 0.069171523428232 0.0691715041641851 0.0691715041641851 0.0691715041641851 0.0691708502968779 0.0691661629157406 0.069171523428232 0.0691668360470947 0.0691669677361021 0.0691669484720552 0.135566088768534 0.102508282007036 0.108258696560039 0.10213876988049 0.0917886099983929 0.113318804035697 0.105786984579844 0.113299244903931 0.0929399812706223 0.0925639867894758 0.0922921169787109 0.181782652187928 0.100389837708054 0.117332580243516 0.104743376510115 0.119181960898515
-9999 -9999 -9999 -9999 -9999 -9999 -9999 -9999 -9999 -9999 -9999 -9999 -9999 -9999 -9999 -9999 -9999 -9999 -9999 0.0691668360470947 0.0691708502968779 0.0691669484720552 0.0691716358531926 0.0691669484720552 0.0800838509182944 0.125619968607323 0.104488214590808 0.069166294604748 0.113729775724717 0.0691661629157406 0.0691701633144274 0.0691708171817346 0.0692609737291057 0.155301514042718 0.108399892054805 0.107789283719977 0.144208959318897 0.0795408041447448 0.0899071830960725 0.0886496240309278 0.081959888001895 0.104390309386557 0.103725336502882 0.104394075870193 0.0794855880049245 0.0819334546359645 0.0818879874439643 -9999
-9999 -9999 -9999 -9999 -9999 -9999 -9999 -9999 -9999 -9999 -9999 -9999 -9999 -9999 -9999 -9999 -9999 -9999 -9999 0.0691755238269189 0.069171523428232 0.0691709819858854 0.0691708364457815 0.0691716358531926 0.0794497686235689 0.090409452207675 0.104392555981012 0.12473217390745 0.104224687624731 0.0948184795719078 0.0691708017043987 0.0691708171817346 0.0826997342688005 0.106519533591486 0.155154786920689 0.146203785829396 0.0691799771627503 0.0792501424883634 0.0821685742453021 0.0823982159506157 0.0691806502941044 0.0822464168794591 0.077533554788556 0.0825590232422646 0.0825429621862732 -9999 -9999 -9999
-9999 -9999 -9999 -9999 -9999 -9999 -9999 -9999 -9999 -9999 -9999 -9999 -9999 -9999 -9999 -9999 -9999 -9999 -9999 0.0792067138523928 0.0691661629157406 0.0691661629157406 0.0691709819858854 0.0691748506955648 0.0691715041641851 0.0691716358531926 0.0772783210219122 0.104537527798209 0.10449428100491 0.117237827901236 0.0691708171817346 0.123482372163241 0.144684499432221 0.145963845594711 0.174864333463079 0.139437865780186 0.0691799771627503 0.0691701633144274 0.082536679448181 0.0944381137255987 0.0691806310300574 0.0691799771627503 0.0775930173109338 0.0816518008786795 0.0691799771627503 0.0795493253946175 -9999 -9999
-9999 -9999 -9999 -9999 -9999 -9999 -9999 -9999 -9999 -9999 -9999 -9999 -9999 -9999 -9999 -9999 -9999 -9999 0.0783977103593569 0.0765328185782346 0.0779194843831732 0.0691748506955648 0.0691661629157406 0.0691661629157406 0.0691708502968779 0.0691708502968779 0.0697048912423704 0.0697180973189993 0.127958833612223 0.0700173822865422 0.0691701633144274 0.0692665363084392 0.0692650054404008 0.121037197128861 0.105398896049947 0.106771596868563 0.0691708171817346 0.0788274064987803 -9999 -9999 0.0825228295131234 0.117812686839379 0.104326026148805 0.0766579753442891 0.0691799771627503 0.0792369370927464 -9999 -9999
-9999 -9999 -9999 -9999 -9999 -9999 -9999 -9999 -9999 -9999 -9999 -9999 -9999 -9999 -9999 -9999 -9999 -9999 0.0825393954359104 0.069175504562872 0.069171523428232 0.0691708502968779 0.0691708502968779 0.0691701633144274 0.0691661629157406 0.0691669484720552 0.0691846135586594 0.0698971759500829 0.0793341765667517 0.0692104276445194 0.0691701633144274 0.0698924802438822 0.0700833708836218 0.0701310022037609 0.0875381014173361 0.0882721147741835 -9999 -9999 -9999 -9999 -9999 -9999 0.0829154996610581 0.0788843044818979 0.088406653296992 0.0691701633144274 0.0691799771627503 -9999
-9999 -9999 -9999 0.074854545292577 0.073935372629728 0.0695062103866824 0.0747379959595424 0.0722401555975657 0.0763625962309013 0.0720401656968353 0.0785821257380623 0.089483366525455 0.0779398088885487 0.0720356472418411 0.072041461817037 0.0694060651100948 0.0697366839401508 0.0754877724643704 0.0699591369972812 0.0694698420212275 0.0691806310300574 0.0691708171817346 0.069171523428232 0.069166294604748 0.0691661629157406 0.0691708017043987 0.0691748506955648 0.0810094892680756 -9999 -9999 -9999 -9999 0.0780321328565167 0.0767988526945342 -9999 -9999 -9999 -9999 -9999 -9999 -9999 -9999 0.0691799771627503 0.0691799771627503 0.0691799771627503 0.0799571660363697 0.0691701633144274 0.0691799771627503
-9999 -9999 -9999 0.0698175857833982 0.0697992670605879 0.0694052790038753 0.0747889781363137 0.0842706410058261 0.0973389344676663 0.0779422596253758 0.0694086277595282 0.0885149297312403 0.0694046222001725 0.0694046222001725 0.0694047544723851 0.0694000592675725 0.0694092845632309 0.06939992699536 0.0694092845632309 0.0975646140040711 0.119476033467246 0.11929292985975 0.10661169205207 0.119524746256765 0.116995645222051 0.0770949495100773 0.0767150506289646 -9999 -9999 -9999 -9999 -9999 -9999 -9999 -9999 -9999 -9999 -9999 -9999 -9999 -9999 -9999 -9999 0.0691748506955648 0.0691748506955648 0.0691799771627503 0.0691799771627503 0.138853033915714
-9999 -9999 -9999 -9999 0.0698261078712077 0.0694970825477516 0.0695005331507689 0.087322173990791 0.0695998899814029 0.0691691066997583 0.0691708502968779 0.0691708502968779 0.0691708502968779 0.0691661629157406 0.0909591848579538 0.126311038883315 0.06939992699536 0.0691677250424186 0.0696227571515898 0.0694047544723851 0.0694047544723851 0.0694086277595282 0.0694046222001725 0.0897147831563292 0.1035729512606 0.140297532276416 0.070995477714437 0.0691813651617994 -9999 -9999 -9999 -9999 -9999 -9999 -9999 -9999 -9999 -9999 -9999 -9999 -9999 -9999 -9999 -9999 0.0691853376752418 0.0691806310300574 0.0783141066852806 0.0780332040496518
-9999 -9999 -9999 0.0751525299507037 0.0749127044410403 0.0744549201228661 0.0694093039176455 0.0694093039176455 0.0782667313075133 0.0691724124235559 0.0691708502968779 0.069166294604748 0.0691708502968779 0.0691724124235559 0.0691691066997583 0.0756874962942377 0.0691691066997583 0.0692067387843624 0.0692298365459996 0.0796242481901684 0.0691692385020938 0.0691708502968779 0.0691644193186209 0.069170259463462 0.0694000592675725 0.0772257378449591 0.0835182779570727 -9999 -9999 -9999 -9999 -9999 -9999 -9999 -9999 -9999 -9999 -9999 -9999 -9999 -9999 -9999 -9999 -9999 -9999 -9999 0.0691806310300574 0.0691806310300574
-9999 -9999 -9999 -9999 0.0696472063905915 0.075340217162716 0.0756096850660185 0.0759458147066622 0.0691691066997583 0.0691724124235559 0.0691708502968779 0.0691724124235559 0.0691691066997583 0.0691691066997583 0.0762192982221446 0.0691691066997583 0.0691691066997583 0.0691691066997583 0.0691691066997583 0.0691829210600961 0.0820832269292335 0.0691691066997583 0.0694228808386782 0.0691684198306358 0.0784626754334807 -9999 -9999 -9999 -9999 -9999 -9999 -9999 -9999 -9999 -9999 -9999 -9999 -9999 -9999 -9999 -9999 -9999 -9999 -9999 -9999 -9999 -9999 -9999
-9999 -9999 -9999 -9999 0.0781735988167532 0.0765723455842945 0.0763673591897901 0.0773081830526063 0.0691691066997583 0.0691644193186209 0.0691691066997583 0.0691691066997583 0.0691644193186209 0.0854419544575048 0.0691644193186209 0.0691691066997583 0.0715808909171247 0.0776413520689821 0.0691691066997583 0.0789698953595163 0.0784507531689892 0.0794145512971726 0.079175776143452 -9999 -9999 -9999 -9999 -9999 -9999 -9999 -9999 -9999 -9999 -9999 -9999 -9999 -9999 0.0691846645438877 0.0691661629157406 0.0691755238269189 -9999 -9999 -9999 -9999 -9999 -9999 -9999 -9999
-9999 -9999 -9999 0.0696465584563653 0.075960617045726 0.0807506308930397 0.0748843930558647 0.0714711633310355 0.0714915859273933 0.0718149878815392 0.0766338591910319 0.077737939482582 0.0691644193186209 0.0707112183251412 0.0691645511209564 0.069170259463462 0.0691691066997583 0.078700751723431 0.0793773783628152 0.0762379742611933 0.0761333544243612 0.0691715513134766 -9999 -9999 -9999 -9999 -9999 -9999 -9999 -9999 -9999 -9999 -9999 -9999 -9999 -9999 -9999 -9999 0.0691708502968779 0.0691709819858854 -9999 -9999 -9999 -9999 -9999 -9999 -9999 -9999
