BRT_projection_files/BRT_SCV2/B_flavidus_2_projection.asc
NCOLS 79 
NROWS 71 
XLLCORNER -10.5 
YLLCORNER 36 
CELLSIZE 0.5 
NODATA_value -9999 
[rows 42 to 62 of 71, columns 0 to 47 of 79]
-9999 -9999 -9999 -9999 -9999 -9999 -9999 -9999 -9999 -9999 0.0455181163419934 -9999 -9999 0.0469167599734627 -9999 -9999 -9999 -9999 -9999 -9999 -9999 -9999 -9999 -9999 0.0455181163419934 0.0455181163419934 0.0455181163419934 0.0455181163419934 0.0455181163419934 0.0455181163419934 0.0455181163419934 0.0455181163419934 0.0500250078921505 0.0494469995381269 0.0466121557840133 0.0455181163419934 0.0455181163419934 0.0455181163419934 0.0455181163419934 0.0466121557840133 0.0455181163419934 0.0455181163419934 0.0455181163419934 0.0455181163419934 0.0455181163419934 0.0455181163419934 0.0455181163419934 0.0455181163419934
-9999 -9999 -9999 -9999 -9999 -9999 -9999 -9999 -9999 -9999 -9999 -9999 -9999 -9999 -9999 -9999 -9999 -9999 -9999 -9999 -9999 -9999 0.0455181163419934 0.0455181163419934 0.0455181163419934 0.0455181163419934 0.0455181163419934 0.0455181163419934 0.0455181163419934 0.0455231304944849 0.0466121557840133 0.0455709607535479 0.0480431116104182 0.0455181163419934 0.0466226357264722 0.0455181163419934 0.0455181163419934 0.0455181163419934 0.0455181163419934 0.0455181163419934 0.0455181163419934 0.0455181163419934 0.0455181163419934 0.0455181163419934 0.0455181163419934 0.0455181163419934 0.0455231304944849 0.0455181163419934
-9999 -9999 -9999 -9999 -9999 -9999 -9999 -9999 -9999 -9999 -9999 -9999 -9999 -9999 -9999 -9999 -9999 -9999 0.0455181163419934 0.0455231304944849 0.0455181163419934 0.0455181163419934 0.0455181163419934 0.0455181163419934 0.0455181163419934 0.0455181163419934 0.0455181163419934 0.0455181163419934 0.0455181163419934 0.0455181163419934 0.0455231304944849 0.0455231304944849 0.0455181163419934 0.0455181163419934 0.0455181163419934 0.0455181163419934 0.0547173198028712 0.0455181163419934 0.0455181163419934 0.0455181163419934 0.0455181163419934 0.0455181163419934 0.0455181163419934 0.0455181163419934 0.0455181163419934 0.0455181163419934 0.0455181163419934 0.0455231304944849
-9999 -9999 -9999 -9999 -9999 -9999 -9999 -9999 -9999 -9999 -9999 -9999 -9999 -9999 0.0455181163419934 -9999 -9999 -9999 0.0455181163419934 0.0455231304944849 0.0455231304944849 0.0455231304944849 0.0455231304944849 0.0455181163419934 0.0455181163419934 0.0455181163419934 0.0455181163419934 0.0455181163419934 0.0455231304944849 0.0455181163419934 0.0455231304944849 0.0455231304944849 0.0455231304944849 0.0455181163419934 0.0455181163419934 0.0455181163419934 0.0455181163419934 0.0455320845034608 0.0455181163419934 0.0455181163419934 0.0455181163419934 0.0455181163419934 0.0455181163419934 0.0455181163419934 0.0455181163419934 0.0455181163419934 0.0455181163419934 0.0466121557840133
-9999 -9999 -9999 -9999 -9999 -9999 -9999 -9999 -9999 -9999 -9999 -9999 0.0455181163419934 0.0455231304944849 0.0455231304944849 0.0455181163419934 0.0455181163419934 0.0455181163419934 0.0455181163419934 0.0455181163419934 0.0455231304944849 0.0455181163419934 0.0455231304944849 0.0455181163419934 0.0455231304944849 0.0455181163419934 0.0455181163419934 0.0455181163419934 0.0455231304944849 0.0455181163419934 0.0455231304944849 0.0455231304944849 0.0455231304944849 0.0455181163419934 0.0502799450277815 0.0455771496456876 0.0455181163419934 0.0499672244248066 0.0466121557840133 0.0455181163419934 0.0455181163419934 0.0455181163419934 0.0455181163419934 0.0455181163419934 0.0455181163419934 0.0455181163419934 0.0455181163419934 0.0455181163419934
-9999 -9999 -9999 -9999 -9999 -9999 -9999 -9999 -9999 -9999 -9999 -9999 -9999 -9999 0.0455181163419934 0.0455181163419934 0.0455181163419934 0.0455181163419934 0.0455181163419934 0.0455181163419934 0.0455181163419934 0.0455181163419934 0.0455231304944849 0.0455181163419934 0.0455181163419934 0.0455231304944849 0.0455181163419934 0.0455231304944849 0.0455181163419934 0.0455231304944849 0.0455231304944849 0.0455231304944849 0.0455231304944849 0.046617275935793 0.0493104769141017 0.0467904217223233 0.0455181163419934 0.0466121557840133 0.0455299492146504 0.0455181163419934 0.0455181163419934 0.0455181163419934 0.0466559049027314 0.0480431116104182 0.049454189974373 0.0494623819781283 0.049603244740379 0.049690202506994
-9999 -9999 -9999 -9999 -9999 -9999 -9999 -9999 -9999 -9999 -9999 -9999 -9999 -9999 -9999 -9999 -9999 0.0455181163419934 0.0455181163419934 0.0455181163419934 0.0455181163419934 0.0455181163419934 0.0455181163419934 0.0455231304944849 0.0455231304944849 0.0455181163419934 0.0455231304944849 0.0455231304944849 0.0455231304944849 0.0455231304944849 0.0455231304944849 0.0455181163419934 0.0466121557840133 0.0480538758543895 0.0480431116104182 0.046834201383867 0.0466559049027314 0.0455181163419934 0.0482728218335302 0.0481170012281525 0.0485117886937802 0.158875504953639 0.191768835839636 0.199982841229107 0.048497435923164 0.0485027211655703 0.163923525691498 0.151871020023918
-9999 -9999 -9999 -9999 -9999 -9999 -9999 -9999 -9999 -9999 -9999 -9999 -9999 -9999 -9999 -9999 -9999 0.0455181163419934 0.0455181163419934 0.0455231304944849 0.0455231304944849 0.0455181163419934 0.0455231304944849 0.0455231304944849 0.0455181163419934 0.0455231304944849 0.0455231304944849 0.0455181163419934 0.0455231304944849 0.0467976741397413 0.0455181163419934 0.0455231304944849 0.046617275935793 0.0480538758543895 0.0455181163419934 0.0455181163419934 0.0503467774071978 0.186283436161302 0.171168300795211 0.16004043617567 0.190177536025525 0.518380480258869 0.474248688103808 0.227944589778347 0.237475022878104 0.255870827859027 0.164719523152629 0.159438877966068
-9999 -9999 -9999 -9999 -9999 -9999 -9999 -9999 -9999 -9999 -9999 -9999 -9999 -9999 -9999 -9999 -9999 -9999 -9999 0.0455181163419934 0.0455181163419934 0.0455231304944849 0.0455231304944849 0.0455231304944849 0.0455231304944849 0.0455231304944849 0.0455231304944849 0.0455181163419934 0.0455231304944849 0.0455181163419934 0.0455181163419934 0.0455181163419934 0.0480818470577243 0.0467539217695433 0.0498948801099953 0.225523696984501 0.298558099029278 0.158441695935393 0.0507146580125624 0.0509533708014557 0.258433495259789 0.205127681003439 0.232512148271203 0.0506896366812381 0.180681125699846 0.0508794061463574 0.046617275935793 0.0466121557840133
-9999 -9999 -9999 -9999 -9999 -9999 -9999 -9999 -9999 -9999 -9999 -9999 -9999 -9999 -9999 -9999 -9999 -9999 -9999 0.0455181163419934 0.0455181163419934 0.0455181163419934 0.0455231304944849 0.0455181163419934 0.0480871025775656 0.0539515846570707 0.0455231304944849 0.0455181163419934 0.0541465306620585 0.0455181163419934 0.0455181163419934 0.0455181163419934 0.0480431116104182 0.0505797254462798 0.191498662391901 0.237462021671553 0.0507951625402156 0.0480538758543895 0.0466121557840133 0.0482266241558248 0.0466121557840133 0.0494431348988513 0.0500363297166382 0.0492783597477198 0.0455181163419934 0.0455181163419934 0.0455181163419934 -9999
-9999 -9999 -9999 -9999 -9999 -9999 -9999 -9999 -9999 -9999 -9999 -9999 -9999 -9999 -9999 -9999 -9999 -9999 -9999 0.0455231304944849 0.0455231304944849 0.0455231304944849 0.0455181163419934 0.0466609510577013 0.0493158453930072 0.0496526716306838 0.0467571176443628 0.0455231304944849 0.0466609510577013 0.0480431116104182 0.0466190294647626 0.0455181163419934 0.0480818470577243 0.0500799604707325 0.220039830926181 0.0508735551521565 0.0455181163419934 0.0455181163419934 0.0455181163419934 0.0455181163419934 0.0455181163419934 0.0455181163419934 0.0455181163419934 0.0455181163419934 0.0455181163419934 -9999 -9999 -9999
-9999 -9999 -9999 -9999 -9999 -9999 -9999 -9999 -9999 -9999 -9999 -9999 -9999 -9999 -9999 -9999 -9999 -9999 -9999 0.0502432103422648 0.0455181163419934 0.0455181163419934 0.0455231304944849 0.0455231304944849 0.0455231304944849 0.0466609510577013 0.0470484418961785 0.0480932062657126 0.0481642051113562 0.0499552160027585 0.0466121557840133 0.046754124775101 0.0482521097720403 0.0505654736654187 0.0515004162113643 0.0466558239180355 0.0455181163419934 0.0455181163419934 0.0455181163419934 0.046617275935793 0.0467539217695433 0.0455181163419934 0.0455181163419934 0.0455181163419934 0.0455181163419934 0.0455231304944849 -9999 -9999
-9999 -9999 -9999 -9999 -9999 -9999 -9999 -9999 -9999 -9999 -9999 -9999 -9999 -9999 -9999 -9999 -9999 -9999 0.0550502314798496 0.050841582371196 0.0507473041297306 0.0455231304944849 0.0455181163419934 0.0455181163419934 0.0455231304944849 0.0455231304944849 0.0455231304944849 0.046617275935793 0.0500903913784545 0.0466121557840133 0.0466122898080102 0.0469926714450622 0.0480591313742308 0.0498252348105583 0.050966075845141 0.050870451361511 0.0503366504856066 0.0505625208888764 -9999 -9999 0.0505565523658074 0.055152442196198 0.0455181163419934 0.0455181163419934 0.0455181163419934 0.0455181163419934 -9999 -9999
-9999 -9999 -9999 -9999 -9999 -9999 -9999 -9999 -9999 -9999 -9999 -9999 -9999 -9999 -9999 -9999 -9999 -9999 0.0466121557840133 0.0455231304944849 0.0455231304944849 0.0455231304944849 0.0455231304944849 0.0455181163419934 0.0455181163419934 0.0455181163419934 0.0467133570323805 0.0466241566044285 0.0466121557840133 0.0455181163419934 0.0455181163419934 0.0469904289615809 0.0466121557840133 0.0495194712488183 0.0505589159887367 0.0506029343097944 -9999 -9999 -9999 -9999 -9999 -9999 0.0455181163419934 0.0455181163419934 0.0502432103422648 0.0455181163419934 0.0455181163419934 -9999
-9999 -9999 -9999 0.0486983594645585 0.0498908762607423 0.0480538758543895 0.0495335217705394 0.0506676987778622 0.0492595250774736 0.0493038891816638 0.0493399421478176 0.0493927038762894 0.0491805331777326 0.0495995360751973 0.0484369955100443 0.0506066706106007 0.0491378113601134 0.0495713266443192 0.0469674441438966 0.0466121557840133 0.0455181163419934 0.0455181163419934 0.0455231304944849 0.0455181163419934 0.0455181163419934 0.0455181163419934 0.0455231304944849 0.0455181163419934 -9999 -9999 -9999 -9999 0.0541208876092553 0.0544833666649951 -9999 -9999 -9999 -9999 -9999 -9999 -9999 -9999 0.0455181163419934 0.0455181163419934 0.0455181163419934 0.0455181163419934 0.0455181163419934 0.0455181163419934
-9999 -9999 -9999 0.0498908762607423 0.049423745446778 0.0480932062657126 0.0495335217705394 0.0499156451328513 0.0496669950517288 0.0466121557840133 0.0467085939732342 0.0456366217300657 0.0455231304944849 0.0456171791532744 0.0455231304944849 0.0455181163419934 0.0466243436909241 0.0455181163419934 0.0467609870348211 0.0468017547775417 0.0513319963637717 0.0513368903539588 0.0481796282069746 0.0552433259185438 0.0553156622639147 0.0556540494975323 0.0455181163419934 -9999 -9999 -9999 -9999 -9999 -9999 -9999 -9999 -9999 -9999 -9999 -9999 -9999 -9999 -9999 -9999 0.0455231304944849 0.0455231304944849 0.0455181163419934 0.0455181163419934 0.0546008087145803
-9999 -9999 -9999 -9999 0.050087434823902 0.0495698558400531 0.0507586828313814 0.050121192596874 0.0466862891649517 0.0455231304944849 0.0456171791532744 0.0455231304944849 0.0456171791532744 0.0455181163419934 0.0456636186090464 0.0455231304944849 0.0455181163419934 0.0455181163419934 0.0455231304944849 0.0456636186090464 0.0455231304944849 0.0456171791532744 0.0456636186090464 0.0468017547775417 0.0466317872690415 0.0541716448939834 0.0469219070056123 0.0469517082781625 -9999 -9999 -9999 -9999 -9999 -9999 -9999 -9999 -9999 -9999 -9999 -9999 -9999 -9999 -9999 -9999 0.0455231304944849 0.0455181163419934 0.0455181163419934 0.0480501670159155
-9999 -9999 -9999 0.0482448669824522 0.0495832247175643 0.0495886210173421 0.046617275935793 0.0466223170083166 0.0457630728832412 0.0455231304944849 0.0455231304944849 0.0455181163419934 0.0456125200408593 0.0455231304944849 0.0458218545310267 0.0456636186090464 0.0455231304944849 0.0456171791532744 0.0455181163419934 0.0455181163419934 0.0458020617790972 0.0455231304944849 0.0455181163419934 0.0455231304944849 0.0455181163419934 0.0466121557840133 0.0482778387258376 -9999 -9999 -9999 -9999 -9999 -9999 -9999 -9999 -9999 -9999 -9999 -9999 -9999 -9999 -9999 -9999 -9999 -9999 -9999 0.0455181163419934 0.0455181163419934
-9999 -9999 -9999 -9999 0.0466121557840133 0.0466226357264722 0.0455231304944849 0.0456636186090464 0.0457752760854305 0.0455231304944849 0.0456171791532744 0.0455231304944849 0.0456171791532744 0.0456429644591797 0.0456636186090464 0.0458266053200953 0.0456683610235077 0.0456683610235077 0.0456171791532744 0.0457752760854305 0.0455231304944849 0.0459403325766648 0.0455231304944849 0.0455181163419934 0.0469167599734627 -9999 -9999 -9999 -9999 -9999 -9999 -9999 -9999 -9999 -9999 -9999 -9999 -9999 -9999 -9999 -9999 -9999 -9999 -9999 -9999 -9999 -9999 -9999
-9999 -9999 -9999 -9999 0.0496112812651043 0.0480818470577243 0.0455231304944849 0.0456125200408593 0.0457752760854305 0.0455181163419934 0.0458020617790972 0.0455231304944849 0.0455181163419934 0.0455181163419934 0.0455181163419934 0.0457752760854305 0.0470962853001477 0.0458218545310267 0.0458067476750765 0.0456683610235077 0.045739138759573 0.0456171791532744 0.0455181163419934 -9999 -9999 -9999 -9999 -9999 -9999 -9999 -9999 -9999 -9999 -9999 -9999 -9999 -9999 0.0455231304944849 0.0455181163419934 0.0455231304944849 -9999 -9999 -9999 -9999 -9999 -9999 -9999 -9999
-9999 -9999 -9999 0.0469167599734627 0.0494437784329513 0.0487421354917631 0.0455231304944849 0.047048513385936 0.0500275301689964 0.047048513385936 0.0456636186090464 0.0455231304944849 0.0455181163419934 0.0455181163419934 0.0455181163419934 0.0456171791532744 0.0456171791532744 0.0484260534015969 0.0456171791532744 0.0456683610235077 0.0455231304944849 0.0455231304944849 -9999 -9999 -9999 -9999 -9999 -9999 -9999 -9999 -9999 -9999 -9999 -9999 -9999 -9999 -9999 -9999 0.0455231304944849 0.0455231304944849 -9999 -9999 -9999 -9999 -9999 -9999 -9999 -9999
