BRT_projection_files/BRT_SCV2/B_gerstaeckeri_2_projection.asc
NCOLS 79 
NROWS 71 
XLLCORNER -10.5 
YLLCORNER 36 
CELLSIZE 0.5 
NODATA_value -9999 
[rows 42 to 62 of 71, columns 0 to 47 of 79]
-9999 -9999 -9999 -9999 -9999 -9999 -9999 -9999 -9999 -9999 0.0240115802372839 -9999 -9999 0.0310462336229778 -9999 -9999 -9999 -9999 -9999 -9999 -9999 -9999 -9999 -9999 0.0240289317222474 0.0242122289212523 0.0233351737949422 0.0233351737949422 0.0233351737949422 0.0239236108867587 0.0233351737949422 0.0241070813826281 0.0263137212770793 0.0248273716846813 0.023397247173185 0.0233330594609517 0.0249929882175526 0.0233193894515467 0.0233193894515467 0.0243182809504103 0.0233332216719416 0.0233351737949422 0.0233359697985112 0.0239300641678179 0.0241625209224604 0.0233397571214784 0.023339108233359 0.0233397571214784
-9999 -9999 -9999 -9999 -9999 -9999 -9999 -9999 -9999 -9999 -9999 -9999 -9999 -9999 -9999 -9999 -9999 -9999 -9999 -9999 -9999 -9999 0.0243095627334522 0.0240289317222474 0.0239236108867587 0.0233351737949422 0.0233351737949422 0.0233351737949422 0.0233351737949422 0.024015338186832 0.0244601041126791 0.0312312491680418 0.0249956948336192 0.0233351737949422 0.0234124378290768 0.023337269849623 0.0233351737949422 0.0233330594609517 0.0234849073372377 0.0269525444284939 0.0233351737949422 0.0233351737949422 0.0233351737949422 0.0233359697985112 0.0233359697985112 0.0233397571214784 0.0233397571214784 0.0233359697985112
-9999 -9999 -9999 -9999 -9999 -9999 -9999 -9999 -9999 -9999 -9999 -9999 -9999 -9999 -9999 -9999 -9999 -9999 0.0233351737949422 0.0233351737949422 0.0233351737949422 0.0243153241451425 0.024015338186832 0.0233351737949422 0.0233351737949422 0.0233351737949422 0.0233351737949422 0.0233351737949422 0.0233351737949422 0.0233351737949422 0.0233351737949422 0.0240289317222474 0.0239236108867587 0.0233351737949422 0.0233351737949422 0.0239258313016931 0.0444574150043232 0.023304682951614 0.0233253275843308 0.0233351737949422 0.0233351737949422 0.0233359697985112 0.0233359697985112 0.0233351737949422 0.0233359697985112 0.0233359697985112 0.0243396560512735 0.030710898201648
-9999 -9999 -9999 -9999 -9999 -9999 -9999 -9999 -9999 -9999 -9999 -9999 -9999 -9999 0.0233351737949422 -9999 -9999 -9999 0.0242070440199956 0.0242016847292621 0.0233351737949422 0.0233351737949422 0.0233351737949422 0.0233351737949422 0.0233351737949422 0.0233048768811173 0.0233330594609517 0.0233351737949422 0.0233351737949422 0.0233351737949422 0.0233351737949422 0.0240289317222474 0.0233351737949422 0.0233351737949422 0.0239236108867587 0.0240666971791827 0.0233351737949422 0.0338210068071996 0.0233236597300649 0.023304682951614 0.0242303630417499 0.0233359697985112 0.0233351737949422 0.0233351737949422 0.0233351737949422 0.0233351737949422 0.0233351737949422 0.025009577584681
-9999 -9999 -9999 -9999 -9999 -9999 -9999 -9999 -9999 -9999 -9999 -9999 0.0245868712278971 0.0318696618209483 0.0242070440199956 0.0233351737949422 0.0233351737949422 0.0233351737949422 0.0242068693653199 0.0242068693653199 0.0240289317222474 0.0233351737949422 0.0233351737949422 0.0233351737949422 0.0233351737949422 0.0233351737949422 0.0233351737949422 0.0233351737949422 0.0233351737949422 0.0233351737949422 0.0233351737949422 0.0240289317222474 0.0244967768006071 0.0240289317222474 0.039365312575462 0.0431946413291049 0.0233351737949422 0.06418991527705 0.0234049229126656 0.0233359697985112 0.0233351737949422 0.0233351737949422 0.0233351737949422 0.0233590576657966 0.0240185707616023 0.024015338186832 0.0240289317222474 0.0242260118532748
-9999 -9999 -9999 -9999 -9999 -9999 -9999 -9999 -9999 -9999 -9999 -9999 -9999 -9999 0.0241847410388399 0.0233351737949422 0.0233351737949422 0.0233351737949422 0.024016114314951 0.0233351737949422 0.0233351737949422 0.0233351737949422 0.0233351737949422 0.0233351737949422 0.0233351737949422 0.0233351737949422 0.0233351737949422 0.0233351737949422 0.0233351737949422 0.0233351737949422 0.024015338186832 0.0233351737949422 0.0240289317222474 0.0280518663339783 0.0541590571453118 0.0250667306851835 0.0478638651217831 0.0472843684225178 0.0242593224003311 0.023337269849623 0.0323610201542196 0.0604737040091325 0.12303293017739 0.037865135062935 0.258207319101543 0.456175893617149 0.386437764738608 0.517540772686764
-9999 -9999 -9999 -9999 -9999 -9999 -9999 -9999 -9999 -9999 -9999 -9999 -9999 -9999 -9999 -9999 -9999 0.0233351737949422 0.0233351737949422 0.0233351737949422 0.0233351737949422 0.0233351737949422 0.0233351737949422 0.0233351737949422 0.0233351737949422 0.0233351737949422 0.0233351737949422 0.0233351737949422 0.0242070440199956 0.0242016847292621 0.0233351737949422 0.0233351737949422 0.0279961718317934 0.0474439431507208 0.0449413149468985 0.0386482102080938 0.0399746482437522 0.0296785227812027 0.0376466338086488 0.104317876790352 0.456970802226014 0.0767192212244834 0.363776275181099 0.398249869865188 0.553337496063023 0.49005511075391 0.591881525868234 0.645863099257234
-9999 -9999 -9999 -9999 -9999 -9999 -9999 -9999 -9999 -9999 -9999 -9999 -9999 -9999 -9999 -9999 -9999 0.0233351737949422 0.0233351737949422 0.0233351737949422 0.0233351737949422 0.0233351737949422 0.0233351737949422 0.0233351737949422 0.0233351737949422 0.0233351737949422 0.0233351737949422 0.0233351737949422 0.0240289317222474 0.0245130609944095 0.0233351737949422 0.0245870226324807 0.0438505261825944 0.147435095397774 0.0306637827627458 0.105208332602034 0.641150085238976 0.27940379781509 0.45761016081245 0.655573325722806 0.480545740895063 0.0245326624057953 0.0242888633550334 0.0287529764296636 0.0244225007825952 0.0279773592644684 0.657856338958995 0.584720183612214
-9999 -9999 -9999 -9999 -9999 -9999 -9999 -9999 -9999 -9999 -9999 -9999 -9999 -9999 -9999 -9999 -9999 -9999 -9999 0.0233351737949422 0.0233351737949422 0.0233351737949422 0.0233351737949422 0.0242070440199956 0.0242016847292621 0.0248034405087427 0.0233351737949422 0.0233351737949422 0.0233351737949422 0.0241002229225825 0.0233351737949422 0.0363469073287593 0.0490055066746946 0.036362360858047 0.241609401744471 0.0336929049022249 0.0363507882496069 0.314760988438503 0.426831496798684 0.493429230599301 0.59314288428758 0.054743889951961 0.0347937418354079 0.0248930763608184 0.058960533877691 0.407084525001639 0.0433334413849809 0.0369556426819478
-9999 -9999 -9999 -9999 -9999 -9999 -9999 -9999 -9999 -9999 -9999 -9999 -9999 -9999 -9999 -9999 -9999 -9999 -9999 0.0233351737949422 0.0233351737949422 0.024015338186832 0.0245870226324807 0.0246276153696133 0.0496397342830798 0.0423389912149678 0.0247763964336506 0.0233351737949422 0.0470455929741873 0.0233351737949422 0.0233351737949422 0.0242295002918768 0.0454882131011907 0.0525399288907897 0.315128974967043 0.0321994646987919 0.0242643297107477 0.0494512710976578 0.0386556584018197 0.0383371472651461 0.0472564784610446 0.080949052221573 0.0417144780294059 0.0257957135522571 0.0328037530292561 0.0246042224602008 0.0245998056736687 -9999
-9999 -9999 -9999 -9999 -9999 -9999 -9999 -9999 -9999 -9999 -9999 -9999 -9999 -9999 -9999 -9999 -9999 -9999 -9999 0.0239236108867587 0.0233351737949422 0.0233351737949422 0.0239258313016931 0.0245036437654241 0.0492548905097872 0.0602595831853418 0.0615236351306844 0.023337269849623 0.0234095474340389 0.0234472636683201 0.0244441891053981 0.0246020628261834 0.0521187918916281 0.0365247162990555 0.0245029535669087 0.0241658901017968 0.0233351737949422 0.0233351737949422 0.0233236597300649 0.023324838006079 0.0233351737949422 0.0233330594609517 0.0233351737949422 0.0233330594609517 0.0233330594609517 -9999 -9999 -9999
-9999 -9999 -9999 -9999 -9999 -9999 -9999 -9999 -9999 -9999 -9999 -9999 -9999 -9999 -9999 -9999 -9999 -9999 -9999 0.0458993374495966 0.0233351737949422 0.0233351737949422 0.0233351737949422 0.023337269849623 0.0248034405087427 0.0281503947340068 0.0427235467056745 0.0252519558333348 0.0312833014781448 0.0594750184335284 0.0250756195609944 0.0250153636198859 0.0271777161351289 0.0436201416650805 0.025121708981419 0.0234049945973568 0.0233351737949422 0.0233351737949422 0.0239214841953475 0.0250323000511856 0.0249831442144838 0.0233351737949422 0.0233351737949422 0.0233330594609517 0.0233351737949422 0.0233351737949422 -9999 -9999
-9999 -9999 -9999 -9999 -9999 -9999 -9999 -9999 -9999 -9999 -9999 -9999 -9999 -9999 -9999 -9999 -9999 -9999 0.0252145720660486 0.0309715322374376 0.0441785098633685 0.0233351737949422 0.0233351737949422 0.0233351737949422 0.0233351737949422 0.0233351737949422 0.0241713117553842 0.0361490045192725 0.0709098698062074 0.0377826474577673 0.0233931978773951 0.0233931978773951 0.0234279366747552 0.0248448121954646 0.0296513618273007 0.0330617408828931 0.0244279220030594 0.0247617831321925 -9999 -9999 0.042896641454523 0.0464899340870176 0.0243597092029461 0.024015338186832 0.0233351737949422 0.0233330594609517 -9999 -9999
-9999 -9999 -9999 -9999 -9999 -9999 -9999 -9999 -9999 -9999 -9999 -9999 -9999 -9999 -9999 -9999 -9999 -9999 0.0364122547164859 0.0242023290531808 0.0246858953030323 0.0233351737949422 0.0233351737949422 0.0233351737949422 0.0233351737949422 0.0240296969130217 0.0433745755613304 0.0372167781542066 0.0458092734878492 0.0233351737949422 0.0233351737949422 0.0233991932910314 0.023397247173185 0.0244614287139079 0.0284683291800921 0.0278286148595611 -9999 -9999 -9999 -9999 -9999 -9999 0.0239214841953475 0.0233330594609517 0.04437402799658 0.0233351737949422 0.0233351737949422 -9999
-9999 -9999 -9999 0.0326989275927411 0.04183954690324 0.0400661836597826 0.0304487997418773 0.0369191408891332 0.0426100624314397 0.0284867967393687 0.0753446746236476 0.0646135771619063 0.0287832789677463 0.0600727918214459 0.0273359052948159 0.0262322441863086 0.0317769095544368 0.0378441966419083 0.0350800299590181 0.0429378317760906 0.0379397995217826 0.0242128727059434 0.0233351737949422 0.0233351737949422 0.0233351737949422 0.024015338186832 0.0233351737949422 0.0233351555156325 -9999 -9999 -9999 -9999 0.0233418861207721 0.0247195973582194 -9999 -9999 -9999 -9999 -9999 -9999 -9999 -9999 0.0233351737949422 0.0233351737949422 0.0233351737949422 0.0233351737949422 0.0233351737949422 0.0233351737949422
-9999 -9999 -9999 0.0423425583112564 0.039662308018385 0.0251309974911297 0.023561886466128 0.0265312124435521 0.0246101489749369 0.023397247173185 0.0233962347982664 0.0243381307286766 0.0233351737949422 0.0233351737949422 0.0233351737949422 0.0233351737949422 0.0244047695513153 0.0233351737949422 0.0271203546283229 0.0364152895326089 0.241382956238626 0.22642524658558 0.0283497545244414 0.0364481914951522 0.0607438189985702 0.056995533839709 0.0250033662240055 -9999 -9999 -9999 -9999 -9999 -9999 -9999 -9999 -9999 -9999 -9999 -9999 -9999 -9999 -9999 -9999 0.0233351737949422 0.0233351737949422 0.0233351737949422 0.0233351737949422 0.0465854549733177
-9999 -9999 -9999 -9999 0.0457752823163164 0.0250992153339053 0.026778741140718 0.0445274267836695 0.0233975058124778 0.0233351737949422 0.0233351737949422 0.0233351737949422 0.0233351737949422 0.0233351737949422 0.0233514669632494 0.0233514669632494 0.0233351737949422 0.0233351737949422 0.0233351737949422 0.0233351737949422 0.0233351737949422 0.0233888829275828 0.0233351737949422 0.0233815364180787 0.023397247173185 0.0237357754576319 0.0234033264619662 0.0233870124363577 -9999 -9999 -9999 -9999 -9999 -9999 -9999 -9999 -9999 -9999 -9999 -9999 -9999 -9999 -9999 -9999 0.0239236108867587 0.0240355372041054 0.0233351737949422 0.0234279366747552
-9999 -9999 -9999 0.0300200575839508 0.0418844522509086 0.0416320086294877 0.0233931978773951 0.0233962347982664 0.0233514669632494 0.0233351737949422 0.0233351737949422 0.0233351737949422 0.0233351737949422 0.0233351737949422 0.0233642704230997 0.0233535630179302 0.0233486774101791 0.0233642704230997 0.0233514669632494 0.0233514669632494 0.0233351737949422 0.0233351737949422 0.0233351737949422 0.0233351737949422 0.0234135539547067 0.0233318382484044 0.0233332158677667 -9999 -9999 -9999 -9999 -9999 -9999 -9999 -9999 -9999 -9999 -9999 -9999 -9999 -9999 -9999 -9999 -9999 -9999 -9999 0.0240289317222474 0.0244513500040742
-9999 -9999 -9999 -9999 0.0381201201794777 0.0248979151835206 0.0233535630179302 0.0233642704230997 0.0233351737949422 0.0233351737949422 0.0233351737949422 0.0233351737949422 0.0233642704230997 0.0233642704230997 0.0233642704230997 0.0233642704230997 0.0233642704230997 0.0233642704230997 0.0233642704230997 0.0233514669632494 0.0233493526292588 0.0233351737949422 0.0233642704230997 0.0233514669632494 0.0234033264619662 -9999 -9999 -9999 -9999 -9999 -9999 -9999 -9999 -9999 -9999 -9999 -9999 -9999 -9999 -9999 -9999 -9999 -9999 -9999 -9999 -9999 -9999 -9999
-9999 -9999 -9999 -9999 0.0469410630086535 0.024983587336023 0.0233535630179302 0.0233642704230997 0.0233642704230997 0.0233642704230997 0.0233486774101791 0.0233351737949422 0.0233642704230997 0.0233663664777805 0.0233642704230997 0.0233642704230997 0.0234033264619662 0.0233642704230997 0.0233351737949422 0.0233642704230997 0.0233642704230997 0.0233642704230997 0.023337269849623 -9999 -9999 -9999 -9999 -9999 -9999 -9999 -9999 -9999 -9999 -9999 -9999 -9999 -9999 0.023337269849623 0.0233351737949422 0.023337269849623 -9999 -9999 -9999 -9999 -9999 -9999 -9999 -9999
-9999 -9999 -9999 0.0233690649495427 0.0244963727698427 0.0288663165343519 0.0251450596319849 0.0234151300587787 0.0278543419542546 0.0260293541379278 0.0373222528683139 0.0233642704230997 0.0233642704230997 0.0233514669632494 0.0233642704230997 0.0233351737949422 0.0233642704230997 0.0235806845867427 0.0233642704230997 0.0233535630179302 0.0233535630179302 0.0233535630179302 -9999 -9999 -9999 -9999 -9999 -9999 -9999 -9999 -9999 -9999 -9999 -9999 -9999 -9999 -9999 -9999 0.0233351737949422 0.0233351737949422 -9999 -9999 -9999 -9999 -9999 -9999 -9999 -9999
