BRT_projection_files/BRT_SCV2/B_hortorum_2_projection.asc
NCOLS 79 
NROWS 71 
XLLCORNER -10.5 
YLLCORNER 36 
CELLSIZE 0.5 
NODATA_value -9999 
[rows 44 to 65 of 71, columns 0 to 48 of 79]
-9999 -9999 -9999 -9999 -9999 -9999 -9999 -9999 -9999 -9999 -9999 -9999 -9999 -9999 -9999 -9999 -9999 -9999 0.670037127835633 0.672310504674161 0.699425199356534 0.743911107782072 0.614931203776826 0.705655192084966 0.584206073598839 0.642948070137076 0.637232251718165 0.614067597491204 0.634013307929665 0.63781795794491 0.632028166399362 0.645748305988325 0.638921370171271 0.742103272704494 0.756164052259421 0.744226105570808 0.700288867186492 0.736991842797729 0.756161422007917 0.742534146421715 0.715825321833715 0.655406213505333 0.742651423917946 0.756154764560449 0.645676414292112 0.742709537021915 0.65017723796849 0.672500820325803 0.646161084013928
-9999 -9999 -9999 -9999 -9999 -9999 -9999 -9999 -9999 -9999 -9999 -9999 -9999 -9999 0.589474691448011 -9999 -9999 -9999 0.749217931461332 0.784750862624655 0.776446295062594 0.775914942999843 0.631753339677483 0.600547179839258 0.646238861335919 0.526468127925172 0.52603720665234 0.570034681461987 0.606521867084507 0.615263500622399 0.631207438189854 0.645701425038812 0.645259565444121 0.742619088961947 0.645300272518956 0.653324079198131 0.721106215144917 0.694967263253218 0.756306551338127 0.760074854718114 0.742753897386297 0.742546245603885 0.658408892394621 0.742526302321785 0.664440177103777 0.734628161978179 0.710298459677289 0.715170302524976 0.648163518474438
-9999 -9999 -9999 -9999 -9999 -9999 -9999 -9999 -9999 -9999 -9999 -9999 0.745067981828963 0.759160059102605 0.760062558766337 0.728209201623563 0.655922863070216 0.668544333860995 0.67394829554029 0.75804504047521 0.773203130493319 0.639634510900479 0.770914016739184 0.608374712415089 0.566174595115537 0.571942749837583 0.584879053388214 0.584149257506861 0.567210142758199 0.613857297497247 0.633445157363442 0.645600130583217 0.648150272140032 0.64832483358346 0.604434538148903 0.671148097888351 0.725622608495148 0.677573507056737 0.742413845591997 0.742707604102558 0.7424292640302 0.742876266148167 0.744565024380353 0.755987411993896 0.755944938286133 0.712894329341826 0.788347986148293 0.785683823454412 0.789044130281148
-9999 -9999 -9999 -9999 -9999 -9999 -9999 -9999 -9999 -9999 -9999 -9999 -9999 -9999 0.594674178128801 0.674147356322224 0.679108663920174 0.671438191201714 0.670290571436339 0.658249616499034 0.670264935045433 0.593635254987499 0.580084911964206 0.583927859496054 0.642352502253841 0.588143697078914 0.583862574449032 0.580371221325312 0.61254244808971 0.631869450151445 0.644802850328608 0.64565068428977 0.64786155642099 0.648990519737891 0.676869489652724 0.742462882122357 0.756117525121603 0.735365426400087 0.747681490347993 0.74764010397583 0.768825203322444 0.790830362118741 0.77374432270226 0.726769854040533 0.683512501579869 0.743307627144762 0.723344705163179 0.744125643889698 0.681138867306202
-9999 -9999 -9999 -9999 -9999 -9999 -9999 -9999 -9999 -9999 -9999 -9999 -9999 -9999 -9999 -9999 -9999 0.627325281461329 0.65532905839588 0.647329972071556 0.577192140873644 0.575550806173351 0.624265470455732 0.580809826448186 0.578822419925198 0.589814468238452 0.580180897215944 0.623952776642665 0.645835598022515 0.648145046278796 0.645200536086791 0.703667941386234 0.646242197801008 0.655028026479412 0.716970112881055 0.74767657305818 0.750199712406569 0.762150419684761 0.75815803125678 0.790200269072106 0.766825920518092 0.771197572871299 0.592579707590483 0.785021758372893 0.790371991250869 0.7910198639694 0.706580825978828 0.780079399438257 0.725148465041743
-9999 -9999 -9999 -9999 -9999 -9999 -9999 -9999 -9999 -9999 -9999 -9999 -9999 -9999 -9999 -9999 -9999 0.496927809602295 0.513414493582314 0.669252588724934 0.656363775793191 0.574954111209927 0.557321995635122 0.668042175376759 0.580311521419001 0.668625470300252 0.66700708313972 0.588405969775907 0.728017745420511 0.649655083375736 0.625418056014495 0.587433608273151 0.652441980858433 0.677395665135023 0.791134341973785 0.793797693882536 0.787631172432081 0.697768993182094 0.713837340895145 0.706098793838615 0.713633959412188 0.540191337633955 0.535805794982216 0.77566628266319 0.541216287028787 0.539183007842676 0.769488188432633 0.675366521845054 0.681014479474771
-9999 -9999 -9999 -9999 -9999 -9999 -9999 -9999 -9999 -9999 -9999 -9999 -9999 -9999 -9999 -9999 -9999 -9999 -9999 0.488020221889585 0.503969955472979 0.654746565418035 0.669462593271624 0.668133002089331 0.774495535842029 0.7781906698657 0.776902787237427 0.646581368131995 0.77485871791121 0.648897529634287 0.647015872987765 0.593805844669108 0.654682256411445 0.757684790667485 0.73060344155028 0.703145886142837 0.539679700250475 0.697468057544345 0.681549555323457 0.700619472996545 0.59042987758225 0.533530265227979 0.505198537199705 0.743388976013031 0.605735290486309 0.675074267302062 0.652221407973701 0.741971101672543 0.71196963241959
-9999 -9999 -9999 -9999 -9999 -9999 -9999 -9999 -9999 -9999 -9999 -9999 -9999 -9999 -9999 -9999 -9999 -9999 -9999 0.491524527923519 0.486781800263025 0.506620910173835 0.588673278769618 0.62721802771966 0.657418712593625 0.611071232609751 0.650671205137382 0.741246802723913 0.603567727416803 0.784128440377056 0.720997069457317 0.647791107822111 0.735221550924825 0.748446555409686 0.697140227844251 0.629311118697408 0.782816132565201 0.741974089458801 0.63946576277196 0.624921826826289 0.755879833446183 0.745848144774399 0.679033223546987 0.742621527001481 0.755937910253438 0.637688447858181 0.493610039666439 -9999 0.521694229392186
-9999 -9999 -9999 -9999 -9999 -9999 -9999 -9999 -9999 -9999 -9999 -9999 -9999 -9999 -9999 -9999 -9999 -9999 -9999 0.490325538879147 0.489809207022716 0.487029113453457 0.506833279497796 0.578061249873619 0.593560787310319 0.661767926450085 0.654283400329547 0.652408163749272 0.653025843261602 0.742247346071732 0.64158556298237 0.590415935243709 0.741872243624679 0.680876897964423 0.693110757909234 0.681458728585333 0.521034125436196 0.49042167795052 0.492020985965483 0.495330561439961 0.490620909813438 0.490412630461682 0.492905581292521 0.492119765969753 0.495520366557614 -9999 -9999 -9999 0.492310629725102
-9999 -9999 -9999 -9999 -9999 -9999 -9999 -9999 -9999 -9999 -9999 -9999 -9999 -9999 -9999 -9999 -9999 -9999 -9999 0.500876059482865 0.488796204356139 0.487875649375211 0.487145007463203 0.487269286027337 0.648146380017634 0.651534013261182 0.648926001432249 0.655079975231251 0.656277653097282 0.658769539186269 0.51869258029667 0.652715824677124 0.677504558985269 0.705847548435424 0.700783262278934 0.681509160910028 0.488487865245589 0.488835923517085 0.495052285729608 0.649663776107148 0.588782420995752 0.513835157126774 0.495164154751814 0.493621511953378 0.490196642558897 0.487988231416484 -9999 -9999 -9999
-9999 -9999 -9999 -9999 -9999 -9999 -9999 -9999 -9999 -9999 -9999 -9999 -9999 -9999 -9999 -9999 -9999 -9999 0.497078025249903 0.493982774179731 0.491800623030646 0.486938866809918 0.488633053176497 0.488454309959997 0.488120991640039 0.668948802773096 0.777573516740212 0.674205967120978 0.665316664805683 0.491947312484587 0.488623015363093 0.646099060470056 0.654163864088977 0.679152175624278 0.681295027483388 0.681161084472366 0.648175150214967 0.498600994128065 -9999 -9999 0.500027960405345 0.623497008425211 0.623489862871783 0.741330146270112 0.489969610491178 0.492760621319099 -9999 -9999 -9999
-9999 -9999 -9999 -9999 -9999 -9999 -9999 -9999 -9999 -9999 -9999 -9999 -9999 -9999 -9999 -9999 -9999 -9999 0.493293471801022 0.490168703038779 0.490087091673848 0.487665501325397 0.486396766985533 0.493428979343901 0.488462606020566 0.491693311626007 0.588882223382728 0.509873324813013 0.493620055001641 0.490374603342113 0.488372488888946 0.488781784173266 0.487633008058872 0.609193451518056 0.623784251156762 0.502939544252112 -9999 -9999 -9999 -9999 -9999 -9999 0.49780844262152 0.495592463883923 0.608314352459967 0.647293074959714 0.513674097073056 -9999 -9999
-9999 -9999 -9999 0.497259752506579 0.501783368223229 0.605432138240377 0.611484053725881 0.66916331308967 0.658904244234052 0.74284828992346 0.662344099633682 0.665931545628826 0.63387502489309 0.57150909933774 0.518486163853382 0.503125894751569 0.49839325704294 0.499942057168076 0.511912769151124 0.491497334819893 0.493145788798671 0.491523101936491 0.487832479215354 0.487938269621212 0.486770905397019 0.491603007446277 0.486980449001699 0.490589081176662 -9999 -9999 -9999 -9999 0.495077610407297 0.498241137083434 -9999 -9999 -9999 -9999 -9999 -9999 -9999 -9999 0.488402470454459 0.490171427456631 0.488978951384675 0.516848359436424 0.622585480042993 0.610194523905809 0.489987215064506
-9999 -9999 -9999 0.496657791704826 0.514022620951859 0.602940828836521 0.652386971906029 0.683837004920321 0.682998672760813 0.674748734660532 0.671056289701909 0.669620265421411 0.667316791990618 0.66941950152119 0.666194599520573 0.666060511588943 0.66981538145895 0.519171377681493 0.600742515693743 0.67482910548345 0.675973463220103 0.674880395656107 0.655358492210086 0.657544354479594 0.606555607100579 0.610593800641224 0.489712990602843 -9999 -9999 -9999 -9999 -9999 -9999 -9999 -9999 -9999 -9999 -9999 -9999 -9999 -9999 -9999 -9999 0.486948624949653 0.486927545693729 0.488302620067433 0.489931674811493 0.609756572292235 0.497710056683824
-9999 -9999 -9999 -9999 0.501912656320356 0.589580033873999 0.6802072084234 0.680312136752042 0.674175275210372 0.48229137342783 0.48452482934399 0.650751699318194 0.508375782682932 0.664340754287681 0.648194414882185 0.648612115291821 0.642839539910578 0.483499719401051 0.486264064312501 0.503386003343341 0.599333217624883 0.487488327062267 0.709005400436242 0.676922964842423 0.67350407313654 0.656402210576124 0.487133760517856 0.486520958990781 -9999 -9999 -9999 -9999 -9999 -9999 -9999 -9999 -9999 -9999 -9999 -9999 -9999 -9999 -9999 -9999 0.490251583784843 0.492131198230135 0.490449926710591 0.6528527790085 0.648094430589043
-9999 -9999 -9999 0.497956003708408 0.65072206860597 0.664679996932663 0.586728557822436 0.51216054644135 0.482394208805607 0.508465192547135 0.511216670885146 0.593061740525956 0.653195306667829 0.66300407670218 0.582298155474642 0.58481932053702 0.73469691833881 0.644004899000187 0.484669851344808 0.487595097150012 0.4816553876216 0.482336476542794 0.483657183738534 0.482892600959835 0.487851240008714 0.495247228984362 0.491841691675586 -9999 -9999 -9999 -9999 -9999 -9999 -9999 -9999 -9999 -9999 -9999 -9999 -9999 -9999 -9999 -9999 -9999 -9999 -9999 0.498423211321058 0.493584473712662 0.493514131756813
-9999 -9999 -9999 -9999 0.496622612125419 0.591251517601247 0.502878230191903 0.481907183854116 0.484219297173907 0.517685542193222 0.506548532856834 0.487695205269742 0.49584594127035 0.735417209219544 0.646446367804422 0.663532423997463 0.735806266976172 0.667451743894019 0.596136152206271 0.481898459450189 0.483974240530289 0.481887924776377 0.481522881440774 0.483653183286258 0.494122051575191 -9999 -9999 -9999 -9999 -9999 -9999 -9999 -9999 -9999 -9999 -9999 -9999 -9999 -9999 -9999 -9999 -9999 -9999 -9999 -9999 -9999 -9999 -9999 0.493538103598932
-9999 -9999 -9999 -9999 0.498599109601001 0.496703364850652 0.482648517726305 0.483087252520074 0.484972538062694 0.51408852512507 0.672771174279526 0.672679932471786 0.767992142108097 0.678938761289552 0.483704946137649 0.486924556841715 0.623807564872131 0.659502671201953 0.77261706911188 0.772462037641986 0.497457777642884 0.481395120804474 0.485210609713001 -9999 -9999 -9999 -9999 -9999 -9999 -9999 -9999 -9999 -9999 -9999 -9999 -9999 -9999 0.486253222661448 0.488072796647372 0.489947201840995 -9999 -9999 -9999 -9999 -9999 -9999 -9999 -9999 -9999
-9999 -9999 -9999 0.493079892985701 0.498226409904007 0.495394135496654 0.487421905009557 0.489241350143853 0.490404068684809 0.667429959482546 0.665771358007894 0.529975351638813 0.484595736480001 0.491519230908353 0.484464858123354 0.482485446618362 0.497894804141845 0.655082519151032 0.643655926705492 0.649289551195423 0.482073295959345 0.482219508216179 -9999 -9999 -9999 -9999 -9999 -9999 -9999 -9999 -9999 -9999 -9999 -9999 -9999 -9999 -9999 -9999 0.487792359741133 0.486795395579014 -9999 -9999 -9999 -9999 -9999 -9999 -9999 -9999 -9999
-9999 -9999 -9999 0.487297808873092 0.490884613704757 0.491189151379464 0.482808600830699 0.486560817800472 0.485763913700706 0.485698862424973 0.483910293735496 0.483349242189783 0.483839753362684 0.481845053261118 0.483072777215761 0.485341537090256 0.483658826426716 0.482132263561263 0.482063020372016 0.48364222923423 0.490015138691244 -9999 -9999 -9999 -9999 -9999 -9999 -9999 -9999 -9999 -9999 -9999 -9999 -9999 -9999 -9999 -9999 -9999 0.48806396781286 0.486805007515121 -9999 -9999 -9999 -9999 -9999 -9999 -9999 -9999 -9999
-9999 -9999 0.488103650639108 0.484325435614066 0.483924417888248 0.483406350587356 0.484517307789461 0.482190827607066 0.482471342128518 0.483777122288069 0.484645061823966 0.482238702965219 0.481654094364909 0.482996302678054 0.48312846025708 0.485321346440759 0.484863643044385 0.483008165351076 0.481460942919239 0.483243842693899 -9999 -9999 -9999 -9999 -9999 -9999 -9999 -9999 -9999 -9999 -9999 -9999 -9999 -9999 -9999 -9999 -9999 -9999 0.487376766063073 0.492102815492442 -9999 -9999 -9999 -9999 -9999 -9999 -9999 -9999 -9999
-9999 -9999 0.494963874798562 0.485423121310704 0.485392650297169 0.484517307789461 0.482677155337338 0.484500470431375 0.483770189671303 0.482853639081964 0.483920858291638 0.482003728064774 0.482908092962989 0.48509984384433 0.486788557440602 0.485071439369923 0.481622885807338 0.482832145353092 0.48391612829226 0.485233323777888 0.487321693574594 -9999 -9999 -9999 -9999 -9999 -9999 -9999 -9999 -9999 -9999 -9999 -9999 -9999 -9999 -9999 -9999 -9999 -9999 -9999 -9999 -9999 -9999 -9999 -9999 -9999 -9999 -9999 -9999
