BRT_projection_files/BRT_SCV2/B_humilis_1_projection.asc
NCOLS 79 
NROWS 71 
XLLCORNER -10.5 
YLLCORNER 36 
CELLSIZE 0.5 
NODATA_value -9999 
[rows 44 to 65 of 71, columns 0 to 48 of 79]
-9999 -9999 -9999 -9999 -9999 -9999 -9999 -9999 -9999 -9999 -9999 -9999 -9999 -9999 -9999 -9999 -9999 -9999 0.45438868118454 0.543001991229513 0.544541227214938 0.53643687412942 0.515126360056982 0.596173974970148 0.451733939349944 0.482728145369029 0.448391368307006 0.514550020634244 0.513786581987549 0.518912102851209 0.530885567976224 0.536910628862319 0.535965179134903 0.623277906518305 0.612139687472411 0.612529133811315 0.536017902208345 0.609214363574279 0.612008841078282 0.606738149234691 0.537507024364169 0.539854778023146 0.583068153164391 0.602528425332113 0.558388424626349 0.59129692136196 0.610614765717613 0.612704123487662 0.59951858282569
-9999 -9999 -9999 -9999 -9999 -9999 -9999 -9999 -9999 -9999 -9999 -9999 -9999 -9999 0.448820377394796 -9999 -9999 -9999 0.526137114292946 0.534855680325625 0.520671124892331 0.514513965356166 0.515143197106731 0.514407552331927 0.546315433315779 0.425106859140257 0.41542998765711 0.490956657676067 0.517989774623502 0.516217045894782 0.520092600310312 0.531221287492934 0.548238649096137 0.607836569153902 0.532915330927099 0.530424114306522 0.605996145456704 0.603316734709182 0.600470129277281 0.612256699304887 0.600462392419907 0.597453640142675 0.521413095906368 0.585336948261401 0.543916297931754 0.575600431451905 0.525155989717508 0.578781543964604 0.61475830982195
-9999 -9999 -9999 -9999 -9999 -9999 -9999 -9999 -9999 -9999 -9999 -9999 0.455808583838135 0.525394363244656 0.525049762244034 0.526768692062729 0.449707948335002 0.477886213728201 0.453273725512846 0.517838024637373 0.513765450501396 0.526982196599251 0.514218429454554 0.516564111167187 0.525223686696337 0.446737951736663 0.39221492669043 0.446469582327834 0.451686736913753 0.521359510149946 0.512715863733002 0.547876159192524 0.555182232848057 0.534900117053727 0.531784451224659 0.532859518573113 0.609001005451463 0.635188812464576 0.624309855616231 0.597128854583692 0.600747791862415 0.596890495571046 0.603238920657148 0.595201562085628 0.596951029798052 0.517565547395849 0.53093568956217 0.52471471394168 0.520948810682992
-9999 -9999 -9999 -9999 -9999 -9999 -9999 -9999 -9999 -9999 -9999 -9999 -9999 -9999 0.402019323937734 0.403014232174712 0.446958974241232 0.445785256476639 0.44649971888212 0.44689993338536 0.446765457014973 0.45426182004055 0.451365233521698 0.451340510731743 0.44875799536065 0.453461521901107 0.446536724025976 0.447896991338047 0.521305105847504 0.513837431652789 0.531289989745403 0.54960519792211 0.548062666022131 0.557229767786276 0.563202931514482 0.605706433904696 0.604378602206699 0.587708868892737 0.604034521659324 0.583197944723825 0.556066438769975 0.558943743630539 0.631033902706636 0.585768619686807 0.639928151291709 0.63935480715821 0.640809059147993 0.641317752375578 0.635223992378345
-9999 -9999 -9999 -9999 -9999 -9999 -9999 -9999 -9999 -9999 -9999 -9999 -9999 -9999 -9999 -9999 -9999 0.379589872839052 0.394199592114301 0.421634168763833 0.402451444837682 0.445218222173087 0.448559893038493 0.446515776300482 0.446292013561125 0.452108811541197 0.447564967579086 0.538560729393274 0.529920452987926 0.531258545700096 0.529949759782972 0.545053085154038 0.556695559824516 0.562195645367411 0.584797778063586 0.602891774401977 0.608052103556717 0.598165446857891 0.618095854689628 0.601820770867187 0.641546394065687 0.542286088529626 0.610616997125304 0.642186693069937 0.640392404799159 0.638684448460026 0.615539197669665 0.641478682260232 0.640817224366995
-9999 -9999 -9999 -9999 -9999 -9999 -9999 -9999 -9999 -9999 -9999 -9999 -9999 -9999 -9999 -9999 -9999 0.373982388365137 0.374024788526942 0.445289517705357 0.445541710424539 0.448152227031917 0.445274538085331 0.446692890684736 0.448663333318084 0.448036570280049 0.494219334188395 0.465487295478421 0.539237932898209 0.559106584482781 0.543888965246606 0.459691405939177 0.555000507944013 0.633535437105599 0.583894963081736 0.606531623772637 0.632249238266609 0.615152465207365 0.55232215334079 0.54997812607219 0.48904065193747 0.582188898133115 0.598550907264848 0.617654536899471 0.591596335454322 0.599194228817133 0.611109941275192 0.638319324652466 0.640394238951911
-9999 -9999 -9999 -9999 -9999 -9999 -9999 -9999 -9999 -9999 -9999 -9999 -9999 -9999 -9999 -9999 -9999 -9999 -9999 0.37397691417882 0.380882718472465 0.445090518928476 0.446529612418766 0.527385766378439 0.530920488823234 0.535333889834465 0.532584805360394 0.516423086062643 0.530649754105578 0.534947515052129 0.533343181970085 0.539449896945847 0.58154912040975 0.620797405588747 0.637780321557937 0.609186851278962 0.608961451589321 0.631915997998842 0.636779258818634 0.638495385092292 0.610753086882554 0.602182182657272 0.572626641806068 0.640565807628811 0.605000307170484 0.637057800596559 0.581351255370214 0.566873088273006 0.59640276990523
-9999 -9999 -9999 -9999 -9999 -9999 -9999 -9999 -9999 -9999 -9999 -9999 -9999 -9999 -9999 -9999 -9999 -9999 -9999 0.373565046397919 0.373108007587557 0.373971810674479 0.458185286062258 0.51376552540754 0.556805965873059 0.528154056744798 0.607162786322813 0.608009937105183 0.528418018868033 0.598067346490039 0.624729232164791 0.493128800067558 0.56403486924699 0.632941433489584 0.636361727862156 0.61024441900217 0.633181065780052 0.605505652361605 0.509797054987212 0.508420397862613 0.625777835842713 0.639755532060335 0.638723686796532 0.640453807322075 0.607158790230417 0.49572671835276 0.382621513853476 -9999 0.390806406648246
-9999 -9999 -9999 -9999 -9999 -9999 -9999 -9999 -9999 -9999 -9999 -9999 -9999 -9999 -9999 -9999 -9999 -9999 -9999 0.379469493795676 0.376457468439065 0.377946140228663 0.380048089573133 0.435912384990659 0.47238924130678 0.556017039681283 0.634729804825283 0.532731796471463 0.561575500891735 0.607040123317596 0.568958740284009 0.539731955728798 0.599250623258125 0.636981869921093 0.626519241692049 0.640034027590777 0.418503091588347 0.374217001416859 0.386235877541395 0.38959702796009 0.385105689188992 0.384718241312768 0.38593092837348 0.386590195753775 0.388636707872936 -9999 -9999 -9999 0.379439410724605
-9999 -9999 -9999 -9999 -9999 -9999 -9999 -9999 -9999 -9999 -9999 -9999 -9999 -9999 -9999 -9999 -9999 -9999 -9999 0.389315147024188 0.381094436591679 0.374771638733002 0.379748184073932 0.37951318579945 0.410050912845873 0.557049471014702 0.553415078538004 0.581549292530653 0.637140080663811 0.558863640431594 0.420404452188292 0.559869399053587 0.638409069090803 0.636931929698115 0.638609661546296 0.584223029694053 0.382680785124282 0.374809859237946 0.379934642828845 0.557706551183483 0.550952488135767 0.384413477188234 0.387678380726032 0.384483353860331 0.376140641133139 0.368548937535289 -9999 -9999 -9999
-9999 -9999 -9999 -9999 -9999 -9999 -9999 -9999 -9999 -9999 -9999 -9999 -9999 -9999 -9999 -9999 -9999 -9999 0.383266673651426 0.378365773893859 0.37796317713692 0.372485613835152 0.373827861827733 0.373448183359473 0.379699886940715 0.448327032564362 0.51933210708334 0.556897144775523 0.576432630898305 0.384160857168626 0.38237232157112 0.557226294173624 0.557942974700148 0.634891004806259 0.418660362828392 0.633378025818317 0.531221836196734 0.393001238337061 -9999 -9999 0.390824476741562 0.524824423610478 0.533077857737806 0.583460843341507 0.377233125186649 0.382880391950122 -9999 -9999 -9999
-9999 -9999 -9999 -9999 -9999 -9999 -9999 -9999 -9999 -9999 -9999 -9999 -9999 -9999 -9999 -9999 -9999 -9999 0.381458392925116 0.378566767015618 0.37049088792227 0.371405666534932 0.372815739095249 0.384426554197015 0.373619919786944 0.373992400559202 0.528296345680058 0.392715389343225 0.383529836887098 0.37322478832146 0.381869342745462 0.386074631088226 0.385056542767316 0.467879076339047 0.473090095992014 0.396521804944146 -9999 -9999 -9999 -9999 -9999 -9999 0.383791223853207 0.386941880892271 0.529928979626459 0.521819336965825 0.379030251471785 -9999 -9999
-9999 -9999 -9999 0.386638803802843 0.401802133692711 0.559992355060003 0.555650181731013 0.526308942246076 0.523150878977272 0.599361964406171 0.525832905588437 0.522257917242305 0.454054392566406 0.432523012413131 0.401787227028551 0.397463398103806 0.385527701971051 0.426297303475005 0.464310453228699 0.403403003218319 0.402216221228586 0.380628004316074 0.373202008011237 0.376329388972392 0.372658869650884 0.381000388755433 0.377735798091468 0.37308135734023 -9999 -9999 -9999 -9999 0.382360992723865 0.366854624082015 -9999 -9999 -9999 -9999 -9999 -9999 -9999 -9999 0.374773093015433 0.36713544414148 0.373986118966727 0.375182953554072 0.523406660132204 0.423420690856434 0.369869716412356
-9999 -9999 -9999 0.389795291383903 0.384919672539788 0.531886390645142 0.554795133505562 0.557722724235068 0.582537983437508 0.561294473903742 0.556640566893943 0.5590288451151 0.553222481266943 0.555007439522445 0.543415162577915 0.555973733308296 0.557033576711277 0.468264382644966 0.539363493973633 0.567493293668759 0.613912742514785 0.393539674538824 0.602573575949304 0.542287415880077 0.605424671669729 0.526317436666842 0.374509446133779 -9999 -9999 -9999 -9999 -9999 -9999 -9999 -9999 -9999 -9999 -9999 -9999 -9999 -9999 -9999 -9999 0.291113829014608 0.367663089070849 0.36814694995979 0.377230976732052 0.528271176514939 0.385180658705063
-9999 -9999 -9999 -9999 0.388121262043157 0.433122877024761 0.556647082716116 0.581180619788319 0.556816650161087 0.353106168412003 0.351849963251005 0.404655973823133 0.360976121790086 0.518102620998608 0.534520385225863 0.534278869911743 0.556691906576565 0.349697941310501 0.37247459092035 0.446656172957103 0.541535329818387 0.404661840697194 0.534638844020127 0.544134054901535 0.559398235314659 0.55886496896673 0.378617774226997 0.363225929593447 -9999 -9999 -9999 -9999 -9999 -9999 -9999 -9999 -9999 -9999 -9999 -9999 -9999 -9999 -9999 -9999 0.286223803549344 0.291277720093987 0.371563873713309 0.558853181305024 0.531582321583406
-9999 -9999 -9999 0.380449475907697 0.467737668603269 0.553066215062447 0.407378481209018 0.384516647602357 0.379664748898043 0.349679570863901 0.365553520584974 0.402586480186171 0.403962952129703 0.46422745768593 0.522451169414576 0.532677341415611 0.517666907558181 0.53687246912951 0.347992108862427 0.354611405866077 0.346887028973225 0.345493190656943 0.348388552405567 0.373808021198083 0.389501987711428 0.397411396681987 0.376950954486176 -9999 -9999 -9999 -9999 -9999 -9999 -9999 -9999 -9999 -9999 -9999 -9999 -9999 -9999 -9999 -9999 -9999 -9999 -9999 0.28774035481389 0.29158305877582 0.293907419056653
-9999 -9999 -9999 -9999 0.391890820829336 0.408887910054945 0.380222087867561 0.379535663157511 0.380206676270454 0.359437557941083 0.349446024962525 0.349523196988752 0.388832191730798 0.534536071940359 0.51767195095183 0.471010347118108 0.444726186769774 0.453694645306879 0.469705892459092 0.349359650889631 0.345703493478544 0.290458372225314 0.34343648802825 0.291606213573014 0.287666705058063 -9999 -9999 -9999 -9999 -9999 -9999 -9999 -9999 -9999 -9999 -9999 -9999 -9999 -9999 -9999 -9999 -9999 -9999 -9999 -9999 -9999 -9999 -9999 0.286122898572675
-9999 -9999 -9999 -9999 0.380130412558698 0.382315475436265 0.378460102596655 0.379788592962696 0.380215355324546 0.402806809359413 0.543493595759313 0.479740556824796 0.541235346627285 0.586313177975881 0.351050334016469 0.381152521406872 0.36520146588285 0.517666798869777 0.455635189515658 0.503425746216572 0.413910197418458 0.374479636023535 0.286102736846059 -9999 -9999 -9999 -9999 -9999 -9999 -9999 -9999 -9999 -9999 -9999 -9999 -9999 -9999 0.286102736846059 0.286250982900019 0.377346829147856 -9999 -9999 -9999 -9999 -9999 -9999 -9999 -9999 -9999
-9999 -9999 -9999 0.287695381817144 0.289906986624471 0.382516293759865 0.376526562728406 0.378264506463656 0.379716761022344 0.542581340113326 0.542376955150972 0.458250832616683 0.368842441058155 0.364083917352201 0.354718738519374 0.372042604501591 0.449467271217662 0.366074492474196 0.470898275186367 0.45679028595811 0.401099031857125 0.286129057521483 -9999 -9999 -9999 -9999 -9999 -9999 -9999 -9999 -9999 -9999 -9999 -9999 -9999 -9999 -9999 -9999 0.28701931242401 0.377714226888888 -9999 -9999 -9999 -9999 -9999 -9999 -9999 -9999 -9999
-9999 -9999 -9999 0.286906583390867 0.292916887420598 0.293111543142029 0.286102736846059 0.287529286401447 0.286227065922257 0.286244234464754 0.286073668838859 0.367607277412471 0.347196982363803 0.347031326553018 0.347117466553968 0.34943095137822 0.372829685209962 0.359255185313083 0.366937225419274 0.355549059592859 0.286028447105289 -9999 -9999 -9999 -9999 -9999 -9999 -9999 -9999 -9999 -9999 -9999 -9999 -9999 -9999 -9999 -9999 -9999 0.286154727425504 0.291494322655449 -9999 -9999 -9999 -9999 -9999 -9999 -9999 -9999 -9999
-9999 -9999 0.286258603224804 0.286291562388514 0.286147255068213 0.286055788985818 0.28610901893063 0.286091850388133 0.286219269649295 0.286219269649295 0.286091850388133 0.364296032215652 0.373970774601402 0.347301433762045 0.346972726188377 0.347089523619253 0.34862754054226 0.348895821443697 0.355311851742725 0.29108268987486 -9999 -9999 -9999 -9999 -9999 -9999 -9999 -9999 -9999 -9999 -9999 -9999 -9999 -9999 -9999 -9999 -9999 -9999 0.286150359672381 0.28614842849831 -9999 -9999 -9999 -9999 -9999 -9999 -9999 -9999 -9999
-9999 -9999 0.287192885343198 0.286102406421731 0.286085568303562 0.286223803549344 0.286271504287488 0.286245103118861 0.286249691924143 0.286141355221813 0.286091850388133 0.290944981292172 0.349162002486233 0.34724764713001 0.3470588098868 0.369686164331373 0.367919228849519 0.348690286837206 0.348934464097452 0.347928798656705 0.286104123736917 -9999 -9999 -9999 -9999 -9999 -9999 -9999 -9999 -9999 -9999 -9999 -9999 -9999 -9999 -9999 -9999 -9999 -9999 -9999 -9999 -9999 -9999 -9999 -9999 -9999 -9999 -9999 -9999
