BRT_projection_files/BRT_SCV2/B_jonellus_1_projection.asc
NCOLS 79 
NROWS 71 
XLLCORNER -10.5 
YLLCORNER 36 
CELLSIZE 0.5 
NODATA_value -9999 
[rows 44 to 65 of 71, columns 0 to 48 of 79]
-9999 -9999 -9999 -9999 -9999 -9999 -9999 -9999 -9999 -9999 -9999 -9999 -9999 -9999 -9999 -9999 -9999 -9999 0.177463811875829 0.196170203936818 0.185511336414031 0.199809652909805 0.192698954746455 0.249635819028708 0.169137061978318 0.170772274170153 0.169191049701382 0.192303608352158 0.332518335364271 0.253396697122011 0.365536108549345 0.387470689323859 0.387247020341371 0.571093565360523 0.558551524183944 0.56107536053823 0.432273419637347 0.513489872737536 0.543925960453313 0.505025317154905 0.397426706064384 0.410168445372757 0.287345435654171 0.528635865980482 0.377983999093841 0.382917406234854 0.420787163663477 0.44863810349001 0.374770375644088
-9999 -9999 -9999 -9999 -9999 -9999 -9999 -9999 -9999 -9999 -9999 -9999 -9999 -9999 0.174808810562669 -9999 -9999 -9999 0.23229491697093 0.440726422168956 0.389100720125165 0.349054334713035 0.356042179731907 0.184898033168616 0.171775454571137 0.194561814885652 0.199690465363852 0.169097746739121 0.192129482992877 0.192507384712748 0.193911779170302 0.392355212641794 0.387952490597484 0.507985644114353 0.38012793187016 0.410975413032327 0.510708568234798 0.565718243221709 0.558241416880446 0.561124200083679 0.540896709695616 0.391531768465051 0.277305488743248 0.277864196154579 0.272649613653037 0.301230949247023 0.377952776946519 0.414987790084306 0.485024775668155
-9999 -9999 -9999 -9999 -9999 -9999 -9999 -9999 -9999 -9999 -9999 -9999 0.171319110893281 0.202793799074661 0.1999964299536 0.20248965483314 0.17088999018055 0.172498217211473 0.169114512695312 0.19295546898032 0.253568179884558 0.193389515090107 0.245993660335227 0.190806842296468 0.184379233116865 0.170550872356505 0.170097321574516 0.169133159949343 0.169093843418758 0.191018008660151 0.192871405537509 0.375365373205697 0.389413331149119 0.42366689822583 0.442041960538492 0.446235393751725 0.568433787697016 0.479580014076586 0.536501129071973 0.387957851105533 0.432437988010804 0.476514084025781 0.571845715944417 0.559013238671125 0.563931692089011 0.402334192188404 0.407112872871774 0.423802431164387 0.428669971623977
-9999 -9999 -9999 -9999 -9999 -9999 -9999 -9999 -9999 -9999 -9999 -9999 -9999 -9999 0.170512077614378 0.17037159716963 0.169766830199523 0.171430531579144 0.169352616047007 0.169398244466711 0.169766830199523 0.169085633545172 0.171430531579144 0.170791853880702 0.169095162659938 0.169079920599319 0.169137061978318 0.169097746739121 0.191044279977627 0.333284910276194 0.362862400254693 0.388237662487613 0.346460576560511 0.446656446911779 0.486299593798337 0.418612868889154 0.559954912163202 0.466792667080319 0.525458611935939 0.413925387198321 0.540410520571365 0.542970716678615 0.532229890229225 0.479141975983837 0.519487564704456 0.531635369785636 0.52929939851021 0.528405621492223 0.519776012295514
-9999 -9999 -9999 -9999 -9999 -9999 -9999 -9999 -9999 -9999 -9999 -9999 -9999 -9999 -9999 -9999 -9999 0.177714707527207 0.16998610028331 0.169525771495622 0.170555922605316 0.170569955195594 0.170705728052241 0.169137061978318 0.169133159949343 0.169040600124965 0.169097746739121 0.193240425073989 0.197148734346421 0.41060213120195 0.293631554355758 0.194072558531835 0.275946049600312 0.460125521842413 0.474708713974164 0.460358967456015 0.544267294843881 0.545867292476625 0.572292617447733 0.450758376779696 0.533844457311941 0.543346724079498 0.502939589466476 0.528456315414362 0.539497262644181 0.537697994454395 0.542494794311204 0.540638974459573 0.520040465605212
-9999 -9999 -9999 -9999 -9999 -9999 -9999 -9999 -9999 -9999 -9999 -9999 -9999 -9999 -9999 -9999 -9999 0.169097746739121 0.169398244466711 0.169109665762774 0.169398244466711 0.169109594208771 0.169137061978318 0.169143950250118 0.169097746739121 0.169097746739121 0.173704059869768 0.169422774315715 0.199215214123364 0.406161225427096 0.194475402585865 0.174126853524872 0.472480456290006 0.513612214404601 0.417340036459056 0.463680126084749 0.540734272194914 0.534634177826099 0.54260737822062 0.54068403611894 0.539599918188367 0.516434594034207 0.50994148611889 0.512850517510831 0.500591846275147 0.513301873803963 0.540543500186609 0.518157704023429 0.513023796900491
-9999 -9999 -9999 -9999 -9999 -9999 -9999 -9999 -9999 -9999 -9999 -9999 -9999 -9999 -9999 -9999 -9999 -9999 -9999 0.169116106878419 0.169110610686587 0.169398244466711 0.169097746739121 0.196178739655245 0.300106223907294 0.403790277394688 0.409415319104029 0.255918188946661 0.344302247365376 0.410172703167332 0.194518451128203 0.199284647572183 0.477902125533027 0.531634610816718 0.501801036110295 0.528169812128815 0.502636584499805 0.542598832344074 0.518392204394583 0.540765162544041 0.542145219407658 0.530628784919908 0.513479545806094 0.505016008060207 0.513583956714799 0.515207773007566 0.462113185692008 0.432498373208575 0.720543768526444
-9999 -9999 -9999 -9999 -9999 -9999 -9999 -9999 -9999 -9999 -9999 -9999 -9999 -9999 -9999 -9999 -9999 -9999 -9999 0.169074184232114 0.169097746739121 0.169165772903479 0.169130277604711 0.177106019625073 0.467222074710364 0.435072711611037 0.439163115007563 0.458874977217501 0.41111168856904 0.459136539407567 0.250971940242937 0.171486137626814 0.468975468448563 0.467312519750658 0.516768698733049 0.506495805452814 0.513555520636304 0.476072925764699 0.198445230264253 0.196280150502594 0.570480328891691 0.575569143474129 0.46983293263906 0.542207119638263 0.544630222259141 0.198986437718994 0.196474510415046 -9999 0.188070829428861
-9999 -9999 -9999 -9999 -9999 -9999 -9999 -9999 -9999 -9999 -9999 -9999 -9999 -9999 -9999 -9999 -9999 -9999 -9999 0.16841471219481 0.169757762972952 0.169069884123396 0.168018259757809 0.169447783064577 0.170482085467318 0.464763872323687 0.469161160767388 0.399493401213695 0.42960258121597 0.453524971248451 0.208900873757999 0.204730142130057 0.483156401402773 0.507415774324354 0.485599457986873 0.485758983282598 0.196290384597907 0.17027600741573 0.195976564819574 0.196460982720909 0.199812457896306 0.196460502806618 0.19567974545665 0.195969252891096 0.1959406994386 -9999 -9999 -9999 0.169240243693209
-9999 -9999 -9999 -9999 -9999 -9999 -9999 -9999 -9999 -9999 -9999 -9999 -9999 -9999 -9999 -9999 -9999 -9999 -9999 0.192685136316055 0.174840399004705 0.169108687318495 0.169061721515565 0.168030439312522 0.182453940098886 0.395842246094738 0.451274528420314 0.448840983142986 0.458736602644652 0.466785335056564 0.169486336276059 0.458967670793654 0.512080100920262 0.506692229631765 0.484061632414023 0.445981497017676 0.195741641557423 0.171158619404312 0.170616164144375 0.410151290978477 0.198675686583521 0.185760603820493 0.19932892233117 0.199300194069295 0.17164612163882 0.171347361955039 -9999 -9999 -9999
-9999 -9999 -9999 -9999 -9999 -9999 -9999 -9999 -9999 -9999 -9999 -9999 -9999 -9999 -9999 -9999 -9999 -9999 0.169657994949468 0.16810471863898 0.168262433326203 0.169075974979864 0.169113494926293 0.169727421511967 0.177394696941494 0.17070360408281 0.394024344046969 0.452112444144555 0.479697765335625 0.169636061438757 0.169411770944535 0.397693521292568 0.432241269723189 0.439968984663306 0.485815264374596 0.442032692631016 0.405758759379073 0.168513312251028 -9999 -9999 0.176008532568281 0.452707382293671 0.426523167507924 0.375468559308816 0.170391840781756 0.199055636467471 -9999 -9999 -9999
-9999 -9999 -9999 -9999 -9999 -9999 -9999 -9999 -9999 -9999 -9999 -9999 -9999 -9999 -9999 -9999 -9999 -9999 0.169711625040151 0.170545733798734 0.169138075202319 0.169398244466711 0.170516132550493 0.188534823046168 0.169074184232114 0.169076665663838 0.170785508148017 0.169829946057324 0.17165515483782 0.168246277378269 0.185133243608133 0.172857117794936 0.168327172550603 0.169585500699992 0.170422593041146 0.188815085691313 -9999 -9999 -9999 -9999 -9999 -9999 0.195244114646364 0.199941141661844 0.406628761422302 0.372541586410793 0.170461942007617 -9999 -9999
-9999 -9999 -9999 0.174509921067454 0.19015490371808 0.217794196514931 0.213438510530226 0.380501481137267 0.439746809154278 0.560198586772631 0.45538458346551 0.450389181108211 0.169899326344343 0.170583481257574 0.168737225971012 0.19015490371808 0.174626729929988 0.17455932631149 0.175887027567295 0.1721106766815 0.171643194228683 0.169826400716731 0.16914240506948 0.169069884123396 0.169097746739121 0.169041107709303 0.169000804779925 0.169693685140378 -9999 -9999 -9999 -9999 0.16885216094259 0.1682199016334 -9999 -9999 -9999 -9999 -9999 -9999 -9999 -9999 0.169080907817345 0.169091972270119 0.169538830281724 0.169480729565127 0.192838044519862 0.16932605745509 0.170404822134009
-9999 -9999 -9999 0.174487573830426 0.171127888039393 0.177345060761229 0.207333526829698 0.433851913248505 0.462584247745992 0.43066486776555 0.426683615183452 0.390381125311407 0.387199598480287 0.388031140406468 0.379730848269369 0.394710866722902 0.441375085932098 0.169608870158759 0.39527735785544 0.475130241571834 0.492281795817838 0.488920779317023 0.477034412343828 0.437225151987212 0.429412813555297 0.276899575750551 0.167738493584966 -9999 -9999 -9999 -9999 -9999 -9999 -9999 -9999 -9999 -9999 -9999 -9999 -9999 -9999 -9999 -9999 0.169133159949343 0.169093843418758 0.169070282223389 0.169106737091542 0.41004730913121 0.195530684541637
-9999 -9999 -9999 -9999 0.174810453307643 0.169539242600561 0.433877372910275 0.461917469755814 0.428691296027314 0.170311993905288 0.170322451326144 0.170289084127662 0.170320975000188 0.183895588598571 0.397817511261223 0.395943455460339 0.269739378596768 0.170032516626657 0.170952353269769 0.171098543432394 0.300758380521031 0.169681241698647 0.417399323836304 0.430492375442572 0.430281466372356 0.409775697921314 0.167514561587636 0.168841094325713 -9999 -9999 -9999 -9999 -9999 -9999 -9999 -9999 -9999 -9999 -9999 -9999 -9999 -9999 -9999 -9999 0.169134171881957 0.173332351770918 0.171205888096951 0.430699300852099 0.377248702098864
-9999 -9999 -9999 0.174587628180452 0.175916865552548 0.215339972221547 0.168554480260131 0.168596973387601 0.169971574604908 0.170322451326144 0.170320975000188 0.170854567466077 0.170289084127662 0.183587803075963 0.184498723989731 0.25821099382011 0.260033088286211 0.183725038223358 0.170043941505541 0.185090912008534 0.170043941505541 0.170047869248974 0.170036593697509 0.170032516626657 0.170320867461335 0.190927191290003 0.168226201615927 -9999 -9999 -9999 -9999 -9999 -9999 -9999 -9999 -9999 -9999 -9999 -9999 -9999 -9999 -9999 -9999 -9999 -9999 -9999 0.19962784872567 0.172520791261638 0.169148806739281
-9999 -9999 -9999 -9999 0.190379449868772 0.169176166022295 0.169116666317668 0.168958337867542 0.175464463805084 0.170322451326144 0.170289084127662 0.170028588883224 0.170028588883224 0.250316009322791 0.279995773403424 0.184489112559981 0.267789941058718 0.267675403194978 0.184721374941519 0.170043941505541 0.170043941505541 0.170076022332344 0.169971574604908 0.169941330395685 0.189576592000216 -9999 -9999 -9999 -9999 -9999 -9999 -9999 -9999 -9999 -9999 -9999 -9999 -9999 -9999 -9999 -9999 -9999 -9999 -9999 -9999 -9999 -9999 -9999 0.170275312621352
-9999 -9999 -9999 -9999 0.175215451314836 0.169919945698008 0.167567155728276 0.16915714199223 0.172904742527035 0.16994035141673 0.183686566160564 0.185252986536238 0.253882113544675 0.212293949681408 0.170032516626657 0.17001817287022 0.414234180212274 0.267592981207331 0.264079577750819 0.267387067157641 0.170005895653259 0.169956227083241 0.168699637425475 -9999 -9999 -9999 -9999 -9999 -9999 -9999 -9999 -9999 -9999 -9999 -9999 -9999 -9999 0.169477679879252 0.169097746739121 0.168015347496167 -9999 -9999 -9999 -9999 -9999 -9999 -9999 -9999 -9999
-9999 -9999 -9999 0.168419749079308 0.170791567776375 0.17113065136513 0.168605050696482 0.168238681502322 0.16887428012585 0.202978253992383 0.209568674499454 0.168601664695356 0.170028588883224 0.19639383117481 0.170528820658708 0.170032516626657 0.168794943934731 0.291686949127842 0.267156081218473 0.282081146088564 0.16872527123492 0.168718705778687 -9999 -9999 -9999 -9999 -9999 -9999 -9999 -9999 -9999 -9999 -9999 -9999 -9999 -9999 -9999 -9999 0.169727421511967 0.169066560610809 -9999 -9999 -9999 -9999 -9999 -9999 -9999 -9999 -9999
-9999 -9999 -9999 0.193460758873274 0.168301311979026 0.168351787652004 0.167528364259446 0.182135243456629 0.167381170497611 0.167360687690643 0.168735972362038 0.170289084127662 0.170289084127662 0.170289084127662 0.170289084127662 0.170289084127662 0.170087763499049 0.170061459996056 0.168964452230851 0.168963825650993 0.193087539445935 -9999 -9999 -9999 -9999 -9999 -9999 -9999 -9999 -9999 -9999 -9999 -9999 -9999 -9999 -9999 -9999 -9999 0.169097746739121 0.168066328289195 -9999 -9999 -9999 -9999 -9999 -9999 -9999 -9999 -9999
-9999 -9999 0.17029396595252 0.17101363414344 0.16775988305525 0.16855053057354 0.168570800881687 0.168953717551557 0.168942995687571 0.174313603069299 0.16912057564411 0.169050032431785 0.170038365184745 0.170028588883224 0.170289084127662 0.170289084127662 0.170289084127662 0.170289084127662 0.169956227083241 0.168780012197487 -9999 -9999 -9999 -9999 -9999 -9999 -9999 -9999 -9999 -9999 -9999 -9999 -9999 -9999 -9999 -9999 -9999 -9999 0.170519720818337 0.169916206024952 -9999 -9999 -9999 -9999 -9999 -9999 -9999 -9999 -9999
-9999 -9999 0.191745305936633 0.169956227083241 0.169988377526286 0.17029420544126 0.170028588883224 0.170029868871195 0.170032516626657 0.170000991222419 0.17533131353508 0.170099650139887 0.170032516626657 0.170032516626657 0.170322451326144 0.170322451326144 0.170335154729694 0.170028588883224 0.170028588883224 0.170028588883224 0.170301667683363 -9999 -9999 -9999 -9999 -9999 -9999 -9999 -9999 -9999 -9999 -9999 -9999 -9999 -9999 -9999 -9999 -9999 -9999 -9999 -9999 -9999 -9999 -9999 -9999 -9999 -9999 -9999 -9999
