BRT_projection_files/BRT_SCV2/B_lapponicus_1_projection.asc
NCOLS 79 
NROWS 71 
XLLCORNER -10.5 
YLLCORNER 36 
CELLSIZE 0.5 
NODATA_value -9999 
[rows 42 to 62 of 71, columns 0 to 47 of 79]
-9999 -9999 -9999 -9999 -9999 -9999 -9999 -9999 -9999 -9999 0.0400696485060446 -9999 -9999 0.0400696485060446 -9999 -9999 -9999 -9999 -9999 -9999 -9999 -9999 -9999 -9999 0.0400696485060446 0.0400696485060446 0.0400696485060446 0.0400696485060446 0.0400696485060446 0.0400696485060446 0.0400696485060446 0.0400696485060446 0.0400725175387842 0.0400725175387842 0.0400725175387842 0.0400696485060446 0.0400696485060446 0.0400696485060446 0.0400696485060446 0.0400725175387842 0.0400696485060446 0.0400696485060446 0.0400696485060446 0.0400696485060446 0.0400696485060446 0.0400696485060446 0.0400696485060446 0.0400696485060446
-9999 -9999 -9999 -9999 -9999 -9999 -9999 -9999 -9999 -9999 -9999 -9999 -9999 -9999 -9999 -9999 -9999 -9999 -9999 -9999 -9999 -9999 0.0400696485060446 0.0400696485060446 0.0400696485060446 0.0400696485060446 0.0400696485060446 0.0400696485060446 0.0400696485060446 0.0400696485060446 0.0400725175387842 0.0400696485060446 0.0400725175387842 0.0400696485060446 0.0400725175387842 0.0400696485060446 0.0400696485060446 0.0400696485060446 0.0400696485060446 0.0400696485060446 0.0400696485060446 0.0400696485060446 0.0400696485060446 0.0400696485060446 0.0400696485060446 0.0400696485060446 0.0400725175387842 0.0400696485060446
-9999 -9999 -9999 -9999 -9999 -9999 -9999 -9999 -9999 -9999 -9999 -9999 -9999 -9999 -9999 -9999 -9999 -9999 0.0400696485060446 0.0400696485060446 0.0400696485060446 0.0400696485060446 0.0400696485060446 0.0400696485060446 0.0400696485060446 0.0400696485060446 0.0400696485060446 0.0400696485060446 0.0400696485060446 0.0400696485060446 0.0400696485060446 0.0400696485060446 0.0400696485060446 0.0400725175387842 0.0400696485060446 0.0400696485060446 0.0400696485060446 0.0400696485060446 0.0400696485060446 0.0400696485060446 0.0400696485060446 0.0400696485060446 0.0400696485060446 0.0400696485060446 0.0400696485060446 0.0400696485060446 0.0400696485060446 0.0400696485060446
-9999 -9999 -9999 -9999 -9999 -9999 -9999 -9999 -9999 -9999 -9999 -9999 -9999 -9999 0.0400696485060446 -9999 -9999 -9999 0.0400696485060446 0.0400696485060446 0.0400696485060446 0.0400696485060446 0.0400696485060446 0.0400696485060446 0.0400696485060446 0.0400696485060446 0.0400696485060446 0.0400696485060446 0.0400696485060446 0.0400696485060446 0.0400696485060446 0.0400696485060446 0.0400725175387842 0.0400696485060446 0.0400696485060446 0.0400696485060446 0.0400696485060446 0.0400696485060446 0.0400696485060446 0.0400696485060446 0.0400696485060446 0.0400696485060446 0.0400696485060446 0.0400696485060446 0.0400696485060446 0.0400696485060446 0.0400696485060446 0.0400696485060446
-9999 -9999 -9999 -9999 -9999 -9999 -9999 -9999 -9999 -9999 -9999 -9999 0.0400696485060446 0.0400696485060446 0.0400696485060446 0.0400696485060446 0.0400696485060446 0.0400696485060446 0.0400696485060446 0.0400696485060446 0.0400696485060446 0.0400696485060446 0.0400696485060446 0.0400696485060446 0.0400696485060446 0.0400696485060446 0.0400696485060446 0.0400696485060446 0.0400696485060446 0.0400696485060446 0.0400696485060446 0.0400725175387842 0.0400725175387842 0.0400696485060446 0.0400696485060446 0.0400696485060446 0.0400696485060446 0.0400725175387842 0.0400725175387842 0.0400696485060446 0.0400696485060446 0.0400696485060446 0.0400696485060446 0.0400696485060446 0.0400696485060446 0.0400696485060446 0.0400696485060446 0.0400696485060446
-9999 -9999 -9999 -9999 -9999 -9999 -9999 -9999 -9999 -9999 -9999 -9999 -9999 -9999 0.0400696485060446 0.0400696485060446 0.0400696485060446 0.0400696485060446 0.0400696485060446 0.0400696485060446 0.0400696485060446 0.0400696485060446 0.0400696485060446 0.0400696485060446 0.0400696485060446 0.0400696485060446 0.0400696485060446 0.0400696485060446 0.0400696485060446 0.0400696485060446 0.0400696485060446 0.0400696485060446 0.0400725175387842 0.0400725175387842 0.0400725175387842 0.0400725175387842 0.0400696485060446 0.0400725175387842 0.0400696485060446 0.0400696485060446 0.0400696485060446 0.0400696485060446 0.0400696485060446 0.0400725175387842 0.0400725175387842 0.0400725175387842 0.0400806646958884 0.0400806646958884
-9999 -9999 -9999 -9999 -9999 -9999 -9999 -9999 -9999 -9999 -9999 -9999 -9999 -9999 -9999 -9999 -9999 0.0400696485060446 0.0400696485060446 0.0400696485060446 0.0400696485060446 0.0400696485060446 0.0400696485060446 0.0400696485060446 0.0400696485060446 0.0400696485060446 0.0400696485060446 0.0400696485060446 0.0400696485060446 0.0400696485060446 0.0400696485060446 0.0400696485060446 0.0400725175387842 0.0400725175387842 0.0400725175387842 0.0400696485060446 0.0400696485060446 0.0400696485060446 0.0400696485060446 0.0401173870473041 0.0400806646958884 0.0408160338585931 0.0411557017522672 0.0405822558260676 0.0401366204531467 0.0400806646958884 0.0411589997630004 0.0405822558260676
-9999 -9999 -9999 -9999 -9999 -9999 -9999 -9999 -9999 -9999 -9999 -9999 -9999 -9999 -9999 -9999 -9999 0.0400696485060446 0.0400696485060446 0.0400696485060446 0.0400696485060446 0.0400696485060446 0.0400696485060446 0.0400696485060446 0.0400696485060446 0.0400696485060446 0.0400696485060446 0.0400696485060446 0.0400696485060446 0.0400725175387842 0.0400696485060446 0.0400696485060446 0.0400725175387842 0.0400725175387842 0.0400696485060446 0.0400696485060446 0.0400777926882952 0.0406421202584318 0.0411077065358903 0.0411427398928077 0.0411077065358903 0.104175685327939 0.0949836881172053 0.041056532353729 0.0634047622016363 0.0832777472336666 0.0409572994302805 0.040589771012815
-9999 -9999 -9999 -9999 -9999 -9999 -9999 -9999 -9999 -9999 -9999 -9999 -9999 -9999 -9999 -9999 -9999 -9999 -9999 0.0400696485060446 0.0400696485060446 0.0400696485060446 0.0400696485060446 0.0400696485060446 0.0400696485060446 0.0400696485060446 0.0400696485060446 0.0400696485060446 0.0400696485060446 0.0400696485060446 0.0400696485060446 0.0400696485060446 0.0400725175387842 0.0400725175387842 0.0400725175387842 0.0411651718907071 0.0689891841903852 0.0409853462886879 0.0401150449286108 0.0403229326250503 0.0639301493499278 0.0643721699902622 0.0824994900921154 0.0400806646958884 0.0413864147076141 0.0401573606760734 0.0400725175387842 0.0401202661953329
-9999 -9999 -9999 -9999 -9999 -9999 -9999 -9999 -9999 -9999 -9999 -9999 -9999 -9999 -9999 -9999 -9999 -9999 -9999 0.0400696485060446 0.0400696485060446 0.0400696485060446 0.0400696485060446 0.0400696485060446 0.0400725175387842 0.0400696485060446 0.0400696485060446 0.0400696485060446 0.0400696485060446 0.0400696485060446 0.0400725175387842 0.0400696485060446 0.0400725175387842 0.0401981418899429 0.0408446673985189 0.0413678918543317 0.0404092333275887 0.0400725175387842 0.0400725175387842 0.0400725175387842 0.0400725175387842 0.0400725175387842 0.0400725175387842 0.0400725175387842 0.0400696485060446 0.0400696485060446 0.0418807830036162 -9999
-9999 -9999 -9999 -9999 -9999 -9999 -9999 -9999 -9999 -9999 -9999 -9999 -9999 -9999 -9999 -9999 -9999 -9999 -9999 0.0400696485060446 0.0400696485060446 0.0400696485060446 0.0400696485060446 0.0400725175387842 0.0400725175387842 0.0400725175387842 0.0400725175387842 0.0400696485060446 0.0400725175387842 0.0400725175387842 0.0400725175387842 0.0400696485060446 0.0400725175387842 0.040239322156266 0.0411321930191453 0.0402357571474896 0.0400696485060446 0.0400696485060446 0.0406034234464505 0.0405925753776156 0.0400696485060446 0.0421769245589649 0.0406237659296569 0.0400773900311235 0.0400696485060446 -9999 -9999 -9999
-9999 -9999 -9999 -9999 -9999 -9999 -9999 -9999 -9999 -9999 -9999 -9999 -9999 -9999 -9999 -9999 -9999 -9999 -9999 0.0400696485060446 0.0400696485060446 0.0400696485060446 0.0400696485060446 0.0400696485060446 0.0400696485060446 0.0400725175387842 0.0400725175387842 0.0400725175387842 0.0400725175387842 0.0400725175387842 0.0400725175387842 0.0400725175387842 0.0400806646958884 0.0402187118361121 0.0401747378438236 0.0400725175387842 0.0400696485060446 0.0400696485060446 0.0400725175387842 0.0400725175387842 0.0400725175387842 0.0400696485060446 0.0400696485060446 0.0426480487831762 0.0425207354708984 0.0402441464597426 -9999 -9999
-9999 -9999 -9999 -9999 -9999 -9999 -9999 -9999 -9999 -9999 -9999 -9999 -9999 -9999 -9999 -9999 -9999 -9999 0.0421424877441375 0.0400696485060446 0.0400696485060446 0.0400696485060446 0.0400696485060446 0.0400696485060446 0.0400696485060446 0.0400696485060446 0.0400696485060446 0.0400725175387842 0.0400929805369184 0.0400725175387842 0.0400725175387842 0.0400725175387842 0.0400725175387842 0.0400725175387842 0.0414531997461929 0.0400725175387842 0.0400696485060446 0.040211226401569 -9999 -9999 0.0402255888357076 0.0402071988154349 0.0400696485060446 0.0400696485060446 0.0400696485060446 0.0400696485060446 -9999 -9999
-9999 -9999 -9999 -9999 -9999 -9999 -9999 -9999 -9999 -9999 -9999 -9999 -9999 -9999 -9999 -9999 -9999 -9999 0.0400725175387842 0.0400725175387842 0.0400696485060446 0.0400696485060446 0.0400696485060446 0.0400696485060446 0.0400696485060446 0.0400696485060446 0.0400725175387842 0.0400725175387842 0.0400725175387842 0.0400696485060446 0.0400696485060446 0.0400725175387842 0.0400725175387842 0.0400725175387842 0.0401981418899429 0.0525014171939084 -9999 -9999 -9999 -9999 -9999 -9999 0.0400696485060446 0.0400696485060446 0.0400696485060446 0.0400696485060446 0.0400696485060446 -9999
-9999 -9999 -9999 0.0400725175387842 0.0400725175387842 0.0400725175387842 0.0400725175387842 0.0439834768679515 0.0402902169951811 0.0402071988154349 0.0402071988154349 0.0402813475612281 0.0402863939976309 0.0402071988154349 0.0400696485060446 0.0402877682947044 0.0402877682947044 0.0400830659364736 0.0400725175387842 0.0400725175387842 0.0400696485060446 0.0400696485060446 0.0400696485060446 0.0400696485060446 0.0400696485060446 0.0400696485060446 0.0400696485060446 0.0400696485060446 -9999 -9999 -9999 -9999 0.0400696485060446 0.0401902872175658 -9999 -9999 -9999 -9999 -9999 -9999 -9999 -9999 0.0400696485060446 0.0400696485060446 0.0400696485060446 0.0400696485060446 0.0400696485060446 0.0400696485060446
-9999 -9999 -9999 0.0400725175387842 0.0400725175387842 0.0400725175387842 0.0400725175387842 0.0400709113339006 0.0400725175387842 0.0400725175387842 0.0400725175387842 0.0400725175387842 0.0400725175387842 0.0400725175387842 0.0400725175387842 0.0400725175387842 0.0400725175387842 0.0400725175387842 0.0400725175387842 0.0400725175387842 0.0400777926882952 0.0410714687911509 0.0400696485060446 0.0400696485060446 0.0400696485060446 0.0400696485060446 0.0400696485060446 -9999 -9999 -9999 -9999 -9999 -9999 -9999 -9999 -9999 -9999 -9999 -9999 -9999 -9999 -9999 -9999 0.0400696485060446 0.0400696485060446 0.0400696485060446 0.0400696485060446 0.0400696485060446
-9999 -9999 -9999 -9999 0.0400725175387842 0.0400725175387842 0.0401981418899429 0.0400725175387842 0.0400725175387842 0.0400696485060446 0.0400696485060446 0.0400696485060446 0.0400696485060446 0.0400696485060446 0.0400696485060446 0.0400696485060446 0.0400725175387842 0.0400696485060446 0.0400696485060446 0.0400725175387842 0.0400725175387842 0.0400725175387842 0.0400725175387842 0.0400725175387842 0.0400725175387842 0.0400696485060446 0.0400696485060446 0.0400696485060446 -9999 -9999 -9999 -9999 -9999 -9999 -9999 -9999 -9999 -9999 -9999 -9999 -9999 -9999 -9999 -9999 0.0400696485060446 0.0400696485060446 0.0400696485060446 0.0400725175387842
-9999 -9999 -9999 0.0400725175387842 0.0400725175387842 0.0400725175387842 0.0400725175387842 0.0400725175387842 0.0400696485060446 0.0400696485060446 0.0400696485060446 0.0400696485060446 0.0400696485060446 0.0400696485060446 0.0400696485060446 0.0400696485060446 0.0400696485060446 0.0400696485060446 0.0400696485060446 0.0400696485060446 0.0400696485060446 0.0400696485060446 0.0400696485060446 0.0400696485060446 0.0400725175387842 0.0400725175387842 0.0400696485060446 -9999 -9999 -9999 -9999 -9999 -9999 -9999 -9999 -9999 -9999 -9999 -9999 -9999 -9999 -9999 -9999 -9999 -9999 -9999 0.0400696485060446 0.0400725175387842
-9999 -9999 -9999 -9999 0.0400725175387842 0.0400725175387842 0.0400696485060446 0.0400696485060446 0.0400696485060446 0.0400696485060446 0.0400696485060446 0.0400696485060446 0.0400696485060446 0.0400696485060446 0.0400900294744328 0.0400696485060446 0.0400696485060446 0.0400696485060446 0.0400696485060446 0.0400696485060446 0.0400696485060446 0.0400696485060446 0.0400696485060446 0.0400696485060446 0.0400696485060446 -9999 -9999 -9999 -9999 -9999 -9999 -9999 -9999 -9999 -9999 -9999 -9999 -9999 -9999 -9999 -9999 -9999 -9999 -9999 -9999 -9999 -9999 -9999
-9999 -9999 -9999 -9999 0.0406094555575474 0.0400725175387842 0.0400696485060446 0.0400696485060446 0.0400696485060446 0.0400696485060446 0.0400696485060446 0.0400696485060446 0.0400696485060446 0.0400696485060446 0.0400696485060446 0.0400696485060446 0.0410274747574932 0.0400798950934256 0.0400696485060446 0.0400696485060446 0.0400696485060446 0.0400696485060446 0.0400696485060446 -9999 -9999 -9999 -9999 -9999 -9999 -9999 -9999 -9999 -9999 -9999 -9999 -9999 -9999 0.0400696485060446 0.0400696485060446 0.0400696485060446 -9999 -9999 -9999 -9999 -9999 -9999 -9999 -9999
-9999 -9999 -9999 0.0400725175387842 0.0406085851480382 0.0406034234464505 0.0400696485060446 0.0400696485060446 0.0400696485060446 0.0400696485060446 0.0400696485060446 0.0400696485060446 0.0400696485060446 0.0400696485060446 0.0400696485060446 0.0400696485060446 0.0400696485060446 0.0409803021049539 0.0400696485060446 0.0400696485060446 0.0400696485060446 0.0400696485060446 -9999 -9999 -9999 -9999 -9999 -9999 -9999 -9999 -9999 -9999 -9999 -9999 -9999 -9999 -9999 -9999 0.0400696485060446 0.0400696485060446 -9999 -9999 -9999 -9999 -9999 -9999 -9999 -9999
