BRT_projection_files/BRT_SCV2/B_lapidarius_1_projection.asc
NCOLS 79 
NROWS 71 
XLLCORNER -10.5 
YLLCORNER 36 
CELLSIZE 0.5 
NODATA_value -9999 
[rows 44 to 65 of 71, columns 0 to 48 of 79]
-9999 -9999 -9999 -9999 -9999 -9999 -9999 -9999 -9999 -9999 -9999 -9999 -9999 -9999 -9999 -9999 -9999 -9999 0.729540124334249 0.738389309513815 0.746778836567948 0.706842144672143 0.737762750324896 0.746901339383965 0.747005345279535 0.734058311560787 0.744657921424519 0.744924787732047 0.74823063583843 0.74104002403927 0.75878036132151 0.760762364612794 0.758939523055361 0.759860669058076 0.763050527764708 0.764597813895112 0.764610859898779 0.749391089284116 0.762954026569849 0.762856516745828 0.762201352983118 0.762212915381029 0.762766576488049 0.762819468971727 0.762765798376129 0.762830871015477 0.762394738095871 0.788788413591784 0.714011689814739
-9999 -9999 -9999 -9999 -9999 -9999 -9999 -9999 -9999 -9999 -9999 -9999 -9999 -9999 0.727249541362464 -9999 -9999 -9999 0.745047457379956 0.764009438303828 0.762497007093353 0.752913678945426 0.763044824662885 0.743916906186142 0.732602224422229 0.703868102054258 0.732027579529491 0.743208028030948 0.74305953530914 0.736724323627777 0.737226814839119 0.761096373310134 0.759338228495193 0.763041815535399 0.764635199709498 0.764610859898779 0.749512686133833 0.764539270144714 0.762873149681178 0.762939310823601 0.76441151564618 0.762654154726223 0.762717101912722 0.762826696170528 0.762826696170528 0.762777232938566 0.762756811617721 0.761134090065884 0.764461969461302
-9999 -9999 -9999 -9999 -9999 -9999 -9999 -9999 -9999 -9999 -9999 -9999 0.739977616109825 0.739359022781832 0.739495896200376 0.736523659396431 0.72936340651796 0.735144241987884 0.730428427083926 0.729796836603803 0.744195629259783 0.747029585190011 0.749967616423386 0.725546513629051 0.723531250582547 0.730701969034527 0.734693602145007 0.716613336252116 0.736092892041675 0.744809505153631 0.747809588686873 0.761261851202959 0.76188184195962 0.764625078450582 0.764410365691064 0.764437130418275 0.762954026569849 0.763051987859558 0.759704078877329 0.762742983331213 0.758317838845162 0.762212498359934 0.76264033951128 0.762700484941374 0.766032187717534 0.763562961561269 0.760681732666353 0.761168136106749 0.759616043179701
-9999 -9999 -9999 -9999 -9999 -9999 -9999 -9999 -9999 -9999 -9999 -9999 -9999 -9999 0.694462859833158 0.72808781972259 0.718297711802436 0.727946515962827 0.725315262106721 0.71927071805007 0.735876292166493 0.739568323661225 0.744918488981756 0.74467664576638 0.737825431824297 0.73834789093828 0.719221944548749 0.739806421291314 0.744846082432544 0.756124759885717 0.763414420305478 0.759343489812603 0.751608451552579 0.763182865257739 0.761227413568104 0.763121509358443 0.718494637763777 0.762352663311123 0.761152626179155 0.759244874481306 0.730753254121752 0.714089101067081 0.760233905876218 0.763018287847904 0.761225864166899 0.759726601460197 0.761226672853507 0.761058848667462 0.752673520725197
-9999 -9999 -9999 -9999 -9999 -9999 -9999 -9999 -9999 -9999 -9999 -9999 -9999 -9999 -9999 -9999 -9999 0.716791953585771 0.717913380929487 0.731972667707404 0.725877145656215 0.734545620715436 0.735940607473234 0.735309960802033 0.735314721837925 0.735537886140443 0.736323794322605 0.746968805533962 0.748557909249363 0.764647112838628 0.750186424730527 0.740343091236993 0.746938543224569 0.763046197110786 0.763000306279117 0.761200438403178 0.761196488742787 0.749301133589724 0.759291642301265 0.757671426773743 0.745106986617713 0.710532421368403 0.744568728556417 0.762761622228948 0.754547351647529 0.760262129675282 0.738491027375708 0.755757023186979 0.756411350309048
-9999 -9999 -9999 -9999 -9999 -9999 -9999 -9999 -9999 -9999 -9999 -9999 -9999 -9999 -9999 -9999 -9999 0.713138224185955 0.709605525918668 0.723554052830968 0.7241544907991 0.735575632671183 0.731079384766734 0.692887436996643 0.735324027649723 0.691771877401362 0.737620042792118 0.74682330190947 0.747128699891703 0.761924958130916 0.747035475771454 0.744272109364229 0.761084968167372 0.761200422772187 0.761181472577149 0.761171281819948 0.75886520933632 0.757113438534223 0.713341202542264 0.713726699062964 0.707163662703265 0.726555169694402 0.742781657119792 0.761569908174317 0.714445918693936 0.745615218614802 0.748196674280413 0.762954776776519 0.756486337173357
-9999 -9999 -9999 -9999 -9999 -9999 -9999 -9999 -9999 -9999 -9999 -9999 -9999 -9999 -9999 -9999 -9999 -9999 -9999 0.724410328620846 0.721562644226392 0.699756875073684 0.715739289092433 0.737699011433979 0.751016514259179 0.765723403288482 0.762409093408733 0.750257143653668 0.754075439141143 0.764347421661118 0.74870356908657 0.746788373854361 0.760259774316587 0.753717131873669 0.753405084885972 0.745118116787393 0.729092419183608 0.759393654289462 0.760614693805317 0.76041284833473 0.744678124453753 0.745008271334852 0.684728768430109 0.763017637598363 0.697177065695352 0.76283333258429 0.760226452489218 0.740612821196399 0.692150572629865
-9999 -9999 -9999 -9999 -9999 -9999 -9999 -9999 -9999 -9999 -9999 -9999 -9999 -9999 -9999 -9999 -9999 -9999 -9999 0.727712009281816 0.717383484204636 0.733134702077975 0.730874077449852 0.746838175185692 0.76322063187857 0.764495613321542 0.76444095294792 0.763047861956993 0.764467738280514 0.758531421441145 0.740923294765982 0.735271125506956 0.763182865257739 0.755507531458199 0.762829515290715 0.743048245544984 0.756802604713587 0.763182865257739 0.707333130025346 0.705877258623274 0.763105113107145 0.762878365766779 0.763036108342456 0.762930587178455 0.761371780051022 0.706489485979253 0.687102621333774 -9999 0.635448877015469
-9999 -9999 -9999 -9999 -9999 -9999 -9999 -9999 -9999 -9999 -9999 -9999 -9999 -9999 -9999 -9999 -9999 -9999 -9999 0.729703965201993 0.731686216126122 0.716074888510813 0.734022501107453 0.724116685814767 0.740915798923829 0.763234758668927 0.76169597275101 0.762862341733326 0.76076396630031 0.763009387910163 0.742653707130443 0.746763435506329 0.763188964541363 0.762904524892342 0.750613619571396 0.761040745059655 0.726714735423739 0.714924617702193 0.71007908215165 0.710720013147968 0.710368438097309 0.710867842666135 0.711356812730346 0.710141253424097 0.710315118425473 -9999 -9999 -9999 0.613439660144328
-9999 -9999 -9999 -9999 -9999 -9999 -9999 -9999 -9999 -9999 -9999 -9999 -9999 -9999 -9999 -9999 -9999 -9999 -9999 0.717443047358103 0.733716232280486 0.734884709242377 0.73188221538212 0.733927021156764 0.68878027894515 0.753832698509171 0.762359360952642 0.762205495482653 0.763019152695651 0.76298278451618 0.725126142047221 0.762980679113175 0.763000781104352 0.756275816190267 0.753912198812241 0.759288576763454 0.72008967424999 0.725095528017087 0.722377395900652 0.7631332081498 0.740191944781092 0.713049607576284 0.702438876157768 0.693093032751319 0.650695090333897 0.504707270992229 -9999 -9999 -9999
-9999 -9999 -9999 -9999 -9999 -9999 -9999 -9999 -9999 -9999 -9999 -9999 -9999 -9999 -9999 -9999 -9999 -9999 0.689237491826003 0.727718680308524 0.727631520733954 0.732900499548846 0.731280043459669 0.731617340801921 0.716102083318322 0.729933237693024 0.752110419044455 0.754181865333494 0.759162083288092 0.72436939976074 0.676735077807632 0.761489296298721 0.763121739907876 0.762986075897481 0.648462442894489 0.762972387130336 0.762954296571128 0.726243463038945 -9999 -9999 0.706793955615612 0.76351002186059 0.764458147000395 0.744592300402521 0.730220131097664 0.651852440331371 -9999 -9999 -9999
-9999 -9999 -9999 -9999 -9999 -9999 -9999 -9999 -9999 -9999 -9999 -9999 -9999 -9999 -9999 -9999 -9999 -9999 0.693785929979577 0.655786008898651 0.646518030862616 0.722710766037663 0.722327314661251 0.735932310258299 0.730877995519985 0.730880568122675 0.741861683011936 0.723718733855811 0.72335446671767 0.550319532086465 0.553556271619273 0.569609358603686 0.728104722845993 0.729828726573563 0.711620376234588 0.70773233012678 -9999 -9999 -9999 -9999 -9999 -9999 0.716781133783815 0.728028002287582 0.764306283715535 0.762977310529116 0.712277654367812 -9999 -9999
-9999 -9999 -9999 0.47087492307314 0.651570108245393 0.689046326839922 0.677578812932197 0.654897663398466 0.69411066160614 0.692139746797646 0.698318436163414 0.698882497921309 0.489214730380592 0.489475762893806 0.499170408297543 0.65360815572216 0.664690908893791 0.669587664570517 0.700928134753143 0.723822172439137 0.677266286879097 0.730719984489666 0.733637175593667 0.733969166237703 0.716566671523648 0.730746212145122 0.711278221229361 0.548797372090366 -9999 -9999 -9999 -9999 0.545515332050817 0.516007449381547 -9999 -9999 -9999 -9999 -9999 -9999 -9999 -9999 0.548973878517657 0.527441121517354 0.724481295487178 0.728390627952808 0.747474190890742 0.72975498137965 0.508400725905419
-9999 -9999 -9999 0.629999911363524 0.656392025643343 0.706932071235407 0.683650955636173 0.745796159642229 0.745555448752875 0.743744947209813 0.745140534676471 0.745785704061426 0.742567194504044 0.743342623606375 0.742941620107481 0.742651805677925 0.745304121282329 0.706386288663083 0.71503733136658 0.740842473392172 0.723508979045197 0.640534404125239 0.719019991854732 0.720498558866632 0.76457473121862 0.743759048697396 0.570456656935521 -9999 -9999 -9999 -9999 -9999 -9999 -9999 -9999 -9999 -9999 -9999 -9999 -9999 -9999 -9999 -9999 0.47241646553879 0.550003317497012 0.567039653721591 0.711964633216583 0.764483175957866 0.720706492535755
-9999 -9999 -9999 -9999 0.652686731088747 0.657691495157786 0.745486320763371 0.744904764627359 0.743298252942956 0.389930604738153 0.389458529551686 0.424798109338604 0.40407294139076 0.583789656121266 0.695916343744288 0.69119847874754 0.728160079871517 0.362372541576882 0.581358301961801 0.696187584795446 0.719452093912924 0.684482757836731 0.735750885012423 0.736236002469878 0.744036156946291 0.718976425570206 0.457152499706417 0.38738318275659 -9999 -9999 -9999 -9999 -9999 -9999 -9999 -9999 -9999 -9999 -9999 -9999 -9999 -9999 -9999 -9999 0.352574625397747 0.539709310928409 0.567499941993425 0.763082543262061 0.764635199709498
-9999 -9999 -9999 0.506706779970896 0.688216755689334 0.706103456985398 0.681615770164607 0.680049618357205 0.498259312336681 0.390823133961786 0.404894801481824 0.39963780380452 0.462956210813098 0.477337511493482 0.601214462589848 0.645234100718737 0.685777220850629 0.467783891808123 0.364232058061013 0.39071181024233 0.357582935450099 0.36863710461513 0.373439294089029 0.410604551493778 0.685515122648228 0.629814995277155 0.420632872340849 -9999 -9999 -9999 -9999 -9999 -9999 -9999 -9999 -9999 -9999 -9999 -9999 -9999 -9999 -9999 -9999 -9999 -9999 -9999 0.392530078661936 0.53976501661819 0.539415559095581
-9999 -9999 -9999 -9999 0.67193935732343 0.662632483965385 0.479595860046076 0.509442328714634 0.493604068324632 0.387047477131293 0.392416911940995 0.38939617188187 0.385934492018088 0.665653620706241 0.687727390340077 0.479494428954099 0.610350435946138 0.61225066148144 0.484217059092993 0.41918264478534 0.35647564559528 0.333235121939556 0.35263742142017 0.36499008952513 0.382038523810479 -9999 -9999 -9999 -9999 -9999 -9999 -9999 -9999 -9999 -9999 -9999 -9999 -9999 -9999 -9999 -9999 -9999 -9999 -9999 -9999 -9999 -9999 -9999 0.375734346579756
-9999 -9999 -9999 -9999 0.475868028381756 0.600318294210425 0.494361275203552 0.506664573165729 0.484886182018897 0.462647810643757 0.480219152040094 0.479573318678271 0.669423594042489 0.573790804121212 0.384047739535057 0.380625189700443 0.375443922766589 0.709716038667959 0.648308162422097 0.614824088978421 0.437174186711314 0.341061746638062 0.279915280414007 -9999 -9999 -9999 -9999 -9999 -9999 -9999 -9999 -9999 -9999 -9999 -9999 -9999 -9999 0.348295228092557 0.395677808908097 0.637739124158908 -9999 -9999 -9999 -9999 -9999 -9999 -9999 -9999 -9999
-9999 -9999 -9999 0.366781929895718 0.435040295847373 0.48306180402983 0.416047319579889 0.411552803586943 0.466097073031196 0.598133797913434 0.573966508018885 0.487380788287326 0.347645620148085 0.356989801251335 0.361766874875558 0.398748478359901 0.504251196968704 0.372613276736465 0.64323640322317 0.645685744089946 0.452933298057086 0.280496642967176 -9999 -9999 -9999 -9999 -9999 -9999 -9999 -9999 -9999 -9999 -9999 -9999 -9999 -9999 -9999 -9999 0.44878227350764 0.686761540437954 -9999 -9999 -9999 -9999 -9999 -9999 -9999 -9999 -9999
-9999 -9999 -9999 0.30434103021165 0.358618998557198 0.38236993526452 0.284671146184533 0.281885978745436 0.281151594242907 0.281355034800467 0.342471354454182 0.378866959131737 0.34288269315674 0.347417246863521 0.345196333746429 0.402470199773601 0.39430239665502 0.377984799688078 0.383146268351549 0.385713521185901 0.307571007504466 -9999 -9999 -9999 -9999 -9999 -9999 -9999 -9999 -9999 -9999 -9999 -9999 -9999 -9999 -9999 -9999 -9999 0.375229578132932 0.454388775195507 -9999 -9999 -9999 -9999 -9999 -9999 -9999 -9999 -9999
-9999 -9999 0.374054924564125 0.30274073553111 0.284929092573554 0.285257665206075 0.284378334005739 0.275905566787176 0.275879866308765 0.276281487564987 0.282202321277461 0.398718174617828 0.348687905110436 0.343293471322897 0.347115412951378 0.359380848228413 0.360212640661199 0.38850207431803 0.382519866305449 0.338271358302997 -9999 -9999 -9999 -9999 -9999 -9999 -9999 -9999 -9999 -9999 -9999 -9999 -9999 -9999 -9999 -9999 -9999 -9999 0.392030861917833 0.397256847642479 -9999 -9999 -9999 -9999 -9999 -9999 -9999 -9999 -9999
-9999 -9999 0.300392881773104 0.298815224613849 0.279588504200944 0.285288287929363 0.282045157570192 0.301444953029583 0.300952086845013 0.280765520878854 0.27712809049076 0.345153526115358 0.336259067308975 0.338439600815249 0.34725951106183 0.38878215690339 0.469423699277648 0.372047291220996 0.379918973369206 0.364555390778025 0.302001946377954 -9999 -9999 -9999 -9999 -9999 -9999 -9999 -9999 -9999 -9999 -9999 -9999 -9999 -9999 -9999 -9999 -9999 -9999 -9999 -9999 -9999 -9999 -9999 -9999 -9999 -9999 -9999 -9999
