BRT_projection_files/BRT_SCV2/B_lapponicus_2_projection.asc
NCOLS 79 
NROWS 71 
XLLCORNER -10.5 
YLLCORNER 36 
CELLSIZE 0.5 
NODATA_value -9999 
[rows 42 to 62 of 71, columns 0 to 47 of 79]
-9999 -9999 -9999 -9999 -9999 -9999 -9999 -9999 -9999 -9999 0.0210537345590372 -9999 -9999 0.0210530365613088 -9999 -9999 -9999 -9999 -9999 -9999 -9999 -9999 -9999 -9999 0.0210537345590372 0.0210537345590372 0.0210537345590372 0.0210537345590372 0.0210537345590372 0.0210537345590372 0.0210537345590372 0.0210537345590372 0.0210537345590372 0.0210537345590372 0.0210537345590372 0.0210537345590372 0.0210537345590372 0.0210537345590372 0.0210537345590372 0.0210537345590372 0.0210537345590372 0.0210537345590372 0.0210537345590372 0.0210537345590372 0.0210537345590372 0.0210537345590372 0.0210537345590372 0.0210537345590372
-9999 -9999 -9999 -9999 -9999 -9999 -9999 -9999 -9999 -9999 -9999 -9999 -9999 -9999 -9999 -9999 -9999 -9999 -9999 -9999 -9999 -9999 0.0210537345590372 0.0210537345590372 0.0210537345590372 0.0210537345590372 0.0210537345590372 0.0210537345590372 0.0210537345590372 0.0210537345590372 0.0210537345590372 0.0210530365613088 0.0210537345590372 0.0210537345590372 0.0210537345590372 0.0210537345590372 0.0210537345590372 0.0210537345590372 0.0210537345590372 0.0210537345590372 0.0210537345590372 0.0210537345590372 0.0210537345590372 0.0210537345590372 0.0210537345590372 0.0210537345590372 0.0210537345590372 0.0210537345590372
-9999 -9999 -9999 -9999 -9999 -9999 -9999 -9999 -9999 -9999 -9999 -9999 -9999 -9999 -9999 -9999 -9999 -9999 0.0210537345590372 0.0210537345590372 0.0210537345590372 0.0210537345590372 0.0210537345590372 0.0210537345590372 0.0210537345590372 0.0210537345590372 0.0210537345590372 0.0210537345590372 0.0210537345590372 0.0210537345590372 0.0210537345590372 0.0210537345590372 0.0210537345590372 0.0210537345590372 0.0210537345590372 0.0210537345590372 0.0210537345590372 0.0210537345590372 0.0210537345590372 0.0210537345590372 0.0210537345590372 0.0210537345590372 0.0210537345590372 0.0210537345590372 0.0210537345590372 0.0210537345590372 0.0210537345590372 0.0210537345590372
-9999 -9999 -9999 -9999 -9999 -9999 -9999 -9999 -9999 -9999 -9999 -9999 -9999 -9999 0.0210537345590372 -9999 -9999 -9999 0.0210537345590372 0.0210537345590372 0.0210537345590372 0.0210537345590372 0.0210537345590372 0.0210537345590372 0.0210537345590372 0.0210537345590372 0.0210537345590372 0.0210537345590372 0.0210537345590372 0.0210537345590372 0.0210537345590372 0.0210537345590372 0.0210537345590372 0.0210537345590372 0.0210537345590372 0.0210537345590372 0.0210537345590372 0.0210530365613088 0.0210537345590372 0.0210537345590372 0.0210537345590372 0.0210537345590372 0.0210537345590372 0.0210537345590372 0.0210537345590372 0.0210537345590372 0.0210537345590372 0.0210537345590372
-9999 -9999 -9999 -9999 -9999 -9999 -9999 -9999 -9999 -9999 -9999 -9999 0.0210537345590372 0.0210530365613088 0.0210537345590372 0.0210537345590372 0.0210537345590372 0.0210537345590372 0.0210537345590372 0.0210537345590372 0.0210537345590372 0.0210537345590372 0.0210537345590372 0.0210537345590372 0.0210537345590372 0.0210537345590372 0.0210537345590372 0.0210537345590372 0.0210537345590372 0.0210537345590372 0.0210537345590372 0.0210537345590372 0.0210537345590372 0.0210537345590372 0.0210530365613088 0.0210537345590372 0.0210537345590372 0.0210530365613088 0.0210537345590372 0.0210537345590372 0.0210537345590372 0.0210537345590372 0.0210537345590372 0.0210537345590372 0.0210537345590372 0.0210537345590372 0.0210537345590372 0.0210537345590372
-9999 -9999 -9999 -9999 -9999 -9999 -9999 -9999 -9999 -9999 -9999 -9999 -9999 -9999 0.0210537345590372 0.0210537345590372 0.0210537345590372 0.0210537345590372 0.0210537345590372 0.0210537345590372 0.0210537345590372 0.0210537345590372 0.0210537345590372 0.0210537345590372 0.0210537345590372 0.0210537345590372 0.0210537345590372 0.0210537345590372 0.0210537345590372 0.0210537345590372 0.0210537345590372 0.0210537345590372 0.0210537345590372 0.0210537345590372 0.0210677408699765 0.0210537345590372 0.0210530365613088 0.0210530365613088 0.0210537345590372 0.0210537345590372 0.0210530365613088 0.0210677408699765 0.0210530365613088 0.0210530365613088 0.0210677408699765 0.0210677408699765 0.0210833621023999 0.0210677408699765
-9999 -9999 -9999 -9999 -9999 -9999 -9999 -9999 -9999 -9999 -9999 -9999 -9999 -9999 -9999 -9999 -9999 0.0210537345590372 0.0210537345590372 0.0210537345590372 0.0210537345590372 0.0210537345590372 0.0210537345590372 0.0210537345590372 0.0210537345590372 0.0210537345590372 0.0210537345590372 0.0210537345590372 0.0210537345590372 0.0210537345590372 0.0210537345590372 0.0210537345590372 0.0210537345590372 0.0210530365613088 0.0210641899972824 0.0210530365613088 0.0210530365613088 0.0210677408699765 0.0210833621023999 0.0210985253240284 0.0210677408699765 0.031738173570511 0.0387778782130227 0.0211724674090001 0.0210641899972824 0.0210530365613088 0.0343806045780387 0.0211693604578449
-9999 -9999 -9999 -9999 -9999 -9999 -9999 -9999 -9999 -9999 -9999 -9999 -9999 -9999 -9999 -9999 -9999 0.0210537345590372 0.0210537345590372 0.0210537345590372 0.0210537345590372 0.0210537345590372 0.0210537345590372 0.0210537345590372 0.0210537345590372 0.0210537345590372 0.0210537345590372 0.0210537345590372 0.0210537345590372 0.0210537345590372 0.0210537345590372 0.0210537345590372 0.0210833621023999 0.0210833621023999 0.0210530365613088 0.0210530365613088 0.0210677408699765 0.0212290572744711 0.034243266358704 0.0334691405836395 0.0332097220802049 0.652131624340265 0.0826222218948414 0.0238346627339183 0.0280175154761945 0.0958178222626704 0.0306886318862555 0.0211914140573716
-9999 -9999 -9999 -9999 -9999 -9999 -9999 -9999 -9999 -9999 -9999 -9999 -9999 -9999 -9999 -9999 -9999 -9999 -9999 0.0210537345590372 0.0210537345590372 0.0210537345590372 0.0210537345590372 0.0210537345590372 0.0210537345590372 0.0210537345590372 0.0210537345590372 0.0210537345590372 0.0210537345590372 0.0210537345590372 0.0210537345590372 0.0210530365613088 0.0210677408699765 0.0210530365613088 0.0210677408699765 0.024821056417467 0.0354540341541621 0.0212126948985882 0.0210985253240284 0.0210677408699765 0.0508097544229638 0.0561830095598755 0.104969664972528 0.0210537345590372 0.031511806784482 0.0210530365613088 0.0210530365613088 0.0210985253240284
-9999 -9999 -9999 -9999 -9999 -9999 -9999 -9999 -9999 -9999 -9999 -9999 -9999 -9999 -9999 -9999 -9999 -9999 -9999 0.0210537345590372 0.0210537345590372 0.0210537345590372 0.0210537345590372 0.0210530365613088 0.0210530365613088 0.0210530365613088 0.0210537345590372 0.0210537345590372 0.0210537345590372 0.0210537345590372 0.0210537345590372 0.0210537345590372 0.0210530365613088 0.0210530365613088 0.0211724674090001 0.024851267686029 0.0210537345590372 0.0210530365613088 0.0210677408699765 0.0210530365613088 0.0210530365613088 0.0210530365613088 0.0210530365613088 0.0210537345590372 0.0210530365613088 0.0210537345590372 0.0210537345590372 -9999
-9999 -9999 -9999 -9999 -9999 -9999 -9999 -9999 -9999 -9999 -9999 -9999 -9999 -9999 -9999 -9999 -9999 -9999 -9999 0.0210537345590372 0.0210537345590372 0.0210537345590372 0.0210537345590372 0.0210537345590372 0.0210530365613088 0.0210530365613088 0.0210530365613088 0.0210537345590372 0.0210537345590372 0.0210537345590372 0.0210537345590372 0.0210530365613088 0.0210530365613088 0.0210537345590372 0.021143719755956 0.0210537345590372 0.0210537345590372 0.0210537345590372 0.0210537345590372 0.0210537345590372 0.0210537345590372 0.0210537345590372 0.0210537345590372 0.0210537345590372 0.0210537345590372 -9999 -9999 -9999
-9999 -9999 -9999 -9999 -9999 -9999 -9999 -9999 -9999 -9999 -9999 -9999 -9999 -9999 -9999 -9999 -9999 -9999 -9999 0.0210537345590372 0.0210537345590372 0.0210537345590372 0.0210537345590372 0.0210537345590372 0.0210537345590372 0.0210530365613088 0.0210530365613088 0.0210537345590372 0.0210537345590372 0.0210677408699765 0.0210537345590372 0.0210537345590372 0.0210537345590372 0.0210537345590372 0.0210537345590372 0.0210537345590372 0.0210537345590372 0.0210537345590372 0.0210537345590372 0.0210537345590372 0.0210537345590372 0.0210537345590372 0.0210537345590372 0.0210537345590372 0.0210537345590372 0.0210537345590372 -9999 -9999
-9999 -9999 -9999 -9999 -9999 -9999 -9999 -9999 -9999 -9999 -9999 -9999 -9999 -9999 -9999 -9999 -9999 -9999 0.0210537345590372 0.0210537345590372 0.0210537345590372 0.0210537345590372 0.0210537345590372 0.0210537345590372 0.0210537345590372 0.0210537345590372 0.0210537345590372 0.0210530365613088 0.0210985253240284 0.0210530365613088 0.0210537345590372 0.0210537345590372 0.0210537345590372 0.0210537345590372 0.0265363893285987 0.0210537345590372 0.0210537345590372 0.0210537345590372 -9999 -9999 0.0210530365613088 0.0210537345590372 0.0210537345590372 0.0210537345590372 0.0210537345590372 0.0210537345590372 -9999 -9999
-9999 -9999 -9999 -9999 -9999 -9999 -9999 -9999 -9999 -9999 -9999 -9999 -9999 -9999 -9999 -9999 -9999 -9999 0.0210530365613088 0.0210537345590372 0.0210537345590372 0.0210537345590372 0.0210537345590372 0.0210537345590372 0.0210537345590372 0.0210537345590372 0.0210530365613088 0.0210530365613088 0.0210530365613088 0.0210537345590372 0.0210537345590372 0.0210537345590372 0.0210537345590372 0.0210537345590372 0.0210537345590372 0.0289784706239489 -9999 -9999 -9999 -9999 -9999 -9999 0.0210537345590372 0.0210537345590372 0.0210537345590372 0.0210537345590372 0.0210537345590372 -9999
-9999 -9999 -9999 0.0210677408699765 0.0210530365613088 0.0210530365613088 0.0210537345590372 0.0273236286470486 0.0210537345590372 0.0210537345590372 0.0210530365613088 0.0210530365613088 0.0296320155512085 0.0210530365613088 0.0210537345590372 0.0210537345590372 0.0210666321388319 0.0210833621023999 0.0210677408699765 0.0210641899972824 0.0210530365613088 0.0210537345590372 0.0210537345590372 0.0210537345590372 0.0210537345590372 0.0210537345590372 0.0210537345590372 0.0210537345590372 -9999 -9999 -9999 -9999 0.0210537345590372 0.0210537345590372 -9999 -9999 -9999 -9999 -9999 -9999 -9999 -9999 0.0210537345590372 0.0210537345590372 0.0210537345590372 0.0210537345590372 0.0210537345590372 0.0210537345590372
-9999 -9999 -9999 0.0210677408699765 0.0210677408699765 0.0210537345590372 0.0210537345590372 0.0210537345590372 0.0210537345590372 0.0210537345590372 0.0210537345590372 0.0210537345590372 0.0210537345590372 0.0210537345590372 0.0210537345590372 0.0210537345590372 0.0210537345590372 0.0210537345590372 0.0210530365613088 0.0210677408699765 0.0210530365613088 0.026366018034213 0.0210537345590372 0.0210537345590372 0.0210537345590372 0.0210537345590372 0.0210537345590372 -9999 -9999 -9999 -9999 -9999 -9999 -9999 -9999 -9999 -9999 -9999 -9999 -9999 -9999 -9999 -9999 0.0210537345590372 0.0210537345590372 0.0210537345590372 0.0210537345590372 0.0210537345590372
-9999 -9999 -9999 -9999 0.0210833621023999 0.0210537345590372 0.0210537345590372 0.0210530365613088 0.0210537345590372 0.0210537345590372 0.0210537345590372 0.0210537345590372 0.0210537345590372 0.0210537345590372 0.0210537345590372 0.0210537345590372 0.0210537345590372 0.0210537345590372 0.0210537345590372 0.0239745869096358 0.0210537345590372 0.0210537345590372 0.0244610089160382 0.0238633990844879 0.0210537345590372 0.0210537345590372 0.0210537345590372 0.0210537345590372 -9999 -9999 -9999 -9999 -9999 -9999 -9999 -9999 -9999 -9999 -9999 -9999 -9999 -9999 -9999 -9999 0.0210537345590372 0.0210537345590372 0.0210537345590372 0.0210537345590372
-9999 -9999 -9999 0.0210677408699765 0.0210677408699765 0.0210530365613088 0.0210537345590372 0.0210537345590372 0.0210537345590372 0.0210537345590372 0.0210537345590372 0.0210537345590372 0.0210537345590372 0.0210537345590372 0.0235033049334289 0.0254015630540349 0.0210537345590372 0.0210537345590372 0.0210537345590372 0.0210537345590372 0.0210537345590372 0.0210537345590372 0.0210537345590372 0.0210537345590372 0.0210537345590372 0.0210537345590372 0.0210537345590372 -9999 -9999 -9999 -9999 -9999 -9999 -9999 -9999 -9999 -9999 -9999 -9999 -9999 -9999 -9999 -9999 -9999 -9999 -9999 0.0210537345590372 0.0210537345590372
-9999 -9999 -9999 -9999 0.0210530365613088 0.0210537345590372 0.0210537345590372 0.0210537345590372 0.0210537345590372 0.0210537345590372 0.0210537345590372 0.0210537345590372 0.0210537345590372 0.0210537345590372 0.0247533632026174 0.0210537345590372 0.0247402781998813 0.0210537345590372 0.0210537345590372 0.0210537345590372 0.0210537345590372 0.0210537345590372 0.0210537345590372 0.0210537345590372 0.0210537345590372 -9999 -9999 -9999 -9999 -9999 -9999 -9999 -9999 -9999 -9999 -9999 -9999 -9999 -9999 -9999 -9999 -9999 -9999 -9999 -9999 -9999 -9999 -9999
-9999 -9999 -9999 -9999 0.0210530365613088 0.0210537345590372 0.0210537345590372 0.0210537345590372 0.0210537345590372 0.0210537345590372 0.0210537345590372 0.0210537345590372 0.0210537345590372 0.0210537345590372 0.0210537345590372 0.0210537345590372 0.024755987619847 0.0247402781998813 0.0210537345590372 0.0247402781998813 0.0210537345590372 0.0210537345590372 0.0210537345590372 -9999 -9999 -9999 -9999 -9999 -9999 -9999 -9999 -9999 -9999 -9999 -9999 -9999 -9999 0.0210537345590372 0.0210537345590372 0.0210537345590372 -9999 -9999 -9999 -9999 -9999 -9999 -9999 -9999
-9999 -9999 -9999 0.0210537345590372 0.0210537345590372 0.0210537345590372 0.0210537345590372 0.0210537345590372 0.0210537345590372 0.0210537345590372 0.0210537345590372 0.0210537345590372 0.0210537345590372 0.0210537345590372 0.0210537345590372 0.0210537345590372 0.0210537345590372 0.024755987619847 0.0210537345590372 0.0247402781998813 0.0210537345590372 0.0210537345590372 -9999 -9999 -9999 -9999 -9999 -9999 -9999 -9999 -9999 -9999 -9999 -9999 -9999 -9999 -9999 -9999 0.0210537345590372 0.0210537345590372 -9999 -9999 -9999 -9999 -9999 -9999 -9999 -9999
