BRT_projection_files/BRT_SCV2/B_lucorum_2_projection.asc
NCOLS 79 
NROWS 71 
XLLCORNER -10.5 
YLLCORNER 36 
CELLSIZE 0.5 
NODATA_value -9999 
[rows 44 to 65 of 71, columns 0 to 48 of 79]
-9999 -9999 -9999 -9999 -9999 -9999 -9999 -9999 -9999 -9999 -9999 -9999 -9999 -9999 -9999 -9999 -9999 -9999 0.589145751151019 0.539603661332944 0.525911992784082 0.543728126562314 0.513971931061199 0.536157336340232 0.498159371502356 0.522577584063758 0.515463134503219 0.498463472244242 0.697517274122796 0.680920738074458 0.699554008527474 0.71558532138899 0.714500466224739 0.775830324665209 0.776978525085305 0.77864498720916 0.78092450765064 0.7549023151663 0.77712516436428 0.775013879760587 0.7411814285499 0.711153557875596 0.764114839568883 0.776856949556574 0.707886778222504 0.772593258850688 0.722748897457953 0.731177259157574 0.676863320796305
-9999 -9999 -9999 -9999 -9999 -9999 -9999 -9999 -9999 -9999 -9999 -9999 -9999 -9999 0.516581509328768 -9999 -9999 -9999 0.603561885025102 0.784401373231528 0.73452686384093 0.743795474726762 0.694383271706082 0.477002701587988 0.512005015835591 0.498193252806466 0.503046596251245 0.497282776137771 0.685452959650694 0.693110762905541 0.69964983526139 0.715118788864514 0.715885490712844 0.772826080511876 0.71600258677118 0.721411447843557 0.53318840160754 0.781127634484531 0.777272252322882 0.777181834066624 0.777115561059238 0.775579660107784 0.708346818608027 0.773263772742996 0.710728374527008 0.769336911531822 0.748911426330573 0.729053130550164 0.748326809523793
-9999 -9999 -9999 -9999 -9999 -9999 -9999 -9999 -9999 -9999 -9999 -9999 0.544036563476466 0.739081024384011 0.714401774147054 0.587027994717474 0.584756627004447 0.556059909474783 0.587471145867922 0.588177380667871 0.733182929553106 0.535145535845763 0.696088570557363 0.69168758994437 0.475107973723718 0.494059107279968 0.490208681719393 0.494470042630783 0.491334870557979 0.497699697207076 0.703690919566278 0.714981739950512 0.719831927977028 0.718190220219412 0.742200586460799 0.778487050768802 0.768983043804406 0.752196732743205 0.777866978836087 0.775954641576444 0.776252222979966 0.776326755495373 0.776606465952802 0.776604049104079 0.758107943014293 0.723235016574674 0.779569854288399 0.772673760135085 0.785932756608923
-9999 -9999 -9999 -9999 -9999 -9999 -9999 -9999 -9999 -9999 -9999 -9999 -9999 -9999 0.526797413992797 0.585245285879413 0.592526349325734 0.569524429994198 0.585580217927964 0.584863374120089 0.530228709043677 0.498815318019274 0.488896907280331 0.494254188837988 0.519422799181947 0.49884997670822 0.49587051340032 0.489718379111689 0.497773540230197 0.705777902046294 0.713802542983363 0.715608987282523 0.715832750159056 0.740150932437924 0.750643530043061 0.776168049188088 0.750454973847938 0.779134103038014 0.77959966011394 0.78183870897442 0.785745115087439 0.796332220357971 0.753486116738761 0.767587564717656 0.755538464938187 0.783372798966794 0.760958639355191 0.783993105641833 0.756061759508732
-9999 -9999 -9999 -9999 -9999 -9999 -9999 -9999 -9999 -9999 -9999 -9999 -9999 -9999 -9999 -9999 -9999 0.570158995236132 0.559898790879425 0.546585201056208 0.465496647817593 0.478005265246486 0.519299599326057 0.489634005907362 0.489100458273614 0.500928420786397 0.499591402382088 0.51201095189652 0.712124631642997 0.71622973852338 0.714494154153219 0.533664344933547 0.719960543789384 0.749672637736532 0.78023790010093 0.782672425516399 0.783192496198467 0.786446543555803 0.784763611632686 0.797707201097777 0.789218123466926 0.807967116515779 0.764293734642994 0.789917704802719 0.808391714424399 0.808538466466278 0.807017070049512 0.77953424651576 0.760543753916127
-9999 -9999 -9999 -9999 -9999 -9999 -9999 -9999 -9999 -9999 -9999 -9999 -9999 -9999 -9999 -9999 -9999 0.462162812308339 0.532595100334743 0.58536841650089 0.564144339032987 0.494346835284014 0.494548319599506 0.452119819717794 0.511559484904978 0.479642303575107 0.530166617406151 0.502935509721074 0.544313169868213 0.737288389029908 0.5149296725943 0.51773006753157 0.743735602763357 0.755680736927217 0.785684859941942 0.810847000818535 0.788526328073776 0.771091331851677 0.807493852743202 0.806930103564637 0.807355087873019 0.801567873008928 0.767730688417821 0.760836004493361 0.76188984402198 0.7595140874205 0.779004980395648 0.754382567214125 0.755372385419415
-9999 -9999 -9999 -9999 -9999 -9999 -9999 -9999 -9999 -9999 -9999 -9999 -9999 -9999 -9999 -9999 -9999 -9999 -9999 0.458077095880395 0.491117802398182 0.525192143762574 0.580628607049909 0.588691292965188 0.722087080384509 0.698281712756109 0.743647341725861 0.703225235575103 0.662753449440399 0.725756507554667 0.712353235846369 0.517251088764691 0.751343871903919 0.782751471800659 0.776556527000593 0.759720802442721 0.754309320558487 0.774344546016355 0.757899206027417 0.771073825524185 0.784888372495653 0.766140056693559 0.760735791957878 0.782913510074847 0.753074133853338 0.754001662421688 0.745116344884202 0.778389346938264 0.77061059158954
-9999 -9999 -9999 -9999 -9999 -9999 -9999 -9999 -9999 -9999 -9999 -9999 -9999 -9999 -9999 -9999 -9999 -9999 -9999 0.432738961341251 0.433363249829194 0.484080626141534 0.514202847930939 0.53048898812225 0.74983776655727 0.742480641971736 0.736320061485043 0.764562332573321 0.742213302091691 0.750300394984207 0.539054859889942 0.535256174612188 0.780235614776445 0.783904072667109 0.769999812009073 0.769678108724829 0.776189280159524 0.782015844411964 0.517315473415237 0.515303127136358 0.779610795832106 0.782704439014818 0.75559014392572 0.782348456364004 0.776620559101699 0.515207010876529 0.432957439931888 -9999 0.500839202566749
-9999 -9999 -9999 -9999 -9999 -9999 -9999 -9999 -9999 -9999 -9999 -9999 -9999 -9999 -9999 -9999 -9999 -9999 -9999 0.432715565265865 0.433253700613277 0.432677903070492 0.487815022063087 0.503532633872785 0.52153790985846 0.749972560462727 0.74774216797461 0.726348131023845 0.742646896118966 0.780681647771507 0.536167885276967 0.517018350785103 0.782728808744804 0.755390906029705 0.764375465410424 0.7554376219722 0.490775199022415 0.432089405596202 0.432935655777304 0.42678208128348 0.432949736469614 0.432449349770712 0.424168400897783 0.457576892268062 0.424803472208696 -9999 -9999 -9999 0.432860858322001
-9999 -9999 -9999 -9999 -9999 -9999 -9999 -9999 -9999 -9999 -9999 -9999 -9999 -9999 -9999 -9999 -9999 -9999 -9999 0.433146610010389 0.449356204895605 0.423575322661841 0.424085097292069 0.4603134524111 0.537614493766342 0.743987140862302 0.725268471005264 0.752561043294961 0.754036473711348 0.750185049972409 0.510858835717854 0.743798439483485 0.75820217593308 0.770833135933603 0.766735102130425 0.760736205188897 0.424298052882353 0.424766723672349 0.469810680241973 0.740187427734702 0.517007012336334 0.505624643210688 0.424011183301339 0.421504990617888 0.418607248272215 0.418494749320563 -9999 -9999 -9999
-9999 -9999 -9999 -9999 -9999 -9999 -9999 -9999 -9999 -9999 -9999 -9999 -9999 -9999 -9999 -9999 -9999 -9999 0.432651924455837 0.432608289592003 0.432601788618192 0.423196077058008 0.441532183538063 0.442039130103104 0.471564525517368 0.586447390004237 0.755671862714995 0.759473352164964 0.751944591265759 0.432925841057455 0.432452338272661 0.714621440675854 0.750929741214374 0.76743456989254 0.75779406289148 0.768106519341987 0.73683667732261 0.439470029491209 -9999 -9999 0.470987079671628 0.745308490732708 0.735622519794651 0.774092075472447 0.454159432302717 0.421198317770782 -9999 -9999 -9999
-9999 -9999 -9999 -9999 -9999 -9999 -9999 -9999 -9999 -9999 -9999 -9999 -9999 -9999 -9999 -9999 -9999 -9999 0.432641723638587 0.432577868730493 0.42806159860754 0.462679776935063 0.434208051449429 0.421329259560336 0.423233003690111 0.432683573896061 0.520928422679366 0.505006199564521 0.433079883655793 0.424404287639079 0.419337434909528 0.421154984722525 0.459304272603805 0.53106401487153 0.517765687838321 0.433315050038558 -9999 -9999 -9999 -9999 -9999 -9999 0.433077713850497 0.433254798145756 0.735759258076044 0.701101387308382 0.456464966462263 -9999 -9999
-9999 -9999 -9999 0.432875705828584 0.433291826319108 0.53181392103607 0.531749795275497 0.757488242628537 0.711136515957078 0.745158126570852 0.710615971884818 0.719213782552947 0.482377035058281 0.451122082007894 0.45096868935587 0.469318218672138 0.433218140915496 0.472512208414947 0.50545488612273 0.438520003319511 0.462967859588062 0.432567138544359 0.433007773804477 0.424075253979857 0.427635425732307 0.438417699872909 0.431349314088442 0.41880810883429 -9999 -9999 -9999 -9999 0.430632743859564 0.432868005137275 -9999 -9999 -9999 -9999 -9999 -9999 -9999 -9999 0.423905757006627 0.423874146901447 0.432565108992815 0.49961707398354 0.514199980191529 0.498586979747409 0.418744689060266
-9999 -9999 -9999 0.433043185051183 0.467916105082945 0.532168567789825 0.531602490057733 0.762842161999741 0.764588113052135 0.750514975695527 0.754499931735569 0.731473803245084 0.724810227142474 0.728295637257127 0.705953922365014 0.719037632367638 0.735059821133561 0.507394274734561 0.529418010498033 0.759062044503123 0.744302004245542 0.745097093485921 0.740473034346306 0.716136119298727 0.740826628868793 0.734199969392752 0.423572307404795 -9999 -9999 -9999 -9999 -9999 -9999 -9999 -9999 -9999 -9999 -9999 -9999 -9999 -9999 -9999 -9999 0.420126950428168 0.429660294971092 0.429618915464142 0.452381880496462 0.732326424907768 0.458578917726833
-9999 -9999 -9999 -9999 0.468271860038069 0.507475626913168 0.763564333921574 0.764553043272418 0.740115853093001 0.388503135955832 0.404166116877428 0.420261402825367 0.417775368109587 0.451196139471326 0.661073150007461 0.672615249069405 0.501270538613421 0.384925064456263 0.436035515395152 0.472797891582892 0.498764991697138 0.45181224454708 0.726513407488649 0.736981950627807 0.740198700895278 0.716430703733239 0.385573801789265 0.380026557483545 -9999 -9999 -9999 -9999 -9999 -9999 -9999 -9999 -9999 -9999 -9999 -9999 -9999 -9999 -9999 -9999 0.432563407898921 0.432853901174154 0.432492221605514 0.732536111504394 0.713774486477993
-9999 -9999 -9999 0.433034064982612 0.535878004529243 0.758250437790537 0.510164208409916 0.508157458551404 0.395768423145994 0.425236032344768 0.410774515520482 0.42567527066226 0.42153644162549 0.445683146634169 0.427592695189209 0.435997143113452 0.45443711263739 0.433862369632329 0.380273257501497 0.382704805223108 0.379846585669677 0.384745680308269 0.384408481568705 0.384905643610885 0.421733644108658 0.422219391271602 0.380656671483486 -9999 -9999 -9999 -9999 -9999 -9999 -9999 -9999 -9999 -9999 -9999 -9999 -9999 -9999 -9999 -9999 -9999 -9999 -9999 0.433024590696111 0.43292289597497 0.432604881667695
-9999 -9999 -9999 -9999 0.433284434919322 0.512569330889315 0.420207975851484 0.379718268381841 0.41028142865752 0.442623644783259 0.416895133168573 0.394310188277547 0.403058082251553 0.454704432109567 0.649870724406074 0.453693180145783 0.454226621434802 0.434864865236302 0.432777226527499 0.380179732331908 0.380444066819254 0.384608502308167 0.37978749770993 0.380004892614942 0.382899424119161 -9999 -9999 -9999 -9999 -9999 -9999 -9999 -9999 -9999 -9999 -9999 -9999 -9999 -9999 -9999 -9999 -9999 -9999 -9999 -9999 -9999 -9999 -9999 0.4281585692646
-9999 -9999 -9999 -9999 0.433010872049173 0.432868264249536 0.384709243583563 0.384830287530955 0.385013428605859 0.442897311552244 0.470447889653998 0.470161535218413 0.676660149793615 0.47368951464352 0.38353491098106 0.395715641164877 0.438224321852682 0.610925827781209 0.615253011167085 0.602598545755696 0.412959088801519 0.379677426858178 0.380213856256243 -9999 -9999 -9999 -9999 -9999 -9999 -9999 -9999 -9999 -9999 -9999 -9999 -9999 -9999 0.413805246216108 0.426114351320835 0.432701385683162 -9999 -9999 -9999 -9999 -9999 -9999 -9999 -9999 -9999
-9999 -9999 -9999 0.432765602669491 0.43297230762589 0.394056127856179 0.393905943812509 0.401563907900731 0.393925141386463 0.505677115250048 0.505588210392664 0.480075672759981 0.384573978043789 0.382842133231979 0.382133547463903 0.384773494720426 0.411278101513135 0.678078869243294 0.602446448135152 0.664206949906469 0.380357463467722 0.379769543236501 -9999 -9999 -9999 -9999 -9999 -9999 -9999 -9999 -9999 -9999 -9999 -9999 -9999 -9999 -9999 -9999 0.461939894564874 0.432227606510293 -9999 -9999 -9999 -9999 -9999 -9999 -9999 -9999 -9999
-9999 -9999 -9999 0.38621468952682 0.393574762384514 0.384909698934883 0.384425550821769 0.384865137180531 0.394318666225941 0.401229502305339 0.38976655205078 0.382685029335876 0.384630972135161 0.379934496635997 0.379815546637454 0.385256990864371 0.384739660317536 0.37975435123468 0.37975435123468 0.37972768695933 0.382877783647384 -9999 -9999 -9999 -9999 -9999 -9999 -9999 -9999 -9999 -9999 -9999 -9999 -9999 -9999 -9999 -9999 -9999 0.423374888416697 0.43218724300508 -9999 -9999 -9999 -9999 -9999 -9999 -9999 -9999 -9999
-9999 -9999 0.418994180081473 0.384456496985393 0.384151602112212 0.384496677306692 0.38477767691129 0.384441908030171 0.384619735177762 0.384836397282385 0.384838882052035 0.379710425549543 0.379764157979399 0.383254768485185 0.382965167841637 0.385618989026182 0.384846075479646 0.382906226479816 0.379726545828702 0.379792967899485 -9999 -9999 -9999 -9999 -9999 -9999 -9999 -9999 -9999 -9999 -9999 -9999 -9999 -9999 -9999 -9999 -9999 -9999 0.4180622059403 0.419199865509342 -9999 -9999 -9999 -9999 -9999 -9999 -9999 -9999 -9999
-9999 -9999 0.382952257869645 0.382934602094048 0.384758830202404 0.384793103272066 0.384866609052136 0.384938455368234 0.384896304150359 0.384606952464653 0.385093925666981 0.384533299832852 0.384683499229495 0.384975759069171 0.385932394270842 0.385017910287046 0.382711758083232 0.380030301778341 0.380092077349589 0.379942077257429 0.380802424355001 -9999 -9999 -9999 -9999 -9999 -9999 -9999 -9999 -9999 -9999 -9999 -9999 -9999 -9999 -9999 -9999 -9999 -9999 -9999 -9999 -9999 -9999 -9999 -9999 -9999 -9999 -9999 -9999
