BRT_projection_files/BRT_SCV2/B_mucidus_1_projection.asc
NCOLS 79 
NROWS 71 
XLLCORNER -10.5 
YLLCORNER 36 
CELLSIZE 0.5 
NODATA_value -9999 
[rows 42 to 62 of 71, columns 0 to 47 of 79]
-9999 -9999 -9999 -9999 -9999 -9999 -9999 -9999 -9999 -9999 0.0579413868042876 -9999 -9999 0.0580010727495332 -9999 -9999 -9999 -9999 -9999 -9999 -9999 -9999 -9999 -9999 0.0441736672916448 0.0464319346309878 0.0303453604424634 0.0263739865119556 0.0303320291000451 0.0441723176882297 0.0550062896114556 0.0582324883329921 0.124114508636242 0.11210813818342 0.0373070685695504 0.0264090204417823 0.030658957549781 0.029761031410256 0.0264866525692471 0.063103433629213 0.0831307019483477 0.0263751203888162 0.030732353422122 0.0506243712916303 0.0510103837091231 0.0306153790228591 0.0645733590159015 0.0297527600409977
-9999 -9999 -9999 -9999 -9999 -9999 -9999 -9999 -9999 -9999 -9999 -9999 -9999 -9999 -9999 -9999 -9999 -9999 -9999 -9999 -9999 -9999 0.0593279810688685 0.0538689398567193 0.0304276504214168 0.0263710038089297 0.0295246774995014 0.0303321915736346 0.0303474427253318 0.0437060422812923 0.0656690126600902 0.0557905166896548 0.0640907312460021 0.030462120111241 0.0310028837775047 0.0307724116703948 0.0264800256958768 0.0263739865119556 0.0306541411614538 0.0308914148876545 0.0263739865119556 0.0263751203888162 0.0263739865119556 0.0306396648519347 0.0306153790228591 0.0307035195985895 0.0307794310464323 0.0263751203888162
-9999 -9999 -9999 -9999 -9999 -9999 -9999 -9999 -9999 -9999 -9999 -9999 -9999 -9999 -9999 -9999 -9999 -9999 0.0305105178030045 0.0304440710517747 0.0263739865119556 0.0551093337236504 0.0304362092795537 0.0295152345596048 0.0295720984133697 0.0263710038089297 0.0295255677136708 0.0304203432070059 0.0263758099656431 0.0263739865119556 0.03035182309734 0.0443700969680011 0.0304220306661662 0.0306572642972362 0.0479965149644694 0.0597983261640618 0.0616820086121056 0.026512774161307 0.0305564971529267 0.0303320291000451 0.0307990852694335 0.030933681469668 0.0265290638267624 0.0263739865119556 0.0264815641348522 0.0263741003649559 0.0491826916750046 0.11691220370754
-9999 -9999 -9999 -9999 -9999 -9999 -9999 -9999 -9999 -9999 -9999 -9999 -9999 -9999 0.0295246774995014 -9999 -9999 -9999 0.0558206195206388 0.0557150296612979 0.0298650853333994 0.0305148929772874 0.0263758099656431 0.0263758099656431 0.0263710038089297 0.0266760505131956 0.0263710038089297 0.0305181089175056 0.0295301701637964 0.0297043688694671 0.0426742534346422 0.0573958272774472 0.030590755839494 0.0303320291000451 0.0443410495495127 0.0652298311538465 0.0303321915736346 0.0698929663240266 0.048065900741548 0.0307850934349987 0.0910551094999208 0.050720229301078 0.0264815641348522 0.0264815641348522 0.0264705530302427 0.0263741003649559 0.0306945428107093 0.0858625743558696
-9999 -9999 -9999 -9999 -9999 -9999 -9999 -9999 -9999 -9999 -9999 -9999 0.0546096412512768 0.0566690466544278 0.0559611634145212 0.030345292953209 0.030345292953209 0.0263739865119556 0.0577872230493008 0.0578586835375973 0.0606118177473207 0.0264800256958768 0.0264800256958768 0.0263728251460572 0.0263728251460572 0.0263758099656431 0.0263758099656431 0.0263758099656431 0.0304268861647404 0.0304225057927322 0.0426881394367276 0.0554858426207873 0.0596413355210527 0.0576854631817876 0.089297545980536 0.0752012195011146 0.0303320291000451 0.551906138971806 0.0640860040365148 0.0306633681267283 0.0308539034937411 0.0308482248950855 0.0305401428301953 0.0304087470845916 0.0306073168090704 0.0436347959439568 0.0557388211632777 0.056557935124174
-9999 -9999 -9999 -9999 -9999 -9999 -9999 -9999 -9999 -9999 -9999 -9999 -9999 -9999 0.0576227948917977 0.0295954670375482 0.0264800256958768 0.0264800256958768 0.0304601186163244 0.0304383708438369 0.0264800256958768 0.0264800256958768 0.0264800256958768 0.0263758099656431 0.0263710038089297 0.0295343866229994 0.0304020806454537 0.03035182309734 0.0303474427253318 0.0303581165679957 0.0445337322100563 0.0445191653572775 0.0595802812774939 0.0664392988315379 0.113723451184825 0.0758934752196892 0.104280753538557 0.104203339764578 0.0443442184152697 0.0437244198420313 0.055853647053874 0.147701048579473 0.147582178427124 0.431317304150453 0.461028215229977 0.366889034956998 0.685614536250365 0.61393595156569
-9999 -9999 -9999 -9999 -9999 -9999 -9999 -9999 -9999 -9999 -9999 -9999 -9999 -9999 -9999 -9999 -9999 0.0304971887430419 0.0304219248342224 0.0264800256958768 0.0263739865119556 0.0263758099656431 0.0263739865119556 0.0264378615253274 0.0263758099656431 0.0303454554267985 0.03035182309734 0.0303474427253318 0.0581325425263241 0.0665198251029552 0.03035182309734 0.0441608114024466 0.0674562208969397 0.0708773457664084 0.225612578986994 0.063729759346197 0.0578189086222846 0.057067067242421 0.0795523877268354 0.162291403389373 0.635440305002267 0.57771221234036 0.441839633961247 0.465840125954724 0.666495109504475 0.36041030464404 0.661567112639198 0.757715214116393
-9999 -9999 -9999 -9999 -9999 -9999 -9999 -9999 -9999 -9999 -9999 -9999 -9999 -9999 -9999 -9999 -9999 0.0443431560286331 0.044569548579285 0.0304241822694758 0.0304383708438369 0.0263739865119556 0.0263758099656431 0.0296623373427168 0.0303474427253318 0.0304293529813824 0.0304493857467598 0.0304363660440648 0.0567676860955135 0.0739518833969446 0.0304230852307679 0.0567336788151274 0.0732585111690507 0.248320812468865 0.0919653479576865 0.248643117253065 0.552323629020487 0.673864599553378 0.596989106349319 0.617156822392566 0.285793699838862 0.0394540954554879 0.0298575479759218 0.360597131854725 0.0456858414743571 0.374719832897792 0.73297039823721 0.714325730785506
-9999 -9999 -9999 -9999 -9999 -9999 -9999 -9999 -9999 -9999 -9999 -9999 -9999 -9999 -9999 -9999 -9999 -9999 -9999 0.030345292953209 0.0548212687072296 0.0303605061021191 0.0304407257098553 0.061731628372537 0.0575822004629617 0.0305250504637578 0.0305105178030045 0.0305112626048218 0.0460582295730467 0.0545211763975019 0.0570363937991991 0.0578800207650885 0.414824297125761 0.119326667802622 0.302296191451744 0.298937987003521 0.39086451356205 0.745101351733237 0.460476408175565 0.738141962343967 0.687149766845444 0.409432987881464 0.31312546972088 0.263498176203625 0.329834327021304 0.6210416309376 0.134236727079983 0.28961352849266
-9999 -9999 -9999 -9999 -9999 -9999 -9999 -9999 -9999 -9999 -9999 -9999 -9999 -9999 -9999 -9999 -9999 -9999 -9999 0.0444781837347266 0.0443458372599426 0.0570126306755505 0.0578698386973605 0.0579058467791307 0.120799325203413 0.0821030507215552 0.102581561439251 0.0304839246078729 0.0862229429331416 0.0305632300334757 0.0464372963263877 0.0576567284581222 0.0693515326429883 0.606340426136022 0.63572744653109 0.151225112147083 0.0392607666201287 0.0770984538599466 0.0900171897020456 0.0892456080518804 0.109452493915022 0.226234388970985 0.282152385434308 0.111869586532627 0.0840612469506314 0.0578866138870044 0.0797439973462431 -9999
-9999 -9999 -9999 -9999 -9999 -9999 -9999 -9999 -9999 -9999 -9999 -9999 -9999 -9999 -9999 -9999 -9999 -9999 -9999 0.0578530967647953 0.0555924348275795 0.0304673458719407 0.0511655275307567 0.10650697125232 0.0824611214307763 0.139141358687506 0.306198002389016 0.0304626221734875 0.0310679921155434 0.065241200681324 0.0681405640482751 0.062842709684807 0.15341516861026 0.333120478629003 0.0391485972253562 0.163078359926566 0.0303321915736346 0.0303402798666967 0.0542366043034679 0.0542593243733472 0.0544667236759336 0.0303161506825473 0.0303161506825473 0.0437826810027143 0.043809568248135 -9999 -9999 -9999
-9999 -9999 -9999 -9999 -9999 -9999 -9999 -9999 -9999 -9999 -9999 -9999 -9999 -9999 -9999 -9999 -9999 -9999 -9999 0.0748203430855923 0.0435246110277122 0.0304363660440648 0.0304427636228127 0.0309987209891238 0.0652504804976455 0.0656859055496584 0.0639522319303206 0.120802135160475 0.113611308623791 0.112299786611263 0.0674409427691473 0.0798917889533987 0.2838108289793 0.255915363342044 0.0426230631293986 0.0393652111046422 0.0263710038089297 0.0263739865119556 0.0441378551030897 0.0745753624302313 0.0609236876241066 0.0598977745973292 0.0440014755710909 0.0303910606631557 0.0263710038089297 0.0263728251460572 -9999 -9999
-9999 -9999 -9999 -9999 -9999 -9999 -9999 -9999 -9999 -9999 -9999 -9999 -9999 -9999 -9999 -9999 -9999 -9999 0.0782117620791149 0.073944412625517 0.0851923349689962 0.03035182309734 0.0296497145314247 0.0305112626048218 0.0448460138960862 0.0573642387753952 0.0557490772644662 0.0709295360270488 0.30181957905907 0.0737750405190933 0.0305930692248397 0.0470643434267597 0.0659666389353234 0.209677761358053 0.319537152227149 0.283059355405692 0.0515633042232436 0.0338328078018492 -9999 -9999 0.115197887054103 0.107108471299881 0.0672896942172406 0.0635304678662835 0.044492817677765 0.0304128261195113 -9999 -9999
-9999 -9999 -9999 -9999 -9999 -9999 -9999 -9999 -9999 -9999 -9999 -9999 -9999 -9999 -9999 -9999 -9999 -9999 0.0982662736820386 0.0589777611728205 0.0647643210710492 0.0303422898773027 0.0263758099656431 0.0263739865119556 0.0304362092795537 0.0578544405961352 0.0669217017988012 0.066899719190245 0.108653956620165 0.0454413570261449 0.0265157751040237 0.0264921491682981 0.0464584538389756 0.0910262174555253 0.109651789244964 0.101122592245712 -9999 -9999 -9999 -9999 -9999 -9999 0.059933656451897 0.0598927236026684 0.0548646707029266 0.030345292953209 0.0584570851089649 -9999
-9999 -9999 -9999 0.0795343263378892 0.068744950822649 0.0656390763104347 0.0662022245139572 0.0661715725146424 0.107218167375024 0.0882979311196419 0.123651448834586 0.14097524348293 0.0893500020667446 0.118892993102528 0.0881804361599669 0.0742006792850266 0.0965771142370164 0.0899246471709597 0.0612681735238931 0.0658265932895801 0.070533240397052 0.0576814882579296 0.0572734353213674 0.0444299319203354 0.0444311438842873 0.0578880330367376 0.0304354622795229 0.0263710038089297 -9999 -9999 -9999 -9999 0.0315933990333682 0.0795132022801115 -9999 -9999 -9999 -9999 -9999 -9999 -9999 -9999 0.0559895104956754 0.0303476027278486 0.0303408371699939 0.0303321915736346 0.0577695637970799 0.0303402798666967
-9999 -9999 -9999 0.0767586976686972 0.0811945915425711 0.0443646932674362 0.0323477984223603 0.065644868794963 0.0730075430265164 0.0316810119698315 0.0617183365301231 0.0685595896854968 0.029762651587657 0.0297825603896587 0.026462668084354 0.0306508058742864 0.0678553706070563 0.0560023278141334 0.0721390022989339 0.389836719905007 0.624722597529676 0.704050117376069 0.276171588985956 0.335151811260498 0.280852133304528 0.118162004528084 0.0312961545925763 -9999 -9999 -9999 -9999 -9999 -9999 -9999 -9999 -9999 -9999 -9999 -9999 -9999 -9999 -9999 -9999 0.0263728251460572 0.03035182309734 0.0308206862183369 0.0555221719316466 0.210605237379003
-9999 -9999 -9999 -9999 0.0633836993624278 0.0678436712473621 0.0763602988726028 0.216644580151787 0.0268341708053438 0.0263758099656431 0.0263758099656431 0.0263728251460572 0.0263758099656431 0.0263739865119556 0.0318044369825801 0.031822615957918 0.0264508449802025 0.0264378615253274 0.0263758099656431 0.0266022713480542 0.0266070825122478 0.0315790886778856 0.0307893272869282 0.0308332783394092 0.0356395589267805 0.227125107254245 0.0769572126311174 0.0264056338570496 -9999 -9999 -9999 -9999 -9999 -9999 -9999 -9999 -9999 -9999 -9999 -9999 -9999 -9999 -9999 -9999 0.0654786060281454 0.0600644529656955 0.0598388616697143 0.115134728504425
-9999 -9999 -9999 0.0834007555034009 0.0658830761741628 0.0717719010645827 0.0477149772464362 0.0317384802175641 0.0263728251460572 0.0263758099656431 0.0263728251460572 0.0263710038089297 0.0263758099656431 0.0263758099656431 0.0263758099656431 0.0263728251460572 0.0263758099656431 0.0263758099656431 0.0263728251460572 0.0263710038089297 0.0263758099656431 0.0263758099656431 0.0263739865119556 0.0264809993994784 0.026507814714315 0.0308114450247546 0.0308450384785654 -9999 -9999 -9999 -9999 -9999 -9999 -9999 -9999 -9999 -9999 -9999 -9999 -9999 -9999 -9999 -9999 -9999 -9999 -9999 0.0600969583447761 0.0675168951572018
-9999 -9999 -9999 -9999 0.0872406468508593 0.0643078149335607 0.0263728251460572 0.0263728251460572 0.0265417560706058 0.0264800256958768 0.0263758099656431 0.0263758099656431 0.0263758099656431 0.0264498967872785 0.0263758099656431 0.0264378615253274 0.0264378615253274 0.0263758099656431 0.0263758099656431 0.0263728251460572 0.0263728251460572 0.0264378615253274 0.0263758099656431 0.0263710038089297 0.0264550325425724 -9999 -9999 -9999 -9999 -9999 -9999 -9999 -9999 -9999 -9999 -9999 -9999 -9999 -9999 -9999 -9999 -9999 -9999 -9999 -9999 -9999 -9999 -9999
-9999 -9999 -9999 -9999 0.0861462195755214 0.0636668346394413 0.0305283414694472 0.0264378615253274 0.0265417560706058 0.0264800256958768 0.0264800256958768 0.0264800256958768 0.0264360365054682 0.0264005027747152 0.0263739865119556 0.0263758099656431 0.0264056338570496 0.0263758099656431 0.0264378615253274 0.0263758099656431 0.0263758099656431 0.0263758099656431 0.0263916884837202 -9999 -9999 -9999 -9999 -9999 -9999 -9999 -9999 -9999 -9999 -9999 -9999 -9999 -9999 0.0263728251460572 0.030345292953209 0.0551449163244594 -9999 -9999 -9999 -9999 -9999 -9999 -9999 -9999
-9999 -9999 -9999 0.0630713091180892 0.0650841473764569 0.110933789771488 0.0842706187060031 0.086602414221473 0.0946779758560224 0.0863199019164885 0.0871888168464357 0.0536763186012118 0.0263739865119556 0.0263710038089297 0.0263739865119556 0.0263758099656431 0.0263758099656431 0.026463985177462 0.0263758099656431 0.0263728251460572 0.0263922366270778 0.0263922366270778 -9999 -9999 -9999 -9999 -9999 -9999 -9999 -9999 -9999 -9999 -9999 -9999 -9999 -9999 -9999 -9999 0.0466971445406621 0.0676511361070854 -9999 -9999 -9999 -9999 -9999 -9999 -9999 -9999
