BRT_projection_files/BRT_SCV2/B_mucidus_2_projection.asc
NCOLS 79 
NROWS 71 
XLLCORNER -10.5 
YLLCORNER 36 
CELLSIZE 0.5 
NODATA_value -9999 
[rows 42 to 62 of 71, columns 0 to 47 of 79]
-9999 -9999 -9999 -9999 -9999 -9999 -9999 -9999 -9999 -9999 0.0367704713320021 -9999 -9999 0.0496361131422523 -9999 -9999 -9999 -9999 -9999 -9999 -9999 -9999 -9999 -9999 0.0326110799725893 0.0326102648510057 0.0331658346019493 0.0331809845026444 0.0331658346019493 0.0328030183712542 0.0329654483957544 0.0397742938627696 0.0657819010257929 0.0530952662357336 0.0377302058005416 0.0313687743212872 0.0474790478646284 0.026858114246662 0.0268322039853521 0.0379406821512677 0.0316610285165143 0.0328672379239163 0.0332381149418561 0.0311728944680541 0.0330954821863618 0.0331991547905103 0.0349994417516716 0.0331163961295468
-9999 -9999 -9999 -9999 -9999 -9999 -9999 -9999 -9999 -9999 -9999 -9999 -9999 -9999 -9999 -9999 -9999 -9999 -9999 -9999 -9999 -9999 0.0396954416241534 0.0326098708023268 0.032916072963266 0.0330812353952039 0.0330812353952039 0.0330755313699579 0.0332731512248316 0.0326642326882035 0.0382797961516705 0.067799192885009 0.0507455283282465 0.0331804167395597 0.0348623889579252 0.0339401779992842 0.0329490784486089 0.0313737081120047 0.0299283689887166 0.0473779138384862 0.0330058470619149 0.0329654350239039 0.0328138227642939 0.0329900839948427 0.0329811083151352 0.0331473674581249 0.0333833892822723 0.032815249555297
-9999 -9999 -9999 -9999 -9999 -9999 -9999 -9999 -9999 -9999 -9999 -9999 -9999 -9999 -9999 -9999 -9999 -9999 0.0332745285791319 0.0332842686990869 0.0330083374017059 0.0397211929948758 0.0326316811078725 0.0331564070323839 0.0332296705681323 0.033006698010339 0.0330083374017059 0.0331245788228677 0.0331188596098832 0.0330803814635692 0.0333095929112124 0.0326703179826636 0.0328754433123315 0.0331804052735618 0.0331437082880141 0.0328153572118606 0.0631820279834878 0.0267945564819651 0.0304224017848038 0.0329323750700185 0.0331792839180328 0.0332637389479896 0.0330236478432935 0.0328672379239163 0.0330640168230815 0.0328726024734092 0.0327373938038868 0.0443060850799266
-9999 -9999 -9999 -9999 -9999 -9999 -9999 -9999 -9999 -9999 -9999 -9999 -9999 -9999 0.0332731512248316 -9999 -9999 -9999 0.0326866176476461 0.0326630860769431 0.0331370215693077 0.0333109727993641 0.0331608774288696 0.0330816713794934 0.0329589802908416 0.0262958551879159 0.0313687743212872 0.0332916349284065 0.0331608774288696 0.0331245788228677 0.0333108930399832 0.0326914176525993 0.0332849068524192 0.0331970880187004 0.032945834591618 0.032579333074741 0.0329758632707397 0.0553776822281255 0.0290870499214575 0.0265361086490937 0.0323661418908051 0.0331632216791029 0.0330857308398242 0.0330134638292475 0.0330640170765093 0.033019105864569 0.0331879175851099 0.0382241029329487
-9999 -9999 -9999 -9999 -9999 -9999 -9999 -9999 -9999 -9999 -9999 -9999 0.0327180733927447 0.0377473539713354 0.0327315417568876 0.0332745285791319 0.0332745285791319 0.0330294312802227 0.0326569430881194 0.0326994463715232 0.0326814992593409 0.0330428015456261 0.0331596428550812 0.0331245788228677 0.0331081491474287 0.0330812353952039 0.0330120879212351 0.0331116249361713 0.0331608774288696 0.0332600274031212 0.0331005594643844 0.0326644931281666 0.0383280655052776 0.0326449032700536 0.0993017333586514 0.055113117714518 0.0329610101929336 0.0373329310978459 0.0335962275198997 0.0330200875756104 0.0331615627098464 0.0329866516668241 0.0329678665934703 0.0328553334222504 0.0413544613956568 0.0326164561590037 0.0325544282288801 0.0325727204157083
-9999 -9999 -9999 -9999 -9999 -9999 -9999 -9999 -9999 -9999 -9999 -9999 -9999 -9999 0.032650912473109 0.0332310457453761 0.0332745285791319 0.0331259483767714 0.0326838326358137 0.0332745285791319 0.0332959282969511 0.0330812353952039 0.0331608774288696 0.0331188596098832 0.0327850840966016 0.0332839663925232 0.0331245788228677 0.0333336352237427 0.0332673943937651 0.0331135489609294 0.0326651284892032 0.0331103933805586 0.032676231837474 0.0383329868328953 0.0986380729961409 0.0371336397038365 0.058119706798712 0.083425176233817 0.0384397928128831 0.032986785226697 0.0431403318158144 0.498280328791419 0.261056109157769 0.126283911679595 0.627836798103889 0.675837736312778 0.718781115373877 0.68413345539476
-9999 -9999 -9999 -9999 -9999 -9999 -9999 -9999 -9999 -9999 -9999 -9999 -9999 -9999 -9999 -9999 -9999 0.0329997189748738 0.0331800989899331 0.0330294312802227 0.0330334344462251 0.0331107706575811 0.0330306575511763 0.0331608774288696 0.0331479120505741 0.0332462624460249 0.0333095929112124 0.0332965583131842 0.0326882817805285 0.0326859181222876 0.0332965583131842 0.0329760536191266 0.045971873257673 0.0969049473999075 0.130456614465209 0.0933373956787856 0.0934897158641893 0.0782911855364779 0.384639414549996 0.690625190461809 0.690995618841634 0.0812067349476557 0.41067563674422 0.404983258862564 0.48522397459014 0.497847251780752 0.648274928455888 0.619758524305983
-9999 -9999 -9999 -9999 -9999 -9999 -9999 -9999 -9999 -9999 -9999 -9999 -9999 -9999 -9999 -9999 -9999 0.0330487535696376 0.0332691533431285 0.0333078494868078 0.0333294795215581 0.0330812353952039 0.0331577753170776 0.0333083513064554 0.0332731512248316 0.0333083513064554 0.0333083513064554 0.0332731512248316 0.0327129698209796 0.0383489580244625 0.0332296705681323 0.0344373764789057 0.231743389164384 0.656359989251698 0.0379804840022043 0.0586135251744495 0.768131717542934 0.609432711206922 0.673677766374702 0.691495294897065 0.621816501929845 0.14655906647374 0.165799854741098 0.157978610048392 0.137797644320805 0.273419059032437 0.657478012592584 0.449477853819154
-9999 -9999 -9999 -9999 -9999 -9999 -9999 -9999 -9999 -9999 -9999 -9999 -9999 -9999 -9999 -9999 -9999 -9999 -9999 0.0332731512248316 0.0330918218142175 0.0333083513064554 0.0331293105130818 0.0327315417568876 0.0326906259301967 0.0434294363075582 0.0332856485872386 0.0332971676217192 0.035730692648963 0.039832954466488 0.0330343637276684 0.0511841230407727 0.142660952100681 0.0739969281924451 0.514275058846494 0.126895164543117 0.199246542592323 0.493558975294907 0.682606098889436 0.46530943231973 0.65939170618466 0.225282199981936 0.156059758481275 0.0835965459790322 0.293112159760891 0.265133549051214 0.0947749436406618 0.178152389338413
-9999 -9999 -9999 -9999 -9999 -9999 -9999 -9999 -9999 -9999 -9999 -9999 -9999 -9999 -9999 -9999 -9999 -9999 -9999 0.0332296705681323 0.0332731512248316 0.0326360830032384 0.0327298207324966 0.0345122790970965 0.0489398594542532 0.0645275292797065 0.0387990117967056 0.0330306575511763 0.1105624153287 0.0331936560737574 0.0331601773977838 0.0325824378945885 0.0925924618268448 0.0683283406962993 0.486020012866739 0.140028838620916 0.228823200053816 0.0761515513386367 0.0613241141030825 0.0328842133989054 0.0413444790625154 0.169546585998205 0.080290677158252 0.0537103300702441 0.038656976954037 0.0270527352359298 0.0270594552837633 -9999
-9999 -9999 -9999 -9999 -9999 -9999 -9999 -9999 -9999 -9999 -9999 -9999 -9999 -9999 -9999 -9999 -9999 -9999 -9999 0.0330215363888332 0.033127950190808 0.0333095929112124 0.0329202158944021 0.0383897336070025 0.0628658605931034 0.0630241232328442 0.152102189221869 0.0378709037011237 0.03807554130135 0.0445729686635317 0.0381584212405508 0.0343466486014765 0.0457259805631848 0.119200926601568 0.159843572384923 0.155274510271515 0.0330377584541384 0.0330114872631719 0.0290870499214575 0.0290870499214575 0.0331547589656754 0.0315092937676157 0.032865869143174 0.0313138751539728 0.0315260738811973 -9999 -9999 -9999
-9999 -9999 -9999 -9999 -9999 -9999 -9999 -9999 -9999 -9999 -9999 -9999 -9999 -9999 -9999 -9999 -9999 -9999 -9999 0.0639786433302332 0.0332284332023045 0.0331245788228677 0.0333095929112124 0.0383034756255685 0.0411310456938822 0.0470575948734216 0.0871246331363898 0.0550714879184944 0.074275954515909 0.167065527073264 0.0436400471828763 0.0465474178999114 0.0695665271916418 0.137696737171685 0.100669552698153 0.0377701040678053 0.0331653965657847 0.0330120879212351 0.0311835555957658 0.0357634023043837 0.03821604372322 0.0331564070323839 0.032865869143174 0.0313141492087129 0.0329489508772106 0.0328501011829446 -9999 -9999
-9999 -9999 -9999 -9999 -9999 -9999 -9999 -9999 -9999 -9999 -9999 -9999 -9999 -9999 -9999 -9999 -9999 -9999 0.0272386216386541 0.101117078788964 0.0654610116480818 0.0331641048168221 0.0330800050378772 0.0331233465169849 0.0333109727993641 0.0333109727993641 0.0327670411390885 0.0715348894690858 0.0863013628771821 0.0904206287168657 0.0338605218142216 0.0339880557682309 0.055306099379754 0.0691646362175451 0.175403168899548 0.0862683720869353 0.0425678735055595 0.03715588724601 -9999 -9999 0.0358477439016098 0.0611410992428307 0.038991016908829 0.0323444485631035 0.033006698010339 0.0315991285350048 -9999 -9999
-9999 -9999 -9999 -9999 -9999 -9999 -9999 -9999 -9999 -9999 -9999 -9999 -9999 -9999 -9999 -9999 -9999 -9999 0.0306218348809652 0.0327226542503992 0.0406461404580567 0.0331711954846808 0.0331170760624513 0.0329742857683576 0.0330812353952039 0.0326489655328657 0.0699678560586179 0.0696664509901856 0.0555703938586939 0.0330222512026605 0.0329732749248597 0.0335244623764836 0.0378018048180231 0.0633763623646983 0.0553659904396726 0.0331311758101666 -9999 -9999 -9999 -9999 -9999 -9999 0.0311835555957658 0.0315092937676157 0.0795853558074267 0.0331021999156837 0.0330133082124236 -9999
-9999 -9999 -9999 0.0469414167358172 0.0860806991569339 0.0969042738237757 0.0609588754911691 0.0485990136832233 0.401000885056277 0.253823920745226 0.345531205604082 0.129904960374007 0.157122547236669 0.227081560478809 0.121696699327447 0.0782442066107893 0.0690791140983789 0.0961421430342891 0.213712222572674 0.0881821539105266 0.0648364716776377 0.0326358321201022 0.0332842686990869 0.0332731512248316 0.0332731512248316 0.0326582931261225 0.0332617850607294 0.0313761774488825 -9999 -9999 -9999 -9999 0.027173196816307 0.0288354881756953 -9999 -9999 -9999 -9999 -9999 -9999 -9999 -9999 0.033258014461766 0.0332682611175276 0.0332055632605326 0.0329610101929336 0.0332434794819928 0.0329380815219001
-9999 -9999 -9999 0.249948356712174 0.135418551157397 0.0519652471150522 0.0599806503628713 0.0570269881029531 0.0548826505098715 0.0339721795281679 0.0344662641237423 0.0387351195828938 0.0333836744157384 0.0334619941771707 0.0333410748402598 0.0333769916119787 0.0387492558095688 0.0333777776793249 0.0471613698433957 0.174722964687029 0.471278382420063 0.475052095462939 0.164532656495154 0.289073205886364 0.194336775213104 0.164665389416073 0.0525479743035235 -9999 -9999 -9999 -9999 -9999 -9999 -9999 -9999 -9999 -9999 -9999 -9999 -9999 -9999 -9999 -9999 0.033130782004111 0.0332998778961246 0.033258014461766 0.033006698010339 0.135125115012813
-9999 -9999 -9999 -9999 0.268284912843101 0.0561263468711947 0.0716436545491773 0.132147554284233 0.0402568196088697 0.0330964906954497 0.0331094206292252 0.0330969847567177 0.0330883574783229 0.0330248691442951 0.0546131017167517 0.0500808947720311 0.0333187230498265 0.0330770438244383 0.033236103523686 0.0333987575555193 0.0334558799289547 0.0340880045328232 0.0336710344591387 0.0344812126315882 0.0521958785198402 0.115206025800454 0.0634513504475202 0.0447590862833481 -9999 -9999 -9999 -9999 -9999 -9999 -9999 -9999 -9999 -9999 -9999 -9999 -9999 -9999 -9999 -9999 0.0329949252793515 0.0326005227781119 0.0329350018546712 0.0440662265801514
-9999 -9999 -9999 0.070737981898518 0.194675900653932 0.102079346989254 0.0343876436582261 0.0421858960450582 0.038480964810196 0.0330995857928159 0.0330982166724755 0.0329730000972444 0.0331068195931269 0.0330995857928159 0.0386043794477037 0.0444886815818284 0.0330995857928159 0.0383740388636521 0.0380001504836469 0.0436897947846388 0.0331169772644912 0.0331085115484224 0.0330336824232156 0.0330995857928159 0.0338517480816979 0.0269604902243415 0.0336024781219025 -9999 -9999 -9999 -9999 -9999 -9999 -9999 -9999 -9999 -9999 -9999 -9999 -9999 -9999 -9999 -9999 -9999 -9999 -9999 0.0324460900207692 0.0380733503147409
-9999 -9999 -9999 -9999 0.0697430356175654 0.0433173316576149 0.0395419588462704 0.0384635094022559 0.0330883574783229 0.0330995857928159 0.0330883574783229 0.0330969847567177 0.0381105104793672 0.0380995108901037 0.0492959330790182 0.037467695275847 0.0330883574783229 0.038413323064922 0.0381310248792602 0.0382426988875807 0.0314354535172537 0.0330972770432417 0.0383627862206296 0.0450418240739796 0.0600088639336883 -9999 -9999 -9999 -9999 -9999 -9999 -9999 -9999 -9999 -9999 -9999 -9999 -9999 -9999 -9999 -9999 -9999 -9999 -9999 -9999 -9999 -9999 -9999
-9999 -9999 -9999 -9999 0.0366890177426238 0.046056043048157 0.0397135427954684 0.0383869393007704 0.0378646833544116 0.0330248691442951 0.0331094206292252 0.0330995857928159 0.0444329065054037 0.045371725338817 0.0330222769926563 0.0381231902433491 0.0599987998376332 0.0491874465411019 0.0330883574783229 0.0383603853625313 0.0383494219353826 0.0385235962300947 0.0366243920435988 -9999 -9999 -9999 -9999 -9999 -9999 -9999 -9999 -9999 -9999 -9999 -9999 -9999 -9999 0.0384030353855685 0.0332386680038291 0.0394168673166441 -9999 -9999 -9999 -9999 -9999 -9999 -9999 -9999
-9999 -9999 -9999 0.0437395225629169 0.0314688470268481 0.0557462138626477 0.0546959390178157 0.0977530946459574 0.101834463315585 0.0951337609134795 0.13336543964862 0.0483814368872186 0.0330337853045202 0.0441292988831889 0.0444469166240245 0.0330883574783229 0.0383692692519292 0.0802252522659496 0.0385012980114976 0.0573702338090282 0.0443100077281793 0.0370841766330664 -9999 -9999 -9999 -9999 -9999 -9999 -9999 -9999 -9999 -9999 -9999 -9999 -9999 -9999 -9999 -9999 0.0333199799125158 0.033318600024364 -9999 -9999 -9999 -9999 -9999 -9999 -9999 -9999
