BRT_projection_files/BRT_SCV2/B_norvegicus_1_projection.asc
NCOLS 79 
NROWS 71 
XLLCORNER -10.5 
YLLCORNER 36 
CELLSIZE 0.5 
NODATA_value -9999 
[rows 42 to 62 of 71, columns 0 to 47 of 79]
-9999 -9999 -9999 -9999 -9999 -9999 -9999 -9999 -9999 -9999 0.060112330296735 -9999 -9999 0.0676229872646045 -9999 -9999 -9999 -9999 -9999 -9999 -9999 -9999 -9999 -9999 0.0932348021792448 0.111485562904066 0.149682480136768 0.120783270639732 0.209738751562547 0.184532639317753 0.173306563937967 0.0923463637828625 0.0910003512561653 0.0915563480168244 0.082265915066702 0.0996530550036407 0.128384205541002 0.131977056657828 0.149494677201311 0.163212248691773 0.0840102369957715 0.0966438362668755 0.116496314833607 0.169265893027444 0.199872208018484 0.236754348233192 0.308556429127096 0.0707193368841791
-9999 -9999 -9999 -9999 -9999 -9999 -9999 -9999 -9999 -9999 -9999 -9999 -9999 -9999 -9999 -9999 -9999 -9999 -9999 -9999 -9999 -9999 0.0677557617395175 0.06356812741207 0.0701261667316627 0.0593654567382287 0.0607806881957049 0.108388897054143 0.0749135646494481 0.0802022766104874 0.0905677080069567 0.0914266952283721 0.145183692686654 0.161054556804989 0.164783434681189 0.170937640386812 0.0798553399616619 0.0864343336343652 0.423559644440164 0.19591221044728 0.0799581655096348 0.0769734750655669 0.0784840724137989 0.171275296846757 0.166688479588161 0.102379816492537 0.10117041588904 0.0769323405050012
-9999 -9999 -9999 -9999 -9999 -9999 -9999 -9999 -9999 -9999 -9999 -9999 -9999 -9999 -9999 -9999 -9999 -9999 0.061278271821459 0.0612469335677468 0.0590133102970327 0.0677460502108167 0.0613306603505254 0.0637822584692413 0.0612046883224849 0.0600541230500075 0.061211986096177 0.0615245114977381 0.0640044285879991 0.0608764673396419 0.0703921052637071 0.0777417705375804 0.0769681532374814 0.164463223557099 0.343332819305702 0.299231972170835 0.19160053477564 0.0856277877520522 0.387977324655588 0.184253164786267 0.166235064015277 0.128442563984049 0.0780083919283085 0.0873841553930022 0.0669583964171921 0.0811245824752377 0.0832593525672353 0.264417763840969
-9999 -9999 -9999 -9999 -9999 -9999 -9999 -9999 -9999 -9999 -9999 -9999 -9999 -9999 0.0607842463619018 -9999 -9999 -9999 0.0677963054211008 0.0770614448426166 0.0689412626342909 0.0702111786537836 0.0645860045757779 0.0605689721357131 0.0595123449303944 0.0693379306810754 0.0671635176165318 0.0615245114977381 0.0607959583987725 0.061182559772698 0.061278271821459 0.085121114402301 0.0776876093165406 0.195677391434771 0.0783012268661544 0.0918019248894705 0.133857123015789 0.21153103974113 0.192112401534564 0.474932668017552 0.181742921540182 0.169341951582231 0.0767489941650957 0.0781477210883597 0.0775187304987629 0.0789775621518532 0.160584564521902 0.160114849197757
-9999 -9999 -9999 -9999 -9999 -9999 -9999 -9999 -9999 -9999 -9999 -9999 0.0600296926644311 0.0675452533200988 0.061675041681705 0.0613796332315132 0.0613335948569167 0.0586753453644439 0.0675412469329921 0.067545222860703 0.0760393766839801 0.0593333326621721 0.0606284674523114 0.0605724342851262 0.0605689721357131 0.0605705616267439 0.0606377746309859 0.0607880218074691 0.0615281392987346 0.0615390654577665 0.0613488141478317 0.075270497031458 0.0839496212293704 0.0925280038778342 0.0937853749792631 0.197617506854005 0.167803894145362 0.155870954624552 0.16867394094336 0.169490731218646 0.15397364275927 0.181128468576593 0.177774206895105 0.183997631391444 0.339747602625701 0.159568299557371 0.152016765664044 0.152799573270457
-9999 -9999 -9999 -9999 -9999 -9999 -9999 -9999 -9999 -9999 -9999 -9999 -9999 -9999 0.0623118858284436 0.0593318829284334 0.060718631257541 0.0605689721357131 0.0612813202941058 0.0613019598168769 0.0607301631348052 0.0607471645376749 0.0605689721357131 0.0605689721357131 0.0607471645376749 0.0608164043511961 0.0612086107325638 0.0613926416773487 0.0612716684615524 0.0712735719757917 0.0774869247321389 0.0769501738411372 0.0767667082211379 0.0850136642027697 0.202450711870678 0.183586891699195 0.403918998953367 0.166328799314124 0.163667478143525 0.154692457156079 0.150864019647906 0.151657831430172 0.165765019545859 0.174597145229507 0.221087482998717 0.296132350815844 0.376978153048591 0.363226047380265
-9999 -9999 -9999 -9999 -9999 -9999 -9999 -9999 -9999 -9999 -9999 -9999 -9999 -9999 -9999 -9999 -9999 0.0606038104686463 0.0595024232706288 0.058578327074317 0.0605654140908764 0.0605780715547639 0.0591124865884534 0.0607880218074691 0.0608086075123187 0.0614559031765904 0.0613431309425274 0.0613488141478317 0.0676488645347185 0.0911499243679014 0.0712605490476732 0.0598869790856057 0.0773036567230281 0.0911795644061168 0.169339146684877 0.182276873962213 0.185353544169735 0.200703631180973 0.223716554939715 0.163963724373527 0.361996410070777 0.284129192800386 0.277395068656738 0.292458325653359 0.266267950634428 0.258995488007041 0.278532476823439 0.169755892700887
-9999 -9999 -9999 -9999 -9999 -9999 -9999 -9999 -9999 -9999 -9999 -9999 -9999 -9999 -9999 -9999 -9999 0.061278271821459 0.061278271821459 0.061278271821459 0.0613681159932844 0.0607759273485983 0.0607873711376186 0.0611905293387159 0.0612470505054396 0.0614266675139069 0.061427337452413 0.0613164130322397 0.0678264600989055 0.0830374688253627 0.0606958268462671 0.0676367072598969 0.0903358134533085 0.262714738409309 0.162387455735967 0.328106034294089 0.357360928729198 0.28933153223536 0.272372085729665 0.273659145864788 0.273707212673655 0.117515086379139 0.0718885412588424 0.138364859266967 0.103990374425565 0.139192607152715 0.168716979796609 0.177463760032962
-9999 -9999 -9999 -9999 -9999 -9999 -9999 -9999 -9999 -9999 -9999 -9999 -9999 -9999 -9999 -9999 -9999 -9999 -9999 0.061278271821459 0.0667895884855631 0.061278271821459 0.0613102376131074 0.0677952819040781 0.0786358736823164 0.0763381139038528 0.0775208082559233 0.0703849755100077 0.0712605490476732 0.132601884684983 0.0611294611061556 0.0677306477422429 0.0914515007094364 0.199317118858514 0.128434149453943 0.275080310030173 0.277338823850306 0.144839385025567 0.267589958760405 0.146362532053096 0.13797572024514 0.136254339527908 0.133830027175875 0.231972544019317 0.138719939158224 0.157060882258515 0.0918330948033467 0.187136541874036
-9999 -9999 -9999 -9999 -9999 -9999 -9999 -9999 -9999 -9999 -9999 -9999 -9999 -9999 -9999 -9999 -9999 -9999 -9999 0.06131320035897 0.061278271821459 0.0606533529344616 0.0676366768154699 0.0612741256645497 0.0846679188061844 0.0934644571253168 0.0921845325248522 0.111906243949927 0.092744525406881 0.13470360815808 0.0835227935479367 0.0618035967106615 0.172792986419929 0.0902966390917804 0.144231512054439 0.107598874595059 0.104620675995668 0.172498269612578 0.0881720970467787 0.09406359759638 0.262527150893699 0.182773645701172 0.126836598849934 0.173011402468958 0.194027266110393 0.0857365661135922 0.0624262361207662 -9999
-9999 -9999 -9999 -9999 -9999 -9999 -9999 -9999 -9999 -9999 -9999 -9999 -9999 -9999 -9999 -9999 -9999 -9999 -9999 0.0678398397875198 0.0675939749683126 0.0613488141478317 0.0614204316706227 0.0677494568543563 0.0676269692065645 0.0899909804355983 0.0916669317094475 0.0838527635217321 0.0823650488762017 0.162034521142837 0.0601253791723115 0.0677861073375317 0.171159128370708 0.137317780272856 0.0930396342165624 0.104133329465659 0.0942624420581742 0.0594775033817928 0.0650084115610578 0.093891764961483 0.06235867321253 0.0627020578643953 0.0621797681601339 0.0623352218111178 0.0763767121624855 -9999 -9999 -9999
-9999 -9999 -9999 -9999 -9999 -9999 -9999 -9999 -9999 -9999 -9999 -9999 -9999 -9999 -9999 -9999 -9999 -9999 -9999 0.0653115748535606 0.0608134581363941 0.0613212456938514 0.0613164130322397 0.0613920088055758 0.0678481257302569 0.077855570149541 0.0906821946577848 0.0914029442164365 0.0910575933185848 0.0907695489473826 0.0601668242089874 0.0905954135967814 0.25943848132173 0.135522641677393 0.0721213826944767 0.147081422260584 0.0610096831784827 0.0585528959333582 0.0598106958563842 0.0902802958284499 0.0676269692065645 0.0640492652136449 0.0881345126845782 0.06411858174949 0.0587008264006355 0.0605689721357131 -9999 -9999
-9999 -9999 -9999 -9999 -9999 -9999 -9999 -9999 -9999 -9999 -9999 -9999 -9999 -9999 -9999 -9999 -9999 -9999 0.0676280468089115 0.0677921874123863 0.0670569915431284 0.0613078616908956 0.0607978248654272 0.0615245114977381 0.0613488141478317 0.0677494568543563 0.0775168488442064 0.0851617470224852 0.090043972141307 0.0676269692065645 0.0595065913404913 0.0705481054269893 0.0889838453931456 0.120934833379183 0.133023573029763 0.0904064938654358 0.0825095354711813 0.0593904772153412 -9999 -9999 0.0600750114340774 0.16282095132957 0.0933227078861273 0.115604265830802 0.0612143991848455 0.0622838955292014 -9999 -9999
-9999 -9999 -9999 -9999 -9999 -9999 -9999 -9999 -9999 -9999 -9999 -9999 -9999 -9999 -9999 -9999 -9999 -9999 0.0676269692065645 0.0676269692065645 0.0677500497378175 0.0613651751516377 0.0605694150983227 0.0636954526398972 0.061348071175163 0.0676224084484231 0.0676269692065645 0.0676269692065645 0.0602369027685295 0.0607085692316284 0.0641210325787713 0.0587394393459136 0.061278271821459 0.0675635967796978 0.0674091570082648 0.0623583159610437 -9999 -9999 -9999 -9999 -9999 -9999 0.0734662304093444 0.148148572455799 0.0833347516671596 0.0790253305478867 0.0601295900249875 -9999
-9999 -9999 -9999 0.0675037456623377 0.0626427666955596 0.0676053365112166 0.0675452533200988 0.0772809054762456 0.0889148395951338 0.148516948671536 0.0842757523542462 0.0898515308949272 0.0625482699856912 0.0674766704012773 0.0600821649726242 0.0650586390984749 0.0600665922482366 0.0603405417090176 0.0676426195922996 0.0676602703456875 0.061467825586323 0.0676603600361189 0.0620129220444654 0.0613873789427187 0.0613607872200699 0.0676488340902915 0.0613818461100748 0.0596244517548379 -9999 -9999 -9999 -9999 0.0607216472526619 0.0678986983299904 -9999 -9999 -9999 -9999 -9999 -9999 -9999 -9999 0.0668311154587726 0.0613777738654807 0.0599481946455623 0.0595224118491552 0.0678462532279399 0.0601234799200524
-9999 -9999 -9999 0.0601338834008888 0.0675518591054722 0.06131320035897 0.0613071891404606 0.0902391728326172 0.0905755442277944 0.0814642195788092 0.0895755510088098 0.0914565872296456 0.0657083399340767 0.0670885742156187 0.0611442154029045 0.0768500476184829 0.0902113985012578 0.0675412469329921 0.0775895545707165 0.0913632766859387 0.268547757934193 0.271777215225709 0.247363751722544 0.0925655422744838 0.0924165322436819 0.0786999460196642 0.0607022442013651 -9999 -9999 -9999 -9999 -9999 -9999 -9999 -9999 -9999 -9999 -9999 -9999 -9999 -9999 -9999 -9999 0.0607881757279914 0.0613954897307381 0.0613342449274597 0.0611093501345074 0.0835624475675442
-9999 -9999 -9999 -9999 0.0674707316329714 0.0603378632879867 0.0889478754522143 0.090309489285541 0.0666233468090005 0.0605689721357131 0.0605689721357131 0.0605689721357131 0.0605689721357131 0.0605654140908764 0.0762206623841519 0.081653592211863 0.0605724342851262 0.0605689721357131 0.0605689721357131 0.0605689721357131 0.0642187797551654 0.0613071891404606 0.0770597972749384 0.080560554395861 0.0761367836514651 0.0924629431462399 0.0667935296250062 0.0605689721357131 -9999 -9999 -9999 -9999 -9999 -9999 -9999 -9999 -9999 -9999 -9999 -9999 -9999 -9999 -9999 -9999 0.0677481182674778 0.0606220266070835 0.0617884615414507 0.0903009050085555
-9999 -9999 -9999 0.0604142327531393 0.0601718458387043 0.0675874609174101 0.061278271821459 0.061278271821459 0.0605689721357131 0.0605689721357131 0.0605689721357131 0.0585782582596707 0.0605689721357131 0.0605689721357131 0.0605689721357131 0.0605724342851262 0.0605724342851262 0.0605689721357131 0.0605689721357131 0.0618186596321089 0.0605689721357131 0.0605689721357131 0.0591220836373187 0.0605689721357131 0.0587331977344483 0.0868865906982707 0.0596023803414799 -9999 -9999 -9999 -9999 -9999 -9999 -9999 -9999 -9999 -9999 -9999 -9999 -9999 -9999 -9999 -9999 -9999 -9999 -9999 0.10701662033171 0.0604037397115778
-9999 -9999 -9999 -9999 0.0663621003003103 0.0630405695801026 0.0605689721357131 0.0605689721357131 0.0605689721357131 0.0605689721357131 0.0605689721357131 0.0605689721357131 0.0605689721357131 0.0605724342851262 0.0606515444652816 0.0605689721357131 0.0605724342851262 0.0605724342851262 0.0605689721357131 0.0605689721357131 0.0605705616267439 0.0605689721357131 0.0605689721357131 0.058924231543134 0.0615182765330945 -9999 -9999 -9999 -9999 -9999 -9999 -9999 -9999 -9999 -9999 -9999 -9999 -9999 -9999 -9999 -9999 -9999 -9999 -9999 -9999 -9999 -9999 -9999
-9999 -9999 -9999 -9999 0.060199763509464 0.0608549143232671 0.0612813202941058 0.0605689721357131 0.0607764652018466 0.0591220836373187 0.0605689721357131 0.0605689721357131 0.0708916526911203 0.0589267150527354 0.0605654140908764 0.0605689721357131 0.0651463833406704 0.0606515444652816 0.0606281707925894 0.0606281707925894 0.0605689721357131 0.0605689721357131 0.0605689721357131 -9999 -9999 -9999 -9999 -9999 -9999 -9999 -9999 -9999 -9999 -9999 -9999 -9999 -9999 0.0605689721357131 0.0612499810594331 0.0668959304194462 -9999 -9999 -9999 -9999 -9999 -9999 -9999 -9999
-9999 -9999 -9999 0.0605547094044721 0.0603458705210134 0.0675655206288964 0.0676303408140506 0.0675486183740258 0.0675452533200988 0.067545222860703 0.0676155111140695 0.0613151687875941 0.0605689721357131 0.0645752244406762 0.0585747312683508 0.0605689721357131 0.0606154933697991 0.0606515444652816 0.0606281707925894 0.0606515444652816 0.0605689721357131 0.0605689721357131 -9999 -9999 -9999 -9999 -9999 -9999 -9999 -9999 -9999 -9999 -9999 -9999 -9999 -9999 -9999 -9999 0.0613141680005075 0.067860319997024 -9999 -9999 -9999 -9999 -9999 -9999 -9999 -9999
