BRT_projection_files/BRT_SCV2/B_polaris_2_projection.asc
NCOLS 79 
NROWS 71 
XLLCORNER -10.5 
YLLCORNER 36 
CELLSIZE 0.5 
NODATA_value -9999 
[rows 42 to 62 of 71, columns 0 to 47 of 79]
-9999 -9999 -9999 -9999 -9999 -9999 -9999 -9999 -9999 -9999 0.0108899571767791 -9999 -9999 0.0109019710654394 -9999 -9999 -9999 -9999 -9999 -9999 -9999 -9999 -9999 -9999 0.0108899571767791 0.0108899571767791 0.0108899571767791 0.0108899571767791 0.0108899571767791 0.0108899571767791 0.0108899571767791 0.0108899571767791 0.0108899571767791 0.0108899571767791 0.0108899571767791 0.0108899571767791 0.0108899571767791 0.0108899571767791 0.0108899571767791 0.0108899571767791 0.0108899571767791 0.0108899571767791 0.0108899571767791 0.0108899571767791 0.0108899571767791 0.0108899571767791 0.0108899571767791 0.0108899571767791
-9999 -9999 -9999 -9999 -9999 -9999 -9999 -9999 -9999 -9999 -9999 -9999 -9999 -9999 -9999 -9999 -9999 -9999 -9999 -9999 -9999 -9999 0.0108899571767791 0.0108899571767791 0.0108899571767791 0.0108899571767791 0.0108899571767791 0.0108899571767791 0.0108899571767791 0.0108899571767791 0.0108899571767791 0.0108899571767791 0.0108899571767791 0.0108899571767791 0.0108899571767791 0.0108899571767791 0.0108899571767791 0.0108899571767791 0.0108899571767791 0.0108899571767791 0.0108899571767791 0.0108899571767791 0.0108899571767791 0.0108899571767791 0.0108899571767791 0.0108899571767791 0.0108899571767791 0.0108899571767791
-9999 -9999 -9999 -9999 -9999 -9999 -9999 -9999 -9999 -9999 -9999 -9999 -9999 -9999 -9999 -9999 -9999 -9999 0.0108899571767791 0.0108899571767791 0.0108899571767791 0.0108899571767791 0.0108899571767791 0.0108899571767791 0.0108899571767791 0.0108899571767791 0.0108899571767791 0.0108899571767791 0.0108899571767791 0.0108899571767791 0.0108899571767791 0.0108899571767791 0.0108899571767791 0.0108899571767791 0.0108899571767791 0.0108899571767791 0.0108899571767791 0.0108899571767791 0.0108899571767791 0.0108899571767791 0.0108899571767791 0.0108899571767791 0.0108899571767791 0.0108899571767791 0.0108899571767791 0.0108899571767791 0.0108899571767791 0.0108899571767791
-9999 -9999 -9999 -9999 -9999 -9999 -9999 -9999 -9999 -9999 -9999 -9999 -9999 -9999 0.0108899571767791 -9999 -9999 -9999 0.0108899571767791 0.0108899571767791 0.0108899571767791 0.0108899571767791 0.0108899571767791 0.0108899571767791 0.0108899571767791 0.0108899571767791 0.0108899571767791 0.0108899571767791 0.0108899571767791 0.0108899571767791 0.0108899571767791 0.0108899571767791 0.0108899571767791 0.0108899571767791 0.0108899571767791 0.0108899571767791 0.0108899571767791 0.0108899571767791 0.0108899571767791 0.0108899571767791 0.0108899571767791 0.0108899571767791 0.0108899571767791 0.0108899571767791 0.0108899571767791 0.0108899571767791 0.0108899571767791 0.0108899571767791
-9999 -9999 -9999 -9999 -9999 -9999 -9999 -9999 -9999 -9999 -9999 -9999 0.0108899571767791 0.0109019710654394 0.0108899571767791 0.0108899571767791 0.0108899571767791 0.0108899571767791 0.0108899571767791 0.0108899571767791 0.0108899571767791 0.0108899571767791 0.0108899571767791 0.0108899571767791 0.0108899571767791 0.0108899571767791 0.0108899571767791 0.0108899571767791 0.0108899571767791 0.0108899571767791 0.0108899571767791 0.0108899571767791 0.0108899571767791 0.0108899571767791 0.0109028850396061 0.0108899571767791 0.0108899571767791 0.0109162995680938 0.0108899571767791 0.0108899571767791 0.0108899571767791 0.0108899571767791 0.0108899571767791 0.0108899571767791 0.0108899571767791 0.0108899571767791 0.0108899571767791 0.0108899571767791
-9999 -9999 -9999 -9999 -9999 -9999 -9999 -9999 -9999 -9999 -9999 -9999 -9999 -9999 0.0108899571767791 0.0108899571767791 0.0108899571767791 0.0108899571767791 0.0108899571767791 0.0108899571767791 0.0108899571767791 0.0108899571767791 0.0108899571767791 0.0108899571767791 0.0108899571767791 0.0108899571767791 0.0108899571767791 0.0108899571767791 0.0108899571767791 0.0108899571767791 0.0108899571767791 0.0108899571767791 0.0108899571767791 0.0108899571767791 0.0109028850396061 0.0108899571767791 0.0109019710654394 0.0109102155408999 0.0108899571767791 0.0108899571767791 0.0109092876825369 0.0109028850396061 0.0109162995680938 0.0109028850396061 0.0109028850396061 0.0109028850396061 0.0109028850396061 0.0109028850396061
-9999 -9999 -9999 -9999 -9999 -9999 -9999 -9999 -9999 -9999 -9999 -9999 -9999 -9999 -9999 -9999 -9999 0.0108899571767791 0.0108899571767791 0.0108899571767791 0.0108899571767791 0.0108899571767791 0.0108899571767791 0.0108899571767791 0.0108899571767791 0.0108899571767791 0.0108899571767791 0.0108899571767791 0.0108899571767791 0.0108899571767791 0.0108899571767791 0.0108899571767791 0.0108899571767791 0.0109162995680938 0.0109028850396061 0.0109028850396061 0.0109102155408999 0.0109028850396061 0.0109028850396061 0.0109028850396061 0.0109028850396061 0.0109028850396061 0.0133300540401434 0.0109102155408999 0.0109028850396061 0.0109019710654394 0.0109443904375778 0.0109028850396061
-9999 -9999 -9999 -9999 -9999 -9999 -9999 -9999 -9999 -9999 -9999 -9999 -9999 -9999 -9999 -9999 -9999 0.0108899571767791 0.0108899571767791 0.0108899571767791 0.0108899571767791 0.0108899571767791 0.0108899571767791 0.0108899571767791 0.0108899571767791 0.0108899571767791 0.0108899571767791 0.0108899571767791 0.0108899571767791 0.0108899571767791 0.0108899571767791 0.0108899571767791 0.0109028850396061 0.0109028850396061 0.0109019710654394 0.0109028850396061 0.0109028850396061 0.0109028850396061 0.0109028850396061 0.0109494274729715 0.0109177431445832 0.110596356531803 0.122915180385217 0.0110820824279954 0.0215562651324555 0.0555563806870867 0.0109028850396061 0.0109028850396061
-9999 -9999 -9999 -9999 -9999 -9999 -9999 -9999 -9999 -9999 -9999 -9999 -9999 -9999 -9999 -9999 -9999 -9999 -9999 0.0108899571767791 0.0108899571767791 0.0108899571767791 0.0108899571767791 0.0108899571767791 0.0108899571767791 0.0108899571767791 0.0108899571767791 0.0108899571767791 0.0108899571767791 0.0108899571767791 0.0108899571767791 0.0109019710654394 0.0109028850396061 0.0109028850396061 0.0109028850396061 0.0108960234978145 0.0238776693905525 0.0111062663294999 0.0109028850396061 0.0111062663294999 0.0342844535697044 0.0624790707546711 0.0836299067887915 0.0108899571767791 0.0108960234978145 0.0109019710654394 0.0109028850396061 0.0109028850396061
-9999 -9999 -9999 -9999 -9999 -9999 -9999 -9999 -9999 -9999 -9999 -9999 -9999 -9999 -9999 -9999 -9999 -9999 -9999 0.0108899571767791 0.0108899571767791 0.0108899571767791 0.0108899571767791 0.0108899571767791 0.0109028850396061 0.0109019710654394 0.0108899571767791 0.0108899571767791 0.0108899571767791 0.0108899571767791 0.0108899571767791 0.0108899571767791 0.0109019710654394 0.0109019710654394 0.0109028850396061 0.0110871613714819 0.0108952733111711 0.0109019710654394 0.0109028850396061 0.0109028850396061 0.0109019710654394 0.0109102155408999 0.0108899571767791 0.0108899571767791 0.0109019710654394 0.0108899571767791 0.0108899571767791 -9999
-9999 -9999 -9999 -9999 -9999 -9999 -9999 -9999 -9999 -9999 -9999 -9999 -9999 -9999 -9999 -9999 -9999 -9999 -9999 0.0108899571767791 0.0108899571767791 0.0108899571767791 0.0108899571767791 0.0108899571767791 0.0109019710654394 0.0109102155408999 0.0109028850396061 0.0108899571767791 0.0108899571767791 0.0108899571767791 0.0108899571767791 0.0108899571767791 0.0109028850396061 0.0108899571767791 0.0110644446190018 0.0108899571767791 0.0108899571767791 0.0108899571767791 0.0108899571767791 0.0108899571767791 0.0108899571767791 0.0108899571767791 0.0108899571767791 0.0108899571767791 0.0108899571767791 -9999 -9999 -9999
-9999 -9999 -9999 -9999 -9999 -9999 -9999 -9999 -9999 -9999 -9999 -9999 -9999 -9999 -9999 -9999 -9999 -9999 -9999 0.0108899571767791 0.0108899571767791 0.0108899571767791 0.0108899571767791 0.0108899571767791 0.0108899571767791 0.0108899571767791 0.0109028850396061 0.0108899571767791 0.0108899571767791 0.0109028850396061 0.0108899571767791 0.0108899571767791 0.0108899571767791 0.0108899571767791 0.0108899571767791 0.0108899571767791 0.0108899571767791 0.0108899571767791 0.0108899571767791 0.0108899571767791 0.0108899571767791 0.0108899571767791 0.0108899571767791 0.0108899571767791 0.0108899571767791 0.0108899571767791 -9999 -9999
-9999 -9999 -9999 -9999 -9999 -9999 -9999 -9999 -9999 -9999 -9999 -9999 -9999 -9999 -9999 -9999 -9999 -9999 0.0108899571767791 0.0108899571767791 0.0108899571767791 0.0108899571767791 0.0108899571767791 0.0108899571767791 0.0108899571767791 0.0108899571767791 0.0108899571767791 0.0109162995680938 0.0109028850396061 0.0109028850396061 0.0108899571767791 0.0108899571767791 0.0108899571767791 0.0108899571767791 0.0108899571767791 0.0108899571767791 0.0108899571767791 0.0108899571767791 -9999 -9999 0.0109028850396061 0.0108899571767791 0.0108899571767791 0.0108899571767791 0.0108899571767791 0.0108899571767791 -9999 -9999
-9999 -9999 -9999 -9999 -9999 -9999 -9999 -9999 -9999 -9999 -9999 -9999 -9999 -9999 -9999 -9999 -9999 -9999 0.0109019710654394 0.0108899571767791 0.0108899571767791 0.0108899571767791 0.0108899571767791 0.0108899571767791 0.0108899571767791 0.0108899571767791 0.0109162995680938 0.0109162995680938 0.0109019710654394 0.0108899571767791 0.0108899571767791 0.0108899571767791 0.0108899571767791 0.0108899571767791 0.0108899571767791 0.023866107035491 -9999 -9999 -9999 -9999 -9999 -9999 0.0108899571767791 0.0108899571767791 0.0108899571767791 0.0108899571767791 0.0108899571767791 -9999
-9999 -9999 -9999 0.0109028850396061 0.0109162995680938 0.0109102155408999 0.0108899571767791 0.011085903321781 0.0108899571767791 0.0108899571767791 0.0109028850396061 0.0109028850396061 0.0229799321259719 0.0109019710654394 0.0108899571767791 0.0110831791894522 0.0148106109113896 0.0109028850396061 0.0109028850396061 0.0109028850396061 0.0109019710654394 0.0108899571767791 0.0108899571767791 0.0108899571767791 0.0108899571767791 0.0108899571767791 0.0108899571767791 0.0108899571767791 -9999 -9999 -9999 -9999 0.0108899571767791 0.0108899571767791 -9999 -9999 -9999 -9999 -9999 -9999 -9999 -9999 0.0108899571767791 0.0108899571767791 0.0108899571767791 0.0108899571767791 0.0108899571767791 0.0108899571767791
-9999 -9999 -9999 0.0109028850396061 0.0109028850396061 0.0108899571767791 0.0108899571767791 0.0108899571767791 0.0108899571767791 0.0108899571767791 0.0108899571767791 0.0108899571767791 0.0108899571767791 0.0108899571767791 0.0108899571767791 0.0108899571767791 0.0108899571767791 0.0108899571767791 0.0108899571767791 0.0109028850396061 0.0109028850396061 0.0109019710654394 0.0108899571767791 0.0108899571767791 0.0108899571767791 0.0108899571767791 0.0108899571767791 -9999 -9999 -9999 -9999 -9999 -9999 -9999 -9999 -9999 -9999 -9999 -9999 -9999 -9999 -9999 -9999 0.0108899571767791 0.0108899571767791 0.0108899571767791 0.0108899571767791 0.0108899571767791
-9999 -9999 -9999 -9999 0.0109028850396061 0.0108899571767791 0.0108899571767791 0.0109162995680938 0.0108899571767791 0.0108899571767791 0.0108899571767791 0.0108899571767791 0.0108899571767791 0.0108899571767791 0.0108899571767791 0.0108899571767791 0.0108899571767791 0.0108899571767791 0.0108899571767791 0.0108899571767791 0.0108899571767791 0.0108899571767791 0.0108899571767791 0.0108899571767791 0.0108899571767791 0.0108899571767791 0.0108899571767791 0.0108899571767791 -9999 -9999 -9999 -9999 -9999 -9999 -9999 -9999 -9999 -9999 -9999 -9999 -9999 -9999 -9999 -9999 0.0108899571767791 0.0108899571767791 0.0108899571767791 0.0108899571767791
-9999 -9999 -9999 0.0109028850396061 0.0109028850396061 0.0109028850396061 0.0108899571767791 0.0108899571767791 0.0108899571767791 0.0108899571767791 0.0108899571767791 0.0108899571767791 0.0108899571767791 0.0108899571767791 0.0108899571767791 0.0108899571767791 0.0108899571767791 0.0108899571767791 0.0108899571767791 0.0108899571767791 0.0108899571767791 0.0108899571767791 0.0108899571767791 0.0108899571767791 0.0108899571767791 0.0108899571767791 0.0108899571767791 -9999 -9999 -9999 -9999 -9999 -9999 -9999 -9999 -9999 -9999 -9999 -9999 -9999 -9999 -9999 -9999 -9999 -9999 -9999 0.0108899571767791 0.0108899571767791
-9999 -9999 -9999 -9999 0.0109102155408999 0.0108899571767791 0.0108899571767791 0.0108899571767791 0.0108899571767791 0.0108899571767791 0.0108899571767791 0.0108899571767791 0.0108899571767791 0.0108899571767791 0.0108899571767791 0.0108899571767791 0.0108899571767791 0.0108899571767791 0.0108899571767791 0.0108899571767791 0.0108899571767791 0.0108899571767791 0.0108899571767791 0.0108899571767791 0.0108899571767791 -9999 -9999 -9999 -9999 -9999 -9999 -9999 -9999 -9999 -9999 -9999 -9999 -9999 -9999 -9999 -9999 -9999 -9999 -9999 -9999 -9999 -9999 -9999
-9999 -9999 -9999 -9999 0.0109028850396061 0.0108899571767791 0.0108899571767791 0.0108899571767791 0.0108899571767791 0.0108899571767791 0.0108899571767791 0.0108899571767791 0.0108899571767791 0.0108899571767791 0.0108899571767791 0.0108899571767791 0.0108957343776866 0.0108899571767791 0.0108899571767791 0.0108899571767791 0.0108899571767791 0.0108899571767791 0.0108899571767791 -9999 -9999 -9999 -9999 -9999 -9999 -9999 -9999 -9999 -9999 -9999 -9999 -9999 -9999 0.0108899571767791 0.0108899571767791 0.0108899571767791 -9999 -9999 -9999 -9999 -9999 -9999 -9999 -9999
-9999 -9999 -9999 0.0108899571767791 0.0108899571767791 0.0108899571767791 0.0108899571767791 0.0108899571767791 0.0108899571767791 0.0108899571767791 0.0108899571767791 0.0108899571767791 0.0108899571767791 0.0108899571767791 0.0108899571767791 0.0108899571767791 0.0108899571767791 0.0108957343776866 0.0108899571767791 0.0108899571767791 0.0108899571767791 0.0108899571767791 -9999 -9999 -9999 -9999 -9999 -9999 -9999 -9999 -9999 -9999 -9999 -9999 -9999 -9999 -9999 -9999 0.0108899571767791 0.0108899571767791 -9999 -9999 -9999 -9999 -9999 -9999 -9999 -9999
