BRT_projection_files/BRT_SCV2/B_pratorum_2_projection.asc
NCOLS 79 
NROWS 71 
XLLCORNER -10.5 
YLLCORNER 36 
CELLSIZE 0.5 
NODATA_value -9999 
[rows 44 to 65 of 71, columns 0 to 48 of 79]
-9999 -9999 -9999 -9999 -9999 -9999 -9999 -9999 -9999 -9999 -9999 -9999 -9999 -9999 -9999 -9999 -9999 -9999 0.726507324694184 0.710717901462771 0.749666513673804 0.712446417119573 0.696614003241092 0.755727294326095 0.664639532422539 0.716693016018128 0.683485480098844 0.70093246881993 0.66100445289602 0.652560219057733 0.716592278679934 0.725444338321981 0.72179435423012 0.804056096330511 0.803887437748211 0.803882932172621 0.803347602532949 0.777748841165175 0.804020917883865 0.803564048062229 0.693363427324736 0.725261972899211 0.786557600409015 0.803887598497051 0.688192445494007 0.799101399594322 0.710196456388589 0.710305336053079 0.719296045389404
-9999 -9999 -9999 -9999 -9999 -9999 -9999 -9999 -9999 -9999 -9999 -9999 -9999 -9999 0.684179253483375 -9999 -9999 -9999 0.747692408439825 0.787742163865606 0.786093415170475 0.786131982653445 0.718378308960944 0.649827890926461 0.646447990410367 0.686815361637399 0.701806618791008 0.661693118416734 0.663900320180092 0.661867923345768 0.707283791874359 0.724253273721937 0.723299341086179 0.803790282827819 0.692881239271048 0.707988627886998 0.754891118799769 0.806634985860597 0.80393254997171 0.806965747837133 0.803728086134278 0.803504232880003 0.72718688209197 0.79858941196312 0.694058519197114 0.797761284972577 0.739141278531706 0.748644368515754 0.712794095454424
-9999 -9999 -9999 -9999 -9999 -9999 -9999 -9999 -9999 -9999 -9999 -9999 0.736510938079541 0.779815668798955 0.779702408459957 0.720447718571492 0.714637238766528 0.73290614640292 0.717492285822829 0.741472540035723 0.782144638658575 0.683737489765385 0.770364156130618 0.662867438153198 0.638832768584156 0.659928003986376 0.666984146100316 0.655158892699413 0.657941467859284 0.667307591530254 0.716954064085337 0.722546918369333 0.74760547893129 0.709577105116365 0.710080535229756 0.763263263254621 0.799378025230215 0.750787882049092 0.804100712676422 0.803616894419193 0.803871812540951 0.804560174164692 0.803939795571493 0.803940477254144 0.798534166453851 0.740052374721444 0.793751917946033 0.793175107778033 0.788652525356047
-9999 -9999 -9999 -9999 -9999 -9999 -9999 -9999 -9999 -9999 -9999 -9999 -9999 -9999 0.682807368547531 0.713035979994686 0.712071824046437 0.70485494594244 0.709163539627072 0.707478961631098 0.699309810589717 0.671965183548348 0.66520948176213 0.665648088371905 0.674518086278862 0.656195989962518 0.666785579287041 0.667228607469187 0.686390728103466 0.718029036315674 0.684799316127886 0.725337016976284 0.736453308489608 0.748284070293784 0.768093215138277 0.803930957790477 0.799625147078489 0.768056380811182 0.804980599879236 0.804983856081523 0.807347207328508 0.802411958914582 0.75873716448848 0.751567944908242 0.751385655663524 0.801761081150065 0.753506279995715 0.801707850545707 0.75108856432084
-9999 -9999 -9999 -9999 -9999 -9999 -9999 -9999 -9999 -9999 -9999 -9999 -9999 -9999 -9999 -9999 -9999 0.714092913411625 0.711911903120664 0.714915582173571 0.644864008297295 0.653049031343572 0.715578577350282 0.666733506019734 0.662437222940073 0.65707669588935 0.671514730111775 0.685950745181693 0.705444166998727 0.708133536252418 0.686940059572981 0.752618241767021 0.746589438195282 0.748985418456574 0.768828310899605 0.804983856081523 0.805239085444556 0.80542425693252 0.805387988960337 0.801249446511076 0.803664879813892 0.791435070812168 0.790424661037185 0.801370905752549 0.790927528646868 0.791546303372393 0.791611040853943 0.790502446319072 0.752032479309057
-9999 -9999 -9999 -9999 -9999 -9999 -9999 -9999 -9999 -9999 -9999 -9999 -9999 -9999 -9999 -9999 -9999 0.666109196580731 0.691789430744799 0.70738659656239 0.701754081398214 0.66225607706628 0.656779236477276 0.576184050783818 0.663757942832613 0.584223822819489 0.700550966349462 0.6738885930597 0.696958499422469 0.749737129412093 0.694595886626549 0.680870835959986 0.748664006732201 0.750972408121212 0.81559334438746 0.815599174561433 0.795286935848904 0.752915080061918 0.791611040853943 0.791296116544695 0.791632143859226 0.711842525591931 0.711898715918957 0.785686597432868 0.752514839082512 0.736678902949878 0.79042154272501 0.752177704406411 0.751007992797423
-9999 -9999 -9999 -9999 -9999 -9999 -9999 -9999 -9999 -9999 -9999 -9999 -9999 -9999 -9999 -9999 -9999 -9999 -9999 0.611808333261241 0.656045056334673 0.627992941359075 0.709030933599295 0.724520319272805 0.75077617383115 0.750248176660919 0.758500019793581 0.722474823307059 0.745458210399658 0.709844694595399 0.699029966207931 0.686329708712419 0.749815116829909 0.804320733423311 0.760292447293429 0.785718945789636 0.752131890287485 0.752754038851088 0.751153191941412 0.752990634270033 0.790627167583663 0.75241461268312 0.677186034856801 0.804025877163473 0.750524136452339 0.750904207828442 0.749458460139109 0.767841170430173 0.768842929435712
-9999 -9999 -9999 -9999 -9999 -9999 -9999 -9999 -9999 -9999 -9999 -9999 -9999 -9999 -9999 -9999 -9999 -9999 -9999 0.589427603387759 0.605632215811153 0.668152162943642 0.670368282751192 0.693105188181056 0.748318491111197 0.709000937152837 0.710852492128568 0.804541728623142 0.709190458243534 0.790043226705754 0.757181483882291 0.71749712020072 0.768991160115055 0.797339276557608 0.751428810729703 0.752903896805911 0.790591120802122 0.800671952983723 0.707605332447088 0.707225828771903 0.804449675601594 0.804285513869269 0.750961495493451 0.804020326416904 0.804129851939181 0.709789179002799 0.589282720234805 -9999 0.678465199306525
-9999 -9999 -9999 -9999 -9999 -9999 -9999 -9999 -9999 -9999 -9999 -9999 -9999 -9999 -9999 -9999 -9999 -9999 -9999 0.566378950336738 0.585058718550279 0.592012817011287 0.666090206316072 0.685293489518049 0.699090419761091 0.748431594459928 0.751254512913842 0.711061060872354 0.749867007872162 0.800633171793298 0.709693103181494 0.682056180624387 0.804094546088591 0.750549905376022 0.750805460425111 0.751186672180549 0.700887183250287 0.605050689903981 0.590790418591594 0.585390052729006 0.588896888942424 0.588596367508299 0.612188267669429 0.612496906041263 0.612454305885172 -9999 -9999 -9999 0.538395412158622
-9999 -9999 -9999 -9999 -9999 -9999 -9999 -9999 -9999 -9999 -9999 -9999 -9999 -9999 -9999 -9999 -9999 -9999 -9999 0.568521421798905 0.566092545202426 0.56373246703592 0.591219095657812 0.595539778801561 0.598018875039356 0.750020239458464 0.747500789791386 0.751016936849592 0.751451967373162 0.748938092318399 0.684121134226473 0.74799529959545 0.750549905376022 0.750424978058454 0.752490895677222 0.751395150297437 0.581282234786682 0.613793805021753 0.705051980712684 0.748024122835899 0.692375567088124 0.705497712559241 0.583969050611728 0.578404348387756 0.578035960189051 0.558021084689532 -9999 -9999 -9999
-9999 -9999 -9999 -9999 -9999 -9999 -9999 -9999 -9999 -9999 -9999 -9999 -9999 -9999 -9999 -9999 -9999 -9999 0.566487563980447 0.564851415121767 0.56444101485059 0.574797956559601 0.580846900613942 0.579285523177446 0.596977002479729 0.714788296495908 0.787144747018248 0.748053865467788 0.749739323335643 0.603839172733248 0.566303099141527 0.74616246006568 0.748170569656643 0.750354228664462 0.75056657812983 0.751912296751093 0.711265595078604 0.605969689568222 -9999 -9999 0.692738800427078 0.711860913897273 0.709625040592353 0.80362278993647 0.664119455238178 0.576094239149052 -9999 -9999 -9999
-9999 -9999 -9999 -9999 -9999 -9999 -9999 -9999 -9999 -9999 -9999 -9999 -9999 -9999 -9999 -9999 -9999 -9999 0.569747624434515 0.565851885194818 0.578570045298077 0.58155495404103 0.57570074344273 0.576893556536372 0.580573683062122 0.611399356001831 0.698246008282705 0.677458954738484 0.568971588914177 0.558377640117559 0.554519017735622 0.561309858348273 0.596773130563682 0.687505614188378 0.690726027503668 0.570204822335426 -9999 -9999 -9999 -9999 -9999 -9999 0.588772723060113 0.607981777911708 0.70978525672007 0.704892885083981 0.697290568439414 -9999 -9999
-9999 -9999 -9999 0.539057376644935 0.539516774205766 0.67443278982503 0.67245332581846 0.738949667552423 0.741845919403875 0.797500230339137 0.741933557649096 0.760079470943119 0.600019985710613 0.581959779259961 0.607468316941921 0.593704663382889 0.539310967590865 0.67926873075797 0.649239226451624 0.603780970753552 0.622450726142743 0.567119352058413 0.585430790524829 0.575879695791569 0.57618035399053 0.598831970594393 0.563591969116588 0.557301643840369 -9999 -9999 -9999 -9999 0.561821032893178 0.56581559140551 -9999 -9999 -9999 -9999 -9999 -9999 -9999 -9999 0.559985399290388 0.559943205839583 0.605086543805211 0.671803270137846 0.675169419134013 0.658104592172156 0.557986297873313
-9999 -9999 -9999 0.539356511041382 0.650554529711498 0.662854824920701 0.69355739793958 0.745591858897576 0.746215853522272 0.746856137750656 0.745638524991933 0.730292411435324 0.723262532118712 0.740729269391406 0.702211910384472 0.727029345432276 0.739843242422923 0.649043813709118 0.67065131718772 0.746970567629409 0.746849101605004 0.712808685244036 0.745692967260254 0.707493849982789 0.712112943520777 0.707794270080646 0.559927148303378 -9999 -9999 -9999 -9999 -9999 -9999 -9999 -9999 -9999 -9999 -9999 -9999 -9999 -9999 -9999 -9999 0.573724293280787 0.561398803057859 0.582408387592231 0.648247843469194 0.709958449486473 0.701116164843301
-9999 -9999 -9999 -9999 0.650705376898959 0.651991746783045 0.745955201157262 0.746498141364204 0.733265164660206 0.495397203607697 0.555315828862002 0.550360857529069 0.549097475441243 0.599700383536627 0.738655346914439 0.738900488614462 0.6728417216038 0.477256570339922 0.547467846367849 0.615653971490917 0.634208109235867 0.566403361458576 0.740454911590016 0.735263936085498 0.73237718569847 0.744962810307889 0.468133932304865 0.462949885970903 -9999 -9999 -9999 -9999 -9999 -9999 -9999 -9999 -9999 -9999 -9999 -9999 -9999 -9999 -9999 -9999 0.564344113452686 0.584412580189912 0.564962531703046 0.7488111856424 0.70776045050095
-9999 -9999 -9999 0.537373087973906 0.669084262014588 0.739142706870661 0.654800270292574 0.648752307599576 0.492505549523089 0.556698585592986 0.513056762003833 0.567961781374278 0.552759986006968 0.570201140745742 0.569749868914352 0.623283493840228 0.646857639772338 0.57531481622492 0.478953784764987 0.478161416286742 0.476626401560689 0.476861769968325 0.464212326616977 0.467099664908542 0.534127500327047 0.536831021213301 0.468865351556481 -9999 -9999 -9999 -9999 -9999 -9999 -9999 -9999 -9999 -9999 -9999 -9999 -9999 -9999 -9999 -9999 -9999 -9999 -9999 0.580661746513675 0.567304231616502 0.566675528025214
-9999 -9999 -9999 -9999 0.539597485233742 0.65832001701713 0.557406088907215 0.468946286212829 0.495595892557824 0.561951971754842 0.548519290134973 0.514203902695639 0.533530702894048 0.651146160596606 0.721960689787117 0.582363644321024 0.649596181879091 0.604274076309076 0.543663110974343 0.47771149680418 0.476705001307454 0.463155105815069 0.463066242803543 0.463195502894911 0.464007307496773 -9999 -9999 -9999 -9999 -9999 -9999 -9999 -9999 -9999 -9999 -9999 -9999 -9999 -9999 -9999 -9999 -9999 -9999 -9999 -9999 -9999 -9999 -9999 0.562656287360639
-9999 -9999 -9999 -9999 0.538493946332858 0.53924794354006 0.468192772535094 0.497325318180869 0.496864114901687 0.569921635666862 0.584180578150889 0.60092800425946 0.770722665125535 0.606803439934183 0.465659695651462 0.536894261837913 0.633889595712525 0.713318451659704 0.748958964087809 0.756090269081625 0.558392462642051 0.463136796726988 0.463328697029546 -9999 -9999 -9999 -9999 -9999 -9999 -9999 -9999 -9999 -9999 -9999 -9999 -9999 -9999 0.552502083440528 0.56075238269087 0.565163993036316 -9999 -9999 -9999 -9999 -9999 -9999 -9999 -9999 -9999
-9999 -9999 -9999 0.535375193815137 0.538220664956521 0.506359854309244 0.472789001600356 0.472928758203404 0.472578542143818 0.62990253152122 0.629954770072465 0.593538514713831 0.476394090546652 0.464024672426572 0.466287309608436 0.480486037732685 0.536288152913499 0.726047035205253 0.718773454409225 0.721193078372695 0.491661843342666 0.462209128408481 -9999 -9999 -9999 -9999 -9999 -9999 -9999 -9999 -9999 -9999 -9999 -9999 -9999 -9999 -9999 -9999 0.559588061459255 0.560229313046638 -9999 -9999 -9999 -9999 -9999 -9999 -9999 -9999 -9999
-9999 -9999 -9999 0.467275589765647 0.469785927410723 0.466066645296953 0.462359865846021 0.463132505655622 0.465904719741216 0.468954577686234 0.46579410873074 0.47543594741983 0.477675383969503 0.478271802526223 0.477341922978752 0.47931499757175 0.478723973378364 0.492376653664372 0.487942648632161 0.463070758538835 0.464118752304388 -9999 -9999 -9999 -9999 -9999 -9999 -9999 -9999 -9999 -9999 -9999 -9999 -9999 -9999 -9999 -9999 -9999 0.576147769406597 0.560574594522347 -9999 -9999 -9999 -9999 -9999 -9999 -9999 -9999 -9999
-9999 -9999 0.533047937157304 0.463008538327639 0.462650043877367 0.463663892571219 0.463090017148626 0.463169008520088 0.463502415888013 0.463183214829907 0.463183214829907 0.463136796726988 0.464434536602693 0.477174091336927 0.477818134092335 0.477884763132294 0.477826740768799 0.477406928448289 0.464481007158175 0.463899470215085 -9999 -9999 -9999 -9999 -9999 -9999 -9999 -9999 -9999 -9999 -9999 -9999 -9999 -9999 -9999 -9999 -9999 -9999 0.554034945941861 0.55572486421628 -9999 -9999 -9999 -9999 -9999 -9999 -9999 -9999 -9999
-9999 -9999 0.464115280509108 0.462953544912051 0.46217465009297 0.462927840706788 0.476204212733578 0.477326946744957 0.477089341238525 0.463386529359135 0.463317232399255 0.476341247799843 0.476727424451857 0.477101073699419 0.477922907167824 0.478346228311275 0.465557545269728 0.480235825064584 0.478831148603682 0.478382869159613 0.479784465380302 -9999 -9999 -9999 -9999 -9999 -9999 -9999 -9999 -9999 -9999 -9999 -9999 -9999 -9999 -9999 -9999 -9999 -9999 -9999 -9999 -9999 -9999 -9999 -9999 -9999 -9999 -9999 -9999
