BRT_projection_files/BRT_SCV2/B_quadricolor_1_projection.asc
NCOLS 79 
NROWS 71 
XLLCORNER -10.5 
YLLCORNER 36 
CELLSIZE 0.5 
NODATA_value -9999 
[rows 42 to 62 of 71, columns 0 to 47 of 79]
-9999 -9999 -9999 -9999 -9999 -9999 -9999 -9999 -9999 -9999 0.0792956761357748 -9999 -9999 0.0796032635786562 -9999 -9999 -9999 -9999 -9999 -9999 -9999 -9999 -9999 -9999 0.0810542376605466 0.0792292555591197 0.0837342658207152 0.0932484524176313 0.0859987070640848 0.0846736794780754 0.0957742719515976 0.0948564935177245 0.0894077609994359 0.0877581199732866 0.148300605057147 0.0965646500938201 0.102303855876127 0.104605046205683 0.0968912170352711 0.189131127039043 0.275180834247987 0.103444688308344 0.160186457058276 0.262252762339819 0.347545172734748 0.237284319996278 0.330342297565309 0.206929287087971
-9999 -9999 -9999 -9999 -9999 -9999 -9999 -9999 -9999 -9999 -9999 -9999 -9999 -9999 -9999 -9999 -9999 -9999 -9999 -9999 -9999 -9999 0.0799552296580771 0.0824295175512251 0.0809817149416153 0.0779060125475662 0.0799087424821377 0.0820290482168804 0.0819413039897777 0.0846100459794652 0.0852332741551066 0.0877061653106147 0.0894852579159014 0.0858708868229295 0.0866256889307021 0.104502285834316 0.091197368162573 0.0800235739311679 0.10589232408598 0.108856473268146 0.102784868870117 0.0982523189727264 0.102016723853293 0.207669016250096 0.208394192550406 0.22273930974356 0.174085899324069 0.097670145097575
-9999 -9999 -9999 -9999 -9999 -9999 -9999 -9999 -9999 -9999 -9999 -9999 -9999 -9999 -9999 -9999 -9999 -9999 0.0792922059324884 0.0801169664020273 0.0815460618382265 0.0831643470925199 0.0833488287085619 0.0843126528907267 0.0840775423886133 0.0821453645845631 0.0841021600181104 0.0839056822002548 0.0812626507084981 0.0778455391508492 0.0799949815322921 0.0848611121137111 0.0848417758966324 0.0802098634449331 0.104208847012514 0.100174919536036 0.105633588169514 0.0850326550282576 0.0989146030765716 0.0962792976590555 0.233605030489147 0.184931197665729 0.100707731660451 0.114378690037867 0.103120241504303 0.105641014339804 0.281307967011453 0.36173167159751
-9999 -9999 -9999 -9999 -9999 -9999 -9999 -9999 -9999 -9999 -9999 -9999 -9999 -9999 0.079895088213126 -9999 -9999 -9999 0.0799552296580771 0.0807069621331294 0.0834210864468875 0.0836053733484359 0.0818726111312239 0.079236303844508 0.0841993453330884 0.0835971501425035 0.0850221179496005 0.0819365096565191 0.0817050968997901 0.0799076783916044 0.0793644033345981 0.084056832177891 0.0851611005625661 0.0951898056222442 0.094178553378606 0.104805675850936 0.0867917733456336 0.105758599472953 0.210416013188386 0.107082499325756 0.300815496499878 0.277349935253183 0.0961860942585076 0.104248846175731 0.102971134085995 0.0966585823647727 0.178325438364477 0.216012825690914
-9999 -9999 -9999 -9999 -9999 -9999 -9999 -9999 -9999 -9999 -9999 -9999 0.0792217593326483 0.0795683204193822 0.0791794810590752 0.0801302733771825 0.0801233738905464 0.0786989628875646 0.0794468996551361 0.079521100986151 0.0799155030891898 0.0817653697113504 0.0796163130720659 0.077125705082603 0.0759252093553866 0.0812615039366248 0.0820207222931896 0.0828429874193358 0.0835941421653085 0.0839390584741023 0.0834353523809644 0.0791583951355447 0.0846819947792182 0.0999854041910349 0.133118867148802 0.221569951991587 0.0865140096225957 0.473867682695095 0.175411011804803 0.212250654834683 0.147784386808943 0.20528227862263 0.21851002729033 0.219631623946119 0.242977269756103 0.213911793224445 0.16397119511616 0.169623984482997
-9999 -9999 -9999 -9999 -9999 -9999 -9999 -9999 -9999 -9999 -9999 -9999 -9999 -9999 0.0792956761357748 0.0799844669884111 0.0778556570328961 0.0778483500568796 0.0801510477003004 0.0801169664020273 0.0796163130720659 0.0819136605021073 0.079589521432879 0.0812135682544713 0.0845529191574791 0.0867492319362619 0.0839295936042536 0.083866209651184 0.0836383269211723 0.0832056381556239 0.0860982991413065 0.0846903091277764 0.0791799398719663 0.0855529656092702 0.226091974194398 0.0864131540922793 0.240597526605378 0.188061374129962 0.162164517002297 0.0856040582629734 0.10694505855553 0.168987792052664 0.344554663014292 0.418967383196265 0.423428567407408 0.356360325053289 0.445016870897529 0.434904483479842
-9999 -9999 -9999 -9999 -9999 -9999 -9999 -9999 -9999 -9999 -9999 -9999 -9999 -9999 -9999 -9999 -9999 0.082011208327312 0.0800372560024214 0.0787110808810167 0.0792532261831004 0.0818204667560606 0.0813686538014403 0.0832611408373413 0.0834911594175353 0.0868779415482464 0.0819413130270585 0.0905220390055217 0.0828514225884572 0.09950568685254 0.0910190451817409 0.0792408131244677 0.0796019685855472 0.089516047891985 0.470169603561591 0.211174750936749 0.086849496476042 0.167623934245881 0.175142653376984 0.293521005373515 0.341250265948953 0.198234642839015 0.279287261977232 0.277037645451911 0.457436457465052 0.283817302283749 0.344989982221025 0.439433751684375
-9999 -9999 -9999 -9999 -9999 -9999 -9999 -9999 -9999 -9999 -9999 -9999 -9999 -9999 -9999 -9999 -9999 0.0791888281143996 0.0792058713620558 0.0792858780366929 0.0801169664020273 0.0801734977350784 0.0806653202723748 0.0815948102426517 0.0809324117461669 0.0809052279275665 0.0839122701441348 0.0843028952531244 0.08288686020721 0.079315646221695 0.0837376434307534 0.0827706292834246 0.0931393990112556 0.453504891343799 0.23332180345748 0.459846377469024 0.343675274921647 0.330830917592946 0.191956445358086 0.191810319775763 0.181420294186585 0.14762430060434 0.14432659431327 0.19773655140732 0.197930460964329 0.241621464121165 0.391244571311035 0.436220835236894
-9999 -9999 -9999 -9999 -9999 -9999 -9999 -9999 -9999 -9999 -9999 -9999 -9999 -9999 -9999 -9999 -9999 -9999 -9999 0.0793533905222546 0.079186480503634 0.0791429988280749 0.0808092664346279 0.0828950200738788 0.0829762441148081 0.0835122286453627 0.0834571135278928 0.0841879693938548 0.0833537410669971 0.0904786721377702 0.0833278415334125 0.0813405408948433 0.233670488211078 0.0911992169513587 0.391204313514293 0.266653562782096 0.255252295746689 0.288090228197385 0.391239177784572 0.291415089450372 0.191337735560136 0.224645733155733 0.227525706565932 0.29463368855732 0.245415926185321 0.512483559335473 0.385712618137788 0.224632805430847
-9999 -9999 -9999 -9999 -9999 -9999 -9999 -9999 -9999 -9999 -9999 -9999 -9999 -9999 -9999 -9999 -9999 -9999 -9999 0.0799456540129186 0.0791789357071947 0.0825322768511307 0.0827711448795377 0.0828853952809502 0.0978486486660216 0.114525962999307 0.349053776649968 0.0846230928332269 0.230929339036977 0.0802098634449331 0.0801445141527905 0.0857221995493178 0.0860031969767133 0.43318176375303 0.480641157442766 0.205615570594545 0.141195124484931 0.0860370536488647 0.0856119194014397 0.0856119194014397 0.0911662598540698 0.387742255691677 0.505365681767172 0.283074659815316 0.102882878020019 0.0786741866641634 0.0960157425184293 -9999
-9999 -9999 -9999 -9999 -9999 -9999 -9999 -9999 -9999 -9999 -9999 -9999 -9999 -9999 -9999 -9999 -9999 -9999 -9999 0.0830718988893362 0.0829151636020257 0.0835155247802572 0.0867057222369436 0.0792792651209079 0.0794727541184667 0.104499407204134 0.417531259632385 0.157829037952976 0.173332651124052 0.0894436617921676 0.079309468487959 0.0914270664207567 0.0905306225263891 0.318238214852865 0.193039442318637 0.24954983230196 0.0810169846179167 0.0789765132190319 0.0773094220025246 0.0779238381101924 0.0773119453202857 0.0769993468244127 0.0779164127515286 0.0769867875766982 0.0770093689460147 -9999 -9999 -9999
-9999 -9999 -9999 -9999 -9999 -9999 -9999 -9999 -9999 -9999 -9999 -9999 -9999 -9999 -9999 -9999 -9999 -9999 -9999 0.0896344482274696 0.0833027806262322 0.0843100966708087 0.0844597078770013 0.0918241430335942 0.0830733748450739 0.0793657969239084 0.0886057171811184 0.23178691208786 0.290991011422429 0.232467239877423 0.0796578817730474 0.210651687329651 0.334485571656406 0.281145180619898 0.177771388186935 0.151771473183434 0.0778170431066314 0.0775524406412329 0.0791939136524793 0.0863688987098582 0.0796350358406695 0.0807119974341561 0.0783858635439802 0.077762078925617 0.0755406344479033 0.0737800506186504 -9999 -9999
-9999 -9999 -9999 -9999 -9999 -9999 -9999 -9999 -9999 -9999 -9999 -9999 -9999 -9999 -9999 -9999 -9999 -9999 0.0848419104083057 0.0898229469409032 0.0906741440520083 0.0844308375382001 0.0807258809733655 0.0838928970108119 0.0834067643371524 0.0792654727687237 0.0795683204193822 0.102784963598101 0.373304745205961 0.0797082929498251 0.0794178147431519 0.079426085699036 0.0856550632960427 0.29694095518588 0.252582982376232 0.272902646931103 0.106601856685813 0.0795412587610573 -9999 -9999 0.0849165203971783 0.203100679551954 0.0992261001217073 0.0860431631810546 0.0833500810608594 0.0788892601552969 -9999 -9999
-9999 -9999 -9999 -9999 -9999 -9999 -9999 -9999 -9999 -9999 -9999 -9999 -9999 -9999 -9999 -9999 -9999 -9999 0.0977754710163119 0.0796382253657223 0.0828233847629231 0.0800459266581467 0.0778325767859758 0.0827466736409765 0.080945879375166 0.082510159792267 0.0791117492664089 0.0791181864310029 0.085227443708536 0.0861432275871821 0.0846353058479936 0.078181384984486 0.0797641156037729 0.0793301465907319 0.0797130002946885 0.0796943112007701 -9999 -9999 -9999 -9999 -9999 -9999 0.0796225171899615 0.0898245006154217 0.105146969553789 0.0947762290770947 0.0799348778701086 -9999
-9999 -9999 -9999 0.0835510626245187 0.0796896731925193 0.079697025995156 0.0797107409354347 0.078954542068297 0.085541088207046 0.079598871583906 0.0881866460499157 0.087911547024953 0.0796237359828045 0.0835303394187135 0.0796309222692303 0.0796824869060935 0.0850150227330963 0.0850354502402038 0.0836492576864579 0.0837406293885277 0.0986899781784217 0.0886395116740495 0.0829192348689029 0.0832438911124833 0.0828749057006422 0.0850708962345714 0.0858882799960888 0.0819106500549798 -9999 -9999 -9999 -9999 0.0914992324434586 0.090896100735569 -9999 -9999 -9999 -9999 -9999 -9999 -9999 -9999 0.085574001616071 0.084443803224579 0.0801422872245463 0.0792200485514837 0.0828793396753773 0.083930619815967
-9999 -9999 -9999 0.0850150227330963 0.0856856996926511 0.0795487937101718 0.0804734259609747 0.0863375787330492 0.247883704562339 0.0869380589836901 0.0856828709804977 0.0881796465179529 0.0854594436577312 0.0855645645926941 0.0831344591623893 0.0801169664020273 0.0858421506736503 0.0792708659776884 0.0977320874457229 0.337743048337881 0.576684981415056 0.525392197457925 0.405982717136297 0.349919096921253 0.343910227139999 0.0912305604262603 0.0913659228382244 -9999 -9999 -9999 -9999 -9999 -9999 -9999 -9999 -9999 -9999 -9999 -9999 -9999 -9999 -9999 -9999 0.0811499725374673 0.0842673056708502 0.0833843268311258 0.0891296139113647 0.249878334760578
-9999 -9999 -9999 -9999 0.0874650718226506 0.0794483669420283 0.0861019686322985 0.254950834594409 0.0866401347196231 0.0759606480040114 0.0758447179485196 0.0759508330916745 0.0758447179485196 0.0759733403640633 0.137478372010823 0.162934110670126 0.0775376756657773 0.0759606480040114 0.0758447179485196 0.0770232534859949 0.0797186748833055 0.0801198999536607 0.0838471555163918 0.087743576658882 0.170412918393547 0.300118296804487 0.079202157004664 0.0766145008521632 -9999 -9999 -9999 -9999 -9999 -9999 -9999 -9999 -9999 -9999 -9999 -9999 -9999 -9999 -9999 -9999 0.0792599247347003 0.0808196273412358 0.0827363117135303 0.084952312889106
-9999 -9999 -9999 0.0835791404972728 0.0849795110988353 0.0852446321424122 0.0796776478451106 0.079589640658333 0.076627515649901 0.0759606480040114 0.0758349143167051 0.0760324914773563 0.0758447179485196 0.0758447179485196 0.0765036711667252 0.0764052895252553 0.0758447179485196 0.075833166157833 0.0766963350336977 0.0783594786692993 0.0766374185197628 0.0766817689536171 0.0768182505748706 0.075954560029653 0.0780029141038928 0.0792716452879728 0.0792918642176222 -9999 -9999 -9999 -9999 -9999 -9999 -9999 -9999 -9999 -9999 -9999 -9999 -9999 -9999 -9999 -9999 -9999 -9999 -9999 0.0835400123201852 0.0974863628667366
-9999 -9999 -9999 -9999 0.0850369675437491 0.078962260349802 0.0776784241628255 0.0776184644945173 0.0758447179485196 0.0758447179485196 0.0758447179485196 0.0759350208204826 0.075833166157833 0.0773600675195364 0.0806257234582116 0.0756245420745799 0.0745893416568708 0.0755289580187606 0.075833166157833 0.076627515649901 0.0801194045686765 0.0778839476744176 0.0766188057881326 0.0760324914773563 0.0759852375804397 -9999 -9999 -9999 -9999 -9999 -9999 -9999 -9999 -9999 -9999 -9999 -9999 -9999 -9999 -9999 -9999 -9999 -9999 -9999 -9999 -9999 -9999 -9999
-9999 -9999 -9999 -9999 0.0848838301474912 0.0787478763765705 0.0799964336505209 0.0776875638852571 0.0796826773338393 0.0760423207951654 0.0758447179485196 0.0759606480040114 0.0779186040668695 0.0779375301583717 0.0759733403640633 0.075833166157833 0.0772653448884235 0.0801836118626213 0.0819932876539599 0.0800345874831236 0.0759964558310899 0.075833166157833 0.0758969978948022 -9999 -9999 -9999 -9999 -9999 -9999 -9999 -9999 -9999 -9999 -9999 -9999 -9999 -9999 0.0771911330488909 0.080945879375166 0.0863524574909819 -9999 -9999 -9999 -9999 -9999 -9999 -9999 -9999
-9999 -9999 -9999 0.0792906974384 0.0778413180112245 0.0977674090273809 0.0801170145188487 0.0800014882664244 0.0795954810572805 0.0794115854857175 0.0794261277083354 0.0791587042208173 0.0759733403640633 0.0762025148557704 0.0760423207951654 0.0758447179485196 0.0777227417439882 0.0852005194461529 0.0805553497653019 0.0795919171068078 0.0758349143167051 0.0759189625164457 -9999 -9999 -9999 -9999 -9999 -9999 -9999 -9999 -9999 -9999 -9999 -9999 -9999 -9999 -9999 -9999 0.0810291404299349 0.0899323528844646 -9999 -9999 -9999 -9999 -9999 -9999 -9999 -9999
