BRT_projection_files/BRT_SCV2/B_quadricolor_2_projection.asc
NCOLS 79 
NROWS 71 
XLLCORNER -10.5 
YLLCORNER 36 
CELLSIZE 0.5 
NODATA_value -9999 
[rows 42 to 62 of 71, columns 0 to 47 of 79]
-9999 -9999 -9999 -9999 -9999 -9999 -9999 -9999 -9999 -9999 0.0853009172894019 -9999 -9999 0.0852692683461169 -9999 -9999 -9999 -9999 -9999 -9999 -9999 -9999 -9999 -9999 0.0850950846912621 0.0850950846912621 0.0850950846912621 0.0850950846912621 0.0850950846912621 0.0851132707514156 0.0851578350475259 0.0852571816267755 0.086732149756972 0.0867170128636512 0.0867167516721065 0.0858191329850573 0.0860018420009801 0.0859952603729428 0.0858548685967443 0.0867167516721065 0.086386165691828 0.0851299610494657 0.0853266376190099 0.086085364829168 0.0856535572234512 0.0855959604043346 0.0872098367339834 0.0858877626954167
-9999 -9999 -9999 -9999 -9999 -9999 -9999 -9999 -9999 -9999 -9999 -9999 -9999 -9999 -9999 -9999 -9999 -9999 -9999 -9999 -9999 -9999 0.0850950846912621 0.0850950846912621 0.085140075627469 0.0850950846912621 0.0850950846912621 0.0850950846912621 0.085140075627469 0.0851625690052187 0.0866997292488621 0.0870379552677908 0.0872885354012832 0.0852454633076529 0.087586287340994 0.0853152206022334 0.0851132707514156 0.0858304329736029 0.0860122868133039 0.0860122868133039 0.0850950846912621 0.0851299610494657 0.0850950846912621 0.0853667366356221 0.0854876946053238 0.0856535572234512 0.0857400235950749 0.0853484350029535
-9999 -9999 -9999 -9999 -9999 -9999 -9999 -9999 -9999 -9999 -9999 -9999 -9999 -9999 -9999 -9999 -9999 -9999 0.0850950846912621 0.0851807747464962 0.0851352190487748 0.0850950846912621 0.0850950846912621 0.0850950846912621 0.0850950846912621 0.0850950846912621 0.0850950846912621 0.0850950846912621 0.085140075627469 0.0850950846912621 0.0851625690052187 0.0851625690052187 0.0850950846912621 0.0851889714979016 0.0851700047862711 0.0853152206022334 0.0860122868133039 0.0860057051852666 0.0858196707861272 0.0850950846912621 0.0850950846912621 0.0854121333599977 0.0853484350029535 0.0851701515246028 0.0853083581578264 0.0853667366356221 0.0856237399883583 0.0858599145644014
-9999 -9999 -9999 -9999 -9999 -9999 -9999 -9999 -9999 -9999 -9999 -9999 -9999 -9999 0.0851368236535043 -9999 -9999 -9999 0.085140075627469 0.0851625690052187 0.0851625690052187 0.0851625690052187 0.0851625690052187 0.0850950846912621 0.0850950846912621 0.0860095090509336 0.0857766034961335 0.0850950846912621 0.0851625690052187 0.085140075627469 0.0851625690052187 0.0851625690052187 0.0852565767031833 0.0850950846912621 0.0850950846912621 0.0853152206022334 0.0850950846912621 0.0859971371081816 0.0858548685967443 0.0860057051852666 0.0855564826500988 0.0853484350029535 0.0851299610494657 0.0851299610494657 0.0851299610494657 0.0851299610494657 0.0851299610494657 0.0869521634247878
-9999 -9999 -9999 -9999 -9999 -9999 -9999 -9999 -9999 -9999 -9999 -9999 0.0850950846912621 0.0851681238595983 0.0851625690052187 0.0850950846912621 0.085140075627469 0.0850950846912621 0.0850950846912621 0.0850950846912621 0.0851625690052187 0.0850950846912621 0.0851625690052187 0.0850950846912621 0.0851625690052187 0.0850950846912621 0.0850950846912621 0.0850950846912621 0.0851625690052187 0.0850950846912621 0.0851625690052187 0.0851625690052187 0.0861661633831156 0.0851321995899321 0.0878146721818932 0.086058975214644 0.0851132707514156 0.0898023462288821 0.0865685199059362 0.0854239287240982 0.0852238795326444 0.0851299610494657 0.0851132707514156 0.0850950846912621 0.0851299610494657 0.0851299610494657 0.0850950846912621 0.0851299610494657
-9999 -9999 -9999 -9999 -9999 -9999 -9999 -9999 -9999 -9999 -9999 -9999 -9999 -9999 0.0852264834576705 0.0850950846912621 0.0850950846912621 0.0850950846912621 0.085140075627469 0.085140075627469 0.0851368236535043 0.0850950846912621 0.0851625690052187 0.0850950846912621 0.0850950846912621 0.0851625690052187 0.085140075627469 0.0851625690052187 0.085140075627469 0.0851625690052187 0.0851625690052187 0.0851625690052187 0.0852747995537335 0.0867792512142648 0.0892147487105185 0.0871301613021521 0.0892612171871565 0.0882083319957061 0.0871257097735271 0.0853771879327768 0.0865086011779647 0.0873655740933468 0.0876172691697319 0.0898402356728199 0.0883430419435885 0.08830869589619 0.126132727613198 0.127520870860945
-9999 -9999 -9999 -9999 -9999 -9999 -9999 -9999 -9999 -9999 -9999 -9999 -9999 -9999 -9999 -9999 -9999 0.0850950846912621 0.0850950846912621 0.0850950846912621 0.0850950846912621 0.0850950846912621 0.0850950846912621 0.0851625690052187 0.0851625690052187 0.0850950846912621 0.0851625690052187 0.0851807747464962 0.0851997077007771 0.0852088425903147 0.0851625690052187 0.0850950846912621 0.0866862940573123 0.0881209749508171 0.0882361524556204 0.0887764643774495 0.0881648912062746 0.0864604960306218 0.0876806379216806 0.0874037790008214 0.128995750351128 0.158546567884983 0.176203866993183 0.176080825917011 0.128842453063531 0.125624789590197 0.194665217774114 0.129886729298187
-9999 -9999 -9999 -9999 -9999 -9999 -9999 -9999 -9999 -9999 -9999 -9999 -9999 -9999 -9999 -9999 -9999 0.0850950846912621 0.0850950846912621 0.0851625690052187 0.0851625690052187 0.0850950846912621 0.0851625690052187 0.0851625690052187 0.085140075627469 0.0851625690052187 0.0851625690052187 0.0851582813687465 0.0851807747464962 0.086519798195339 0.0851321995899321 0.0851905886421848 0.0880781997817789 0.0885256423618313 0.0852624425314732 0.0866891202651612 0.14817385711042 0.14649180169432 0.201439352079681 0.182322851401077 0.198306020165691 0.182369521261331 0.181595735989626 0.172552353673452 0.185106250383665 0.176216985972076 0.165000347861062 0.153109684276864
-9999 -9999 -9999 -9999 -9999 -9999 -9999 -9999 -9999 -9999 -9999 -9999 -9999 -9999 -9999 -9999 -9999 -9999 -9999 0.0850950846912621 0.0850950846912621 0.0851625690052187 0.0851625690052187 0.0851625690052187 0.0852088425903147 0.0851807747464962 0.0851807747464962 0.0850950846912621 0.0851807747464962 0.0852637154510202 0.0851132707514156 0.0851188156241423 0.0904122309148886 0.0887785179241853 0.0889199693053004 0.180420713869648 0.185318722785854 0.186478633068476 0.129712708866373 0.1464721167859 0.202591499568952 0.177070066541149 0.173305418277963 0.134291357732891 0.177873914568852 0.130693955365108 0.0886137618509674 0.0887139918231264
-9999 -9999 -9999 -9999 -9999 -9999 -9999 -9999 -9999 -9999 -9999 -9999 -9999 -9999 -9999 -9999 -9999 -9999 -9999 0.0850950846912621 0.085155059191266 0.0850950846912621 0.0851807747464962 0.0851132707514156 0.0905111681869557 0.087104857642675 0.0858648765375208 0.0851132707514156 0.0853921392921345 0.0853022393334046 0.0852169937206647 0.0851132707514156 0.0866746369624905 0.0908521761100038 0.177785363137689 0.209418433236339 0.132658613956387 0.089056429829595 0.0899525316760131 0.0890200383881885 0.0897824420362671 0.0883360692784628 0.0871930443743967 0.0870234537474345 0.0851476058386259 0.0858789437701984 0.0858789437701984 -9999
-9999 -9999 -9999 -9999 -9999 -9999 -9999 -9999 -9999 -9999 -9999 -9999 -9999 -9999 -9999 -9999 -9999 -9999 -9999 0.0851807747464962 0.0851625690052187 0.0851625690052187 0.0853481634609478 0.0867377730409344 0.0880482261388347 0.0903145561524734 0.0881241799269116 0.0853405483658051 0.0867033215023689 0.0866690218951217 0.0866997292488621 0.0851578350475259 0.089322964185089 0.124635791811991 0.157835289671623 0.136319074396903 0.0851132707514156 0.0850950846912621 0.0858789437701984 0.0858789437701984 0.0850950846912621 0.0858793076164164 0.0850950846912621 0.0858789437701984 0.0858793076164164 -9999 -9999 -9999
-9999 -9999 -9999 -9999 -9999 -9999 -9999 -9999 -9999 -9999 -9999 -9999 -9999 -9999 -9999 -9999 -9999 -9999 -9999 0.0860122868133039 0.0851132707514156 0.0850950846912621 0.0851807747464962 0.0853798977775546 0.0853405483658051 0.0867282543442865 0.0885423137860084 0.0869541641293148 0.0872230208886418 0.0879834000278849 0.0867167516721065 0.0867867726079543 0.0885716659330674 0.160088837547773 0.143901898034975 0.0879505694638754 0.0850950846912621 0.0850950846912621 0.0858793076164164 0.0886143537905296 0.0863742507317484 0.0850950846912621 0.0850950846912621 0.0859115579007151 0.0850950846912621 0.0851625690052187 -9999 -9999
-9999 -9999 -9999 -9999 -9999 -9999 -9999 -9999 -9999 -9999 -9999 -9999 -9999 -9999 -9999 -9999 -9999 -9999 0.0869188042582435 0.0854220372777923 0.0872148495074345 0.0851625690052187 0.0850950846912621 0.0850950846912621 0.0851807747464962 0.0851625690052187 0.0852758331710709 0.0889473186029513 0.0906171170948828 0.0889783990780896 0.0861189389587398 0.0865512578363438 0.0867561427681335 0.0872962969476669 0.132268233828337 0.0872415469450723 0.0853030078214461 0.0877340907024944 -9999 -9999 0.0895068844532913 0.0863038921492937 0.0853571252874382 0.0853086867779887 0.0850950846912621 0.0858754712675149 -9999 -9999
-9999 -9999 -9999 -9999 -9999 -9999 -9999 -9999 -9999 -9999 -9999 -9999 -9999 -9999 -9999 -9999 -9999 -9999 0.0880771748898383 0.0852565767031833 0.0851625690052187 0.0851625690052187 0.0851625690052187 0.0850950846912621 0.0850950846912621 0.0850950846912621 0.0886065946257553 0.08919787597865 0.0867699373213683 0.0851700047862711 0.0852964739972014 0.0864824684114792 0.0879377712858686 0.0876649396707565 0.0889283219390042 0.0887049946888265 -9999 -9999 -9999 -9999 -9999 -9999 0.0858793076164164 0.0857950077969842 0.0865652882358997 0.0851132707514156 0.0850950846912621 -9999
-9999 -9999 -9999 0.0876323441873443 0.0881218051622243 0.0880980522502205 0.0881361706708454 0.0884412679270711 0.0875294630977018 0.0872130199174339 0.0916540457440586 0.0917983571603987 0.0872130199174339 0.087374595118978 0.086980593301403 0.0870176665409289 0.0864586603437124 0.0885863353947138 0.0882558616620977 0.0881903730671181 0.0851188156241423 0.0850950846912621 0.0851625690052187 0.0850950846912621 0.085140075627469 0.0851132707514156 0.0851807747464962 0.0859990642386098 -9999 -9999 -9999 -9999 0.0860095090509336 0.0860636801074425 -9999 -9999 -9999 -9999 -9999 -9999 -9999 -9999 0.0851132707514156 0.0850950846912621 0.0850950846912621 0.0851889714979016 0.0850950846912621 0.0850950846912621
-9999 -9999 -9999 0.0879030809694351 0.0880203629743313 0.0868675386986706 0.0878739301561717 0.0881639034598431 0.0888670609439485 0.0869343319250055 0.0871617926851168 0.0862788281828954 0.085252374004064 0.0853830248435242 0.085252374004064 0.0852030310275317 0.0864295770730849 0.0851848197393141 0.087011595757234 0.0888779024910804 0.0921756130375009 0.124649834552372 0.0888239979836484 0.0863258169333152 0.0857315572977341 0.0870680703241467 0.0853152206022334 -9999 -9999 -9999 -9999 -9999 -9999 -9999 -9999 -9999 -9999 -9999 -9999 -9999 -9999 -9999 -9999 0.0851625690052187 0.0851625690052187 0.0850950846912621 0.0851132707514156 0.0873511887585719
-9999 -9999 -9999 -9999 0.0875597903819601 0.0868865420212594 0.0872990493904414 0.0886863306390434 0.0870448491496487 0.0855285241028274 0.0851923165070094 0.0851625690052187 0.0851923165070094 0.0850950846912621 0.0867879495282694 0.0868076519734245 0.0852672171028272 0.0850950846912621 0.085252374004064 0.0852821631893584 0.085252374004064 0.0863342228734091 0.0853738672546347 0.0885121070073518 0.0870283054599315 0.0906113155858236 0.0870733761123082 0.0858038052080667 -9999 -9999 -9999 -9999 -9999 -9999 -9999 -9999 -9999 -9999 -9999 -9999 -9999 -9999 -9999 -9999 0.0851625690052187 0.0850950846912621 0.0850950846912621 0.0866690218951217
-9999 -9999 -9999 0.0865198086969859 0.0879665006952757 0.0891820068387398 0.086965498669413 0.0870807405166088 0.0877844496958491 0.0851625690052187 0.0851625690052187 0.0850950846912621 0.0851923165070094 0.0851625690052187 0.0855925373850979 0.0877574555742296 0.0855285241028274 0.0859636667443471 0.0855299084698047 0.0854845978816295 0.0855584873534266 0.0851625690052187 0.0854606692923506 0.0851625690052187 0.0864329708701582 0.0877274840429268 0.0880982360721908 -9999 -9999 -9999 -9999 -9999 -9999 -9999 -9999 -9999 -9999 -9999 -9999 -9999 -9999 -9999 -9999 -9999 -9999 -9999 0.0850950846912621 0.0860211715401312
-9999 -9999 -9999 -9999 0.0885607193033791 0.0868865420212594 0.086986361046844 0.0867446704038381 0.0855768702811086 0.0851625690052187 0.0851923165070094 0.0851625690052187 0.0855584873534266 0.0855584873534266 0.0867080738684248 0.0855584873534266 0.0855555642709119 0.0859452045591628 0.0855584873534266 0.0855824589829838 0.0872524076850483 0.0855584873534266 0.0860997995939978 0.0855573575586894 0.0857356530146571 -9999 -9999 -9999 -9999 -9999 -9999 -9999 -9999 -9999 -9999 -9999 -9999 -9999 -9999 -9999 -9999 -9999 -9999 -9999 -9999 -9999 -9999 -9999
-9999 -9999 -9999 -9999 0.0890696229236825 0.0876570384226723 0.0867045037480501 0.0869837605366802 0.085605200056841 0.0854790230100881 0.0855584873534266 0.0855285241028274 0.0854790230100881 0.0867584897555722 0.0854606692923506 0.0855584873534266 0.0869422022510894 0.0861232068337654 0.0855584873534266 0.0874162504874638 0.0876414415916694 0.0868498762804497 0.0858038052080667 -9999 -9999 -9999 -9999 -9999 -9999 -9999 -9999 -9999 -9999 -9999 -9999 -9999 -9999 0.0853921392921345 0.0850950846912621 0.0853798977775546 -9999 -9999 -9999 -9999 -9999 -9999 -9999 -9999
-9999 -9999 -9999 0.0854052545610116 0.0875925398777618 0.0894196319613207 0.0867474059646267 0.0870537961239266 0.087087541289483 0.0877529981637354 0.0874507540996398 0.0866097625893862 0.0854606692923506 0.0854845978816295 0.0854606692923506 0.0851923165070094 0.0855584873534266 0.0869422022510894 0.0868792153312566 0.0869311245560564 0.0867902189561101 0.0857674435049774 -9999 -9999 -9999 -9999 -9999 -9999 -9999 -9999 -9999 -9999 -9999 -9999 -9999 -9999 -9999 -9999 0.0851625690052187 0.0851997191431962 -9999 -9999 -9999 -9999 -9999 -9999 -9999 -9999
