BRT_projection_files/BRT_SCV2/B_ruderarius_1_projection.asc
NCOLS 79 
NROWS 71 
XLLCORNER -10.5 
YLLCORNER 36 
CELLSIZE 0.5 
NODATA_value -9999 
[rows 44 to 65 of 71, columns 0 to 48 of 79]
-9999 -9999 -9999 -9999 -9999 -9999 -9999 -9999 -9999 -9999 -9999 -9999 -9999 -9999 -9999 -9999 -9999 -9999 0.395568114820943 0.399991386430378 0.362679695211941 0.462054491639021 0.456378294694921 0.39439661889598 0.417827155267998 0.417713405579221 0.382609336471289 0.399801382350947 0.572226060785291 0.550466457342331 0.587472699098424 0.586904929195679 0.5876895339233 0.592515237874528 0.577673847746689 0.578954582505074 0.610927865668144 0.569357568464865 0.576428973600637 0.560497748837964 0.564760339483877 0.566745335024174 0.566795138470508 0.554766559717078 0.557038583280356 0.557785384702452 0.559273697512777 0.734372668092104 0.590752392756465
-9999 -9999 -9999 -9999 -9999 -9999 -9999 -9999 -9999 -9999 -9999 -9999 -9999 -9999 0.361084185238306 -9999 -9999 -9999 0.395800425873941 0.585036210079076 0.589534184590718 0.59781701898371 0.579630409841275 0.368503157058235 0.421959082123787 0.418647676664355 0.376470381796094 0.393982517862122 0.376132521273973 0.374546085082648 0.375938035275941 0.586984355196199 0.590729405020538 0.577967951910714 0.578372065314196 0.575880958464659 0.57065157970394 0.564137172154847 0.55664905402584 0.618311877805117 0.557343456064223 0.559746041684563 0.566309216751433 0.565070334743659 0.566015355196135 0.56668511924813 0.56776740432878 0.575395539305571 0.576241758145242
-9999 -9999 -9999 -9999 -9999 -9999 -9999 -9999 -9999 -9999 -9999 -9999 0.397482969476834 0.397672457698373 0.395826217906523 0.398285502562239 0.396682472319915 0.38462504894495 0.396335810897456 0.403046988384838 0.588511437555911 0.39236018924513 0.547214070624116 0.395596476414858 0.36206052112152 0.394266373244128 0.404026706019029 0.428160304995677 0.421236470239443 0.378363579691704 0.423979866485107 0.588602832377546 0.592095555407592 0.575769757176249 0.561452907603943 0.5603179090463 0.575235191156753 0.587363051826663 0.579428281793452 0.557059184934552 0.572612824888804 0.567103304821129 0.566000745165283 0.565359404947894 0.630654496520309 0.570671093726409 0.572377471741731 0.57396550898273 0.57342175932418
-9999 -9999 -9999 -9999 -9999 -9999 -9999 -9999 -9999 -9999 -9999 -9999 -9999 -9999 0.397225924449033 0.388398157489461 0.383576359007575 0.375984008499546 0.408051811255752 0.413732844267926 0.381562224794001 0.412620103462405 0.381359778454231 0.385401075241632 0.384206047395203 0.375328372836915 0.435321613504169 0.410416524824753 0.396047021115828 0.572589660952855 0.574081727478502 0.586931419716364 0.578675536154789 0.595182695593859 0.587845850590932 0.585605964310668 0.595626315797891 0.583938863745978 0.574333615484578 0.57705360987652 0.577206072659652 0.57829564913102 0.577795478807778 0.588321344370574 0.601444320443919 0.600845940021213 0.608602709984148 0.608135604156453 0.611310372764211
-9999 -9999 -9999 -9999 -9999 -9999 -9999 -9999 -9999 -9999 -9999 -9999 -9999 -9999 -9999 -9999 -9999 0.336909717194124 0.417918373459824 0.375945625223229 0.380095485845854 0.401049462381886 0.375101079182943 0.393067100451645 0.403592274899354 0.379016125598093 0.394071618340412 0.426549982874926 0.42282479865176 0.575301314619309 0.548219942153193 0.398352914333667 0.560669860494534 0.587066168753004 0.586187635153017 0.576738018025467 0.576761166292213 0.578565020094493 0.578573214042328 0.576185681365679 0.603380955157374 0.629396609278849 0.640583374753141 0.641325355800501 0.61586203878555 0.610245944639827 0.641638681886706 0.643466547341743 0.642223653524744
-9999 -9999 -9999 -9999 -9999 -9999 -9999 -9999 -9999 -9999 -9999 -9999 -9999 -9999 -9999 -9999 -9999 0.312678575640431 0.327179776108176 0.385592838321641 0.386825451858741 0.361312297746676 0.384037059995498 0.416897675185103 0.396162998499783 0.427601323522756 0.434614789396777 0.422723769186449 0.4273868859365 0.596029057153855 0.431333933733986 0.426186772941018 0.589986330250453 0.601448216055374 0.575305915659915 0.588670343943378 0.596767641269665 0.63868008439315 0.633812765934126 0.631808157998577 0.633888112039581 0.508963049803807 0.633871191580122 0.639587298873458 0.570559135840766 0.636607206250427 0.642047692298545 0.642227153817987 0.613605376615695
-9999 -9999 -9999 -9999 -9999 -9999 -9999 -9999 -9999 -9999 -9999 -9999 -9999 -9999 -9999 -9999 -9999 -9999 -9999 0.309399362858741 0.391215834046045 0.419705092610368 0.411964730487412 0.44911619554727 0.549394219220128 0.646944031798057 0.583471272847774 0.551463974272682 0.646480056309917 0.624986998936632 0.42775128886988 0.427287773655365 0.587653248435943 0.585890121571714 0.603665401838019 0.632018727796254 0.635118644099158 0.643069261428686 0.61093984687881 0.642147573332168 0.64298413847769 0.640658757428442 0.57141115924879 0.606752201167954 0.640989929619873 0.640442833844096 0.583905417177488 0.576370118892298 0.548755993681034
-9999 -9999 -9999 -9999 -9999 -9999 -9999 -9999 -9999 -9999 -9999 -9999 -9999 -9999 -9999 -9999 -9999 -9999 -9999 0.308465616732358 0.30962799105319 0.319028853015727 0.410467375260351 0.424360414718909 0.598331494499798 0.560067141619177 0.597677600252443 0.578849869667393 0.558289849820084 0.590748783040007 0.408310483692239 0.426627140652477 0.597910664586641 0.591898254540092 0.642748136870721 0.639823405174179 0.637243437080259 0.596812542083723 0.364392061113141 0.37297264735309 0.596073708587722 0.587400130289588 0.600112100470661 0.586606313387805 0.590292158509473 0.36420810546276 0.263710541162675 -9999 0.295886542949675
-9999 -9999 -9999 -9999 -9999 -9999 -9999 -9999 -9999 -9999 -9999 -9999 -9999 -9999 -9999 -9999 -9999 -9999 -9999 0.332772144899608 0.32396779242764 0.334160527208802 0.354424548729265 0.396890726399383 0.378089950149029 0.591957997533229 0.587654316064505 0.559203265911427 0.586174337203601 0.586264157799077 0.408524588524686 0.43862051625669 0.599359488798035 0.611406540342189 0.570552052563723 0.608786208568395 0.36937687000886 0.285630194952952 0.285762254872198 0.287268703746605 0.285883741297461 0.285744566130502 0.285730129915709 0.286125241468613 0.285883267238523 -9999 -9999 -9999 0.262574112628789
-9999 -9999 -9999 -9999 -9999 -9999 -9999 -9999 -9999 -9999 -9999 -9999 -9999 -9999 -9999 -9999 -9999 -9999 -9999 0.306505407741673 0.333791928728028 0.327050886538784 0.334305855671795 0.341103634451648 0.444868082662961 0.586426893722566 0.584958229957235 0.585685294595545 0.586485451659061 0.587591933441533 0.406338503670575 0.584045109789641 0.600230179434436 0.614600544864194 0.634834976024509 0.583855771731239 0.259290361514352 0.281915822202763 0.295200557151198 0.583837137621378 0.374827233717255 0.301026637993681 0.280931338880791 0.265060120223025 0.258383585059614 0.222945644023708 -9999 -9999 -9999
-9999 -9999 -9999 -9999 -9999 -9999 -9999 -9999 -9999 -9999 -9999 -9999 -9999 -9999 -9999 -9999 -9999 -9999 0.274730439182008 0.277447736768338 0.276625534306041 0.326643554122474 0.307742176836264 0.310204124534904 0.329111187299477 0.3944464894006 0.592144825145666 0.599711394999467 0.588575320425234 0.291026569708311 0.287595115581082 0.595745297906968 0.589284835314565 0.5965399845207 0.53453708959458 0.587096582907417 0.577512960789139 0.290376569285626 -9999 -9999 0.291628551769989 0.563479852882053 0.561252581802296 0.612884282133866 0.298204370688067 0.262863604094362 -9999 -9999 -9999
-9999 -9999 -9999 -9999 -9999 -9999 -9999 -9999 -9999 -9999 -9999 -9999 -9999 -9999 -9999 -9999 -9999 -9999 0.26406631597054 0.285385930618028 0.29733005855742 0.284134787923766 0.293763520960064 0.326498756799363 0.302131027229372 0.328098819379133 0.40877601018604 0.395527872921041 0.266855587372628 0.239246684340755 0.259629140713734 0.239821258543222 0.31438749666056 0.376191170371922 0.376025788142691 0.27262217385025 -9999 -9999 -9999 -9999 -9999 -9999 0.265228114103224 0.300293404640383 0.566018840891413 0.574458256207847 0.290954573098986 -9999 -9999
-9999 -9999 -9999 0.228993978088994 0.286775996516353 0.378798970931639 0.375060807952572 0.422527940365436 0.576643837108853 0.57762499227192 0.577697157306694 0.579281682338104 0.321909878388555 0.357006666083659 0.358433150108253 0.286509577887703 0.272101919106485 0.374032596351323 0.404999390271558 0.404002263710323 0.464844066612343 0.333362448561945 0.324010550880647 0.330723882563465 0.324303827600897 0.340255326914391 0.312220234640703 0.229475384467886 -9999 -9999 -9999 -9999 0.236044512586337 0.235734493923179 -9999 -9999 -9999 -9999 -9999 -9999 -9999 -9999 0.237512827610075 0.233986809080693 0.285474795113858 0.295599362249368 0.419642394551828 0.360588413263448 0.226678195039003
-9999 -9999 -9999 0.264906015349403 0.295754595704244 0.405337346428108 0.37439745589807 0.581804261444925 0.577891973204106 0.580825738770467 0.589488593630899 0.573318112313576 0.582776012820759 0.576103328513412 0.58259111395399 0.58802308893012 0.588554267136613 0.398633299122775 0.578379525490462 0.579937728886549 0.630686396769055 0.563473535822789 0.621207099109661 0.606180697569176 0.62509467138078 0.592015604375912 0.236130582314968 -9999 -9999 -9999 -9999 -9999 -9999 -9999 -9999 -9999 -9999 -9999 -9999 -9999 -9999 -9999 -9999 0.22698726137245 0.254877105633203 0.232723877271026 0.305462080692819 0.595759739626647 0.298405074590913
-9999 -9999 -9999 -9999 0.326791051454235 0.365846660902458 0.592323806872114 0.579373406536694 0.587708889882772 0.287689987513443 0.28671662067591 0.322493296387132 0.334191534452196 0.365887359663357 0.558219973549301 0.562940188512011 0.587149757846254 0.235441579962478 0.275405155102052 0.349741665318039 0.546634359768948 0.364479872284648 0.573223396254722 0.504307850336277 0.57924519344779 0.595577910981472 0.260652620446172 0.222719882267857 -9999 -9999 -9999 -9999 -9999 -9999 -9999 -9999 -9999 -9999 -9999 -9999 -9999 -9999 -9999 -9999 0.226876102852566 0.227957226560057 0.236008563237209 0.591773844978043 0.575057330961821
-9999 -9999 -9999 0.22761831680187 0.373447310079379 0.375940716012867 0.364578347691988 0.29305859804148 0.272528389958477 0.293602113575654 0.313041102496758 0.31070725961768 0.315352386416977 0.340919265988893 0.369573402036553 0.554411898997217 0.56999228056581 0.357713156917472 0.222669269061201 0.222776016594528 0.222852645552931 0.235486745446904 0.235464303944651 0.290339986097652 0.279434537232922 0.261535523114042 0.226461550541635 -9999 -9999 -9999 -9999 -9999 -9999 -9999 -9999 -9999 -9999 -9999 -9999 -9999 -9999 -9999 -9999 -9999 -9999 -9999 0.236381152139075 0.228272865570755 0.228601668980865
-9999 -9999 -9999 -9999 0.264801644753379 0.369589128467075 0.278043939180812 0.272019691174315 0.291478438149419 0.335609261594769 0.292873527992565 0.275384225474076 0.351404392434436 0.553107525327447 0.504548164627854 0.341780151083295 0.453713040843298 0.539292694066132 0.338570010309084 0.267575793002699 0.225723702283969 0.236730641228303 0.236694594705654 0.22261914721027 0.222797368122299 -9999 -9999 -9999 -9999 -9999 -9999 -9999 -9999 -9999 -9999 -9999 -9999 -9999 -9999 -9999 -9999 -9999 -9999 -9999 -9999 -9999 -9999 -9999 0.228154677335641
-9999 -9999 -9999 -9999 0.22770588926562 0.262815244988641 0.259982718042763 0.294372007699488 0.300869356727417 0.358390052826228 0.358972401943944 0.343602962955144 0.570213679435643 0.385506574487762 0.287258303000799 0.332503752485217 0.289905665693541 0.527085729043599 0.561419645795594 0.562723672016357 0.344731137328797 0.238440766283865 0.222591086644926 -9999 -9999 -9999 -9999 -9999 -9999 -9999 -9999 -9999 -9999 -9999 -9999 -9999 -9999 0.223002979311008 0.243090803101994 0.308270801213475 -9999 -9999 -9999 -9999 -9999 -9999 -9999 -9999 -9999
-9999 -9999 -9999 0.227141770377327 0.227526246339566 0.285512978430686 0.227506279772485 0.246189533650999 0.284184408195244 0.384096938565683 0.388185782264492 0.368187771963995 0.235386166873071 0.222683100922633 0.222955306861631 0.290282302419389 0.357424241578702 0.284777560189167 0.554416930721829 0.461440655669615 0.340082866739212 0.222684814369254 -9999 -9999 -9999 -9999 -9999 -9999 -9999 -9999 -9999 -9999 -9999 -9999 -9999 -9999 -9999 -9999 0.242197824157634 0.30384746225535 -9999 -9999 -9999 -9999 -9999 -9999 -9999 -9999 -9999
-9999 -9999 -9999 0.226537551087844 0.226646515789874 0.22648483294532 0.241665537240563 0.238590965006187 0.24368510122372 0.245609839200678 0.240848916279923 0.224119136906758 0.235548435504297 0.222605908087074 0.222588475724698 0.280996709119388 0.289688741645979 0.3106403107148 0.313774956080995 0.22794087172219 0.222790012186677 -9999 -9999 -9999 -9999 -9999 -9999 -9999 -9999 -9999 -9999 -9999 -9999 -9999 -9999 -9999 -9999 -9999 0.24254617719956 0.263072023667763 -9999 -9999 -9999 -9999 -9999 -9999 -9999 -9999 -9999
-9999 -9999 0.223214286759103 0.222647118313133 0.222752683344185 0.227115628857884 0.242150783506044 0.238444417453833 0.238551724455848 0.238384009583503 0.238454476891726 0.246196997751512 0.2228178544294 0.234919631835289 0.222747700259511 0.235828553148667 0.222668508638536 0.251714517596775 0.283976990453136 0.238449511540117 -9999 -9999 -9999 -9999 -9999 -9999 -9999 -9999 -9999 -9999 -9999 -9999 -9999 -9999 -9999 -9999 -9999 -9999 0.252746856100792 0.230496184679461 -9999 -9999 -9999 -9999 -9999 -9999 -9999 -9999 -9999
-9999 -9999 0.222799939665352 0.222644030018647 0.222823284176967 0.222864656815882 0.23526075953811 0.235412804608257 0.235420143918835 0.23533759751764 0.23614161680066 0.235499572256792 0.235386886553106 0.235386731117103 0.236372094106297 0.236165489953544 0.290612875817718 0.251646945498598 0.252471808022146 0.222586345246015 0.222594380666898 -9999 -9999 -9999 -9999 -9999 -9999 -9999 -9999 -9999 -9999 -9999 -9999 -9999 -9999 -9999 -9999 -9999 -9999 -9999 -9999 -9999 -9999 -9999 -9999 -9999 -9999 -9999 -9999
