BRT_projection_files/BRT_SCV2/B_rupestris_2_projection.asc
NCOLS 79 
NROWS 71 
XLLCORNER -10.5 
YLLCORNER 36 
CELLSIZE 0.5 
NODATA_value -9999 
[rows 44 to 65 of 71, columns 0 to 48 of 79]
-9999 -9999 -9999 -9999 -9999 -9999 -9999 -9999 -9999 -9999 -9999 -9999 -9999 -9999 -9999 -9999 -9999 -9999 0.253096343367327 0.252560062235427 0.254711503655555 0.25505226431555 0.254863914156444 0.25627366463985 0.252759036808101 0.25526212336897 0.254139603206957 0.253985297633085 0.382609429379501 0.369603643474047 0.434064588279233 0.436484631054786 0.437099230827239 0.453255362776339 0.453214870112122 0.445082943527584 0.412696522737222 0.292593842010144 0.445869718257636 0.455960203361103 0.450800932802238 0.446231068825543 0.472979718587106 0.468012886746525 0.453126135193584 0.47417990373127 0.438429223648072 0.426063296390451 0.445147496090266
-9999 -9999 -9999 -9999 -9999 -9999 -9999 -9999 -9999 -9999 -9999 -9999 -9999 -9999 0.251459304393323 -9999 -9999 -9999 0.257539489039118 0.44653288593671 0.474450153058805 0.446763948424849 0.444123859976008 0.251410610625852 0.252471967372585 0.253063158798893 0.250709721529823 0.251101710839271 0.262859534216429 0.279065494461486 0.303887705791859 0.436096786838711 0.436817247880212 0.456190979420958 0.443432737651434 0.422487364819573 0.256445032166194 0.40383072036498 0.428563359691802 0.479517299366983 0.419784257898409 0.45251998128311 0.477041503146606 0.478714585066989 0.477208747536595 0.480155886544003 0.451591777960418 0.42982300977722 0.362148747154018
-9999 -9999 -9999 -9999 -9999 -9999 -9999 -9999 -9999 -9999 -9999 -9999 0.25405558473184 0.276303616512551 0.253311518735403 0.252893766463377 0.252053119088753 0.255559215888153 0.252774334651682 0.253151373267199 0.313905029172794 0.256353673706642 0.310820626430986 0.261013003383488 0.2504720758512 0.249941866866939 0.250515353419696 0.25327890493608 0.252442315264622 0.253950979703278 0.308062461283978 0.436146570181083 0.436313856596628 0.441972814117926 0.365621802845302 0.389817242486165 0.282783489719017 0.451526580085331 0.444599733827014 0.44124935094644 0.444877575771458 0.452877904110397 0.45642775318298 0.456695463065068 0.456820973848922 0.447435267063221 0.444838887752146 0.432789042222952 0.406650362982254
-9999 -9999 -9999 -9999 -9999 -9999 -9999 -9999 -9999 -9999 -9999 -9999 -9999 -9999 0.249236411864379 0.251310809409684 0.25400502066315 0.254011527029235 0.254937549612457 0.252754816292933 0.255622532224529 0.253257808792154 0.253859811583789 0.25265819070539 0.254523397559512 0.250767783281845 0.251308804360415 0.252447367337346 0.253950979703278 0.439785283568019 0.441677934202443 0.436263449482471 0.435971139873409 0.433866339437953 0.452075910757867 0.446866470955158 0.443935787215623 0.425760636972334 0.446480179939904 0.446194248704092 0.428749709520572 0.427479043077387 0.423481678208488 0.422101982124953 0.422930580398176 0.426459952798142 0.424746202971951 0.426688368555316 0.419324020387358
-9999 -9999 -9999 -9999 -9999 -9999 -9999 -9999 -9999 -9999 -9999 -9999 -9999 -9999 -9999 -9999 -9999 0.253971138054538 0.254563563282739 0.254751234442872 0.250266515553514 0.250814859407673 0.252337172628045 0.250639795611862 0.250696246513138 0.250845728980792 0.253824857826267 0.254022115767779 0.307941258768282 0.436997074131193 0.442063273286111 0.254177652269163 0.30383225671526 0.428401280459982 0.424300327151375 0.43812325273967 0.446094340246046 0.436784129786731 0.427566181945755 0.42442348273475 0.404514504709519 0.386820683188058 0.413639371104636 0.426690179932378 0.420959854713143 0.420790198509204 0.413023113749971 0.420707922834002 0.415555615608702
-9999 -9999 -9999 -9999 -9999 -9999 -9999 -9999 -9999 -9999 -9999 -9999 -9999 -9999 -9999 -9999 -9999 0.248929257495876 0.248565387452493 0.250906867892662 0.250248744819441 0.250965095932272 0.25077328659685 0.250298202575836 0.25432352854988 0.252429248531672 0.25552614714563 0.254340502853864 0.256329744179924 0.436968751654277 0.254154382314551 0.253974107324963 0.429388008635178 0.417102516059951 0.432182319048155 0.430392410418702 0.430230545744981 0.414223419159347 0.399539086745807 0.393659235000677 0.393611976873199 0.4025712403769 0.418835797897337 0.416719307373585 0.414921991060379 0.415717728410681 0.413357576068361 0.416719651672574 0.419360113693698
-9999 -9999 -9999 -9999 -9999 -9999 -9999 -9999 -9999 -9999 -9999 -9999 -9999 -9999 -9999 -9999 -9999 -9999 -9999 0.247029436887181 0.247784374083527 0.247150504865643 0.256181016796049 0.25640467087676 0.310192632575818 0.448841395707952 0.449782749901178 0.283454604063692 0.309755056672326 0.447060872656383 0.280810748975204 0.252888782326476 0.418414906017002 0.445755559963804 0.423515226135396 0.410476797703995 0.416391636045439 0.410929956193192 0.417660103959816 0.415863455727667 0.410768730352548 0.404393925895652 0.399362371653919 0.445750139675613 0.401751686738489 0.418228807425866 0.417275577189808 0.424837113731198 0.419504234340163
-9999 -9999 -9999 -9999 -9999 -9999 -9999 -9999 -9999 -9999 -9999 -9999 -9999 -9999 -9999 -9999 -9999 -9999 -9999 0.250411536388905 0.24755780206726 0.249507243057169 0.252500083740529 0.254185445502189 0.431801054655452 0.366688094521665 0.379769965567253 0.316063775894664 0.368797758840869 0.393416534088352 0.254696402284047 0.254016584486463 0.439537118295263 0.426862465847042 0.416105223190666 0.407462071289129 0.433681245631255 0.441647698430075 0.251698012108298 0.25157759260111 0.450227378691836 0.42864385165389 0.419161617460077 0.424899234227096 0.450588940191983 0.249835944457942 0.247977087558346 -9999 0.248104642991135
-9999 -9999 -9999 -9999 -9999 -9999 -9999 -9999 -9999 -9999 -9999 -9999 -9999 -9999 -9999 -9999 -9999 -9999 -9999 0.249437475131529 0.250586428696145 0.24971031260596 0.24954507461515 0.248443069422655 0.251174583919591 0.432628212233048 0.404410725389959 0.464132904704529 0.431662566957178 0.441642401565194 0.253158306533206 0.25281007564888 0.442315678238981 0.4182947216108 0.430400026482981 0.435982005146215 0.249191996752819 0.247687761576278 0.24811389186319 0.248193263676821 0.248184147872451 0.248055603203745 0.248831943132075 0.248070864250322 0.248193263676821 -9999 -9999 -9999 0.247331681588568
-9999 -9999 -9999 -9999 -9999 -9999 -9999 -9999 -9999 -9999 -9999 -9999 -9999 -9999 -9999 -9999 -9999 -9999 -9999 0.251847845334662 0.252190284319067 0.250381386130669 0.249173843944985 0.249005186450346 0.249583318398916 0.388532353933863 0.43192766137806 0.418798066349632 0.414107649887598 0.418296616371801 0.248514487698399 0.412996855729307 0.411127796669357 0.418340841836164 0.454269096098088 0.436939288990694 0.248134209105802 0.248919339475959 0.249194052904777 0.435761952152062 0.251684300346345 0.251181570656305 0.249663659392822 0.249511969361304 0.248480632998914 0.248081227559022 -9999 -9999 -9999
-9999 -9999 -9999 -9999 -9999 -9999 -9999 -9999 -9999 -9999 -9999 -9999 -9999 -9999 -9999 -9999 -9999 -9999 0.252090066248936 0.250940603043247 0.25345794078573 0.249106003537775 0.250792696827994 0.251930963197301 0.251674198573232 0.252016542434962 0.438225869322052 0.431913208041684 0.407990168237098 0.247399251482026 0.248869421252636 0.30451206327183 0.432058984033219 0.42060536773965 0.384329397480991 0.41546619972064 0.381340764216256 0.250623303441734 -9999 -9999 0.25019758034548 0.370221032207011 0.370247563870024 0.383232232459158 0.250515353419696 0.250545234684504 -9999 -9999 -9999
-9999 -9999 -9999 -9999 -9999 -9999 -9999 -9999 -9999 -9999 -9999 -9999 -9999 -9999 -9999 -9999 -9999 -9999 0.249794936057353 0.247506517429183 0.250177220545417 0.247457511223645 0.246765787715402 0.250750198943464 0.25026733149318 0.249606256021991 0.249441659579084 0.24748590683229 0.248914249988856 0.250603789834251 0.250578028924756 0.248972758255932 0.247420475204488 0.251077824745133 0.24816526972193 0.250046628783658 -9999 -9999 -9999 -9999 -9999 -9999 0.249406646508426 0.250666111492716 0.376121103099032 0.464808342758291 0.251022843885952 -9999 -9999
-9999 -9999 -9999 0.247257078935239 0.248313007621771 0.250854436517827 0.251124766423446 0.259870055082233 0.435394117524516 0.393286639934179 0.43449950278585 0.451056411333927 0.248805190515976 0.245074078293071 0.245858376918295 0.24763140031611 0.247383123841705 0.248100232455516 0.247437323418368 0.247560215836121 0.248201970218993 0.249505740376058 0.250701083900035 0.24928676864428 0.250981545098006 0.249565829991984 0.249270783819054 0.250506864265442 -9999 -9999 -9999 -9999 0.251300006973627 0.250141381621953 -9999 -9999 -9999 -9999 -9999 -9999 -9999 -9999 0.249266013267446 0.249859199713792 0.24784765425384 0.248974845140664 0.254192551728551 0.252100601729769 0.24970653950731
-9999 -9999 -9999 0.24802615807029 0.247213453612264 0.251087855482636 0.252709018166772 0.404534247978192 0.386884996603896 0.439342450690863 0.410132579709541 0.414971542850488 0.447664204237817 0.432907085282652 0.44357363044357 0.278723486055602 0.428423183078258 0.24888472488659 0.250343186774087 0.400372298768174 0.423643689300905 0.270572337148266 0.416222106968753 0.416986731147193 0.371080406970831 0.281976470256513 0.249878631913358 -9999 -9999 -9999 -9999 -9999 -9999 -9999 -9999 -9999 -9999 -9999 -9999 -9999 -9999 -9999 -9999 0.249184109459337 0.249138153918844 0.24922098890665 0.248340003779169 0.388418873109965 0.250649324757614
-9999 -9999 -9999 -9999 0.247227148524265 0.248132528379564 0.387249041651292 0.36541329398358 0.424729074126248 0.248342053431955 0.246460125152757 0.248474295185918 0.243840499730668 0.251327468812747 0.430763653080867 0.466689039013376 0.252490539254704 0.248826240245094 0.247723468365537 0.245147761706084 0.251218604977561 0.245775059043798 0.292381642054672 0.403486801652873 0.424580248682033 0.443914827770854 0.244953284546437 0.244900425542596 -9999 -9999 -9999 -9999 -9999 -9999 -9999 -9999 -9999 -9999 -9999 -9999 -9999 -9999 -9999 -9999 0.250003408234966 0.250813784202618 0.250600208366423 0.442551484495928 0.432588558581986
-9999 -9999 -9999 0.248027531167695 0.251537925354297 0.274312483786425 0.248176246956805 0.247624505934213 0.24536519598691 0.246483581973379 0.24448574743778 0.245789618634209 0.248525470568593 0.252082055586625 0.249695581180174 0.239730897567084 0.253462966123985 0.248075035279964 0.24662691191506 0.248096049859445 0.24649259518952 0.248314645408418 0.24970231962666 0.248392590208006 0.248878619488041 0.250936153103075 0.249162343018166 -9999 -9999 -9999 -9999 -9999 -9999 -9999 -9999 -9999 -9999 -9999 -9999 -9999 -9999 -9999 -9999 -9999 -9999 -9999 0.251121281949914 0.249253461776703 0.247862804139161
-9999 -9999 -9999 -9999 0.248909588530762 0.248316167639699 0.245115584646003 0.244164266077708 0.247123586876591 0.246449213807255 0.244308924140984 0.245087367327703 0.244784266653775 0.251524133109066 0.247901291846996 0.250449135809123 0.231715005429343 0.250499029908418 0.247073866268539 0.247006579355958 0.246615762933828 0.246687781930416 0.246668416091018 0.246537533460887 0.246170670962732 -9999 -9999 -9999 -9999 -9999 -9999 -9999 -9999 -9999 -9999 -9999 -9999 -9999 -9999 -9999 -9999 -9999 -9999 -9999 -9999 -9999 -9999 -9999 0.251111203406921
-9999 -9999 -9999 -9999 0.250775655680987 0.24731356636739 0.24514466388639 0.246378848669473 0.246643175293267 0.249648878764789 0.252262368283273 0.252606228270854 0.282958790530614 0.252921892309281 0.249665426897879 0.246225099002262 0.21430831115207 0.270617379012632 0.310321797572051 0.249335247123857 0.245887883405582 0.245738204184439 0.245104407604613 -9999 -9999 -9999 -9999 -9999 -9999 -9999 -9999 -9999 -9999 -9999 -9999 -9999 -9999 0.248442416980517 0.250390193056843 0.249753606333763 -9999 -9999 -9999 -9999 -9999 -9999 -9999 -9999 -9999
-9999 -9999 -9999 0.247797491041449 0.248538351887566 0.245252781145131 0.245491084958925 0.246022121624152 0.245628109283348 0.250674744654135 0.248997870241225 0.246648487356174 0.246740033622222 0.246846593404377 0.247179322442165 0.245891915904095 0.245199825226916 0.223625013119384 0.307149686542726 0.27083376229115 0.244977346594597 0.244900425542596 -9999 -9999 -9999 -9999 -9999 -9999 -9999 -9999 -9999 -9999 -9999 -9999 -9999 -9999 -9999 -9999 0.249025229745687 0.249716447709866 -9999 -9999 -9999 -9999 -9999 -9999 -9999 -9999 -9999
-9999 -9999 -9999 0.246460748246678 0.245100853205513 0.244980984544099 0.245408977040736 0.246615742565638 0.247575123306167 0.246219474515848 0.244486131358355 0.245367451997364 0.24545586572643 0.244876432857403 0.244446629458763 0.244808943979827 0.244219102772747 0.227984674200954 0.245174228994537 0.246149733744784 0.246666345817822 -9999 -9999 -9999 -9999 -9999 -9999 -9999 -9999 -9999 -9999 -9999 -9999 -9999 -9999 -9999 -9999 -9999 0.249227532355787 0.249689553819614 -9999 -9999 -9999 -9999 -9999 -9999 -9999 -9999 -9999
-9999 -9999 0.248516563433959 0.247155904840489 0.245331514120098 0.245775891436964 0.246326962104525 0.24609626755213 0.24817138894962 0.248145868664611 0.247260461639505 0.227823330811853 0.244608622558599 0.24540991496601 0.244741256530788 0.244787570106572 0.244788775461665 0.244496284953749 0.245839495790805 0.247176746926177 -9999 -9999 -9999 -9999 -9999 -9999 -9999 -9999 -9999 -9999 -9999 -9999 -9999 -9999 -9999 -9999 -9999 -9999 0.249223514041922 0.24992235098261 -9999 -9999 -9999 -9999 -9999 -9999 -9999 -9999 -9999
-9999 -9999 0.246228220780019 0.247093542822326 0.245412238392166 0.246128511854301 0.246425645903243 0.248763141445531 0.248826240245094 0.248321944386553 0.246447521571398 0.245044792917628 0.246486963660428 0.245465348871366 0.244847231706717 0.244899063865359 0.244112991357342 0.246652515272273 0.245567310845339 0.245284873618883 0.245750190149901 -9999 -9999 -9999 -9999 -9999 -9999 -9999 -9999 -9999 -9999 -9999 -9999 -9999 -9999 -9999 -9999 -9999 -9999 -9999 -9999 -9999 -9999 -9999 -9999 -9999 -9999 -9999 -9999
