BRT_projection_files/BRT_SCV2/B_sichelii_2_projection.asc
NCOLS 79 
NROWS 71 
XLLCORNER -10.5 
YLLCORNER 36 
CELLSIZE 0.5 
NODATA_value -9999 
[rows 42 to 62 of 71, columns 0 to 47 of 79]
-9999 -9999 -9999 -9999 -9999 -9999 -9999 -9999 -9999 -9999 0.0296864798209681 -9999 -9999 0.0282872347150323 -9999 -9999 -9999 -9999 -9999 -9999 -9999 -9999 -9999 -9999 0.0284714453578349 0.0283987740716842 0.0229709454029776 0.0229763424531082 0.0234559183618471 0.030254034213437 0.0280290797218094 0.0311591331000991 0.161148319646774 0.0642729799508236 0.0267593843395123 0.0229932338029327 0.0290720543980807 0.0281974059296374 0.0229596298096765 0.0666246250087418 0.035761654703087 0.0229755622488872 0.0229763424531082 0.0317237661246198 0.0316282343364522 0.0229760309316746 0.0235284694334585 0.0229527619715204
-9999 -9999 -9999 -9999 -9999 -9999 -9999 -9999 -9999 -9999 -9999 -9999 -9999 -9999 -9999 -9999 -9999 -9999 -9999 -9999 -9999 -9999 0.0306164002493569 0.028467098813608 0.0302770570085641 0.0229709454029776 0.0229709454029776 0.0229709454029776 0.0229709454029776 0.0289861970919605 0.0630267534564764 0.265027024450158 0.0697913088370136 0.0236010092799125 0.0267956919048895 0.0285800663074886 0.0229527619715204 0.0229771722592107 0.0284594345982355 0.0280182586018343 0.0229527619715204 0.0229527619715204 0.0229519820798945 0.0229755622488872 0.0229755622488872 0.0229755622488872 0.0244966312041623 0.0229519820798945
-9999 -9999 -9999 -9999 -9999 -9999 -9999 -9999 -9999 -9999 -9999 -9999 -9999 -9999 -9999 -9999 -9999 -9999 0.0229709454029776 0.0229709454029776 0.0229688071850992 0.0306164002493569 0.029005495119495 0.0229763424531082 0.0229709454029776 0.0229763424531082 0.0229763424531082 0.0229709454029776 0.0229709454029776 0.0229473720499818 0.0230231361235086 0.0297591627353237 0.0302058223756642 0.0235302589904538 0.0229760309316746 0.0320661537769156 0.0278593329095882 0.0228628668644241 0.0229676561976924 0.0229755622488872 0.0229709454029776 0.0229709454029776 0.0229473720499818 0.0229755622488872 0.0229763424531082 0.0229680272934733 0.0290266888247262 0.0360924793570765
-9999 -9999 -9999 -9999 -9999 -9999 -9999 -9999 -9999 -9999 -9999 -9999 -9999 -9999 0.0229709454029776 -9999 -9999 -9999 0.0283477409395491 0.0283823360107775 0.0229709454029776 0.0229984029204774 0.0229709454029776 0.0229473720499818 0.0229524504500868 0.0227342992306359 0.0229616672482821 0.0229709454029776 0.0229709454029776 0.0229709454029776 0.0229709454029776 0.029614869593238 0.0234731567721568 0.0229709454029776 0.0302724361238672 0.0307485606035171 0.0229755622488872 0.0354771965053049 0.0229676561976924 0.0227678162780534 0.0297920374763785 0.0229763424531082 0.0229709454029776 0.0229709454029776 0.0229709454029776 0.0229709454029776 0.0229709454029776 0.0650452672417953
-9999 -9999 -9999 -9999 -9999 -9999 -9999 -9999 -9999 -9999 -9999 -9999 0.0283253420145063 0.0272181278594385 0.0283727241873158 0.0229709454029776 0.0229709454029776 0.0229634146005119 0.0282741301649684 0.0283253420145063 0.0290894388720378 0.0229709454029776 0.0229709454029776 0.0229473720499818 0.0229473720499818 0.0229473720499818 0.0229634146005119 0.0229709454029776 0.0229984029204774 0.0229709454029776 0.028465275544963 0.0301447264833742 0.0560352767414638 0.0284013825717145 0.0425302054515762 0.0359405900290484 0.0229755622488872 0.0891127085024166 0.0282490935875768 0.0229755622488872 0.0234224524892454 0.0280290797218094 0.0284973745793788 0.03019225152181 0.034147238622897 0.0289911893916496 0.0283999896945003 0.0283065273444494
-9999 -9999 -9999 -9999 -9999 -9999 -9999 -9999 -9999 -9999 -9999 -9999 -9999 -9999 0.0282783666890311 0.0229709454029776 0.0229709454029776 0.0229709454029776 0.0289437431607685 0.0229709454029776 0.0229709454029776 0.0229709454029776 0.0229650331916802 0.0229634146005119 0.0229755622488872 0.0229763424531082 0.0229709454029776 0.0229984029204774 0.0229709454029776 0.0284619536400638 0.0311634752231817 0.031145782271355 0.0524973117723706 0.0663711485036273 0.0719342296170528 0.0768633170483097 0.059399870808828 0.0998165135455348 0.0514827101739388 0.0288539273024126 0.0281269378527653 0.256324034315663 0.318421697552002 0.116776192650875 0.115178504669507 0.0783922229138913 0.238216882866189 0.370864506834084
-9999 -9999 -9999 -9999 -9999 -9999 -9999 -9999 -9999 -9999 -9999 -9999 -9999 -9999 -9999 -9999 -9999 0.0280028515690939 0.0229709454029776 0.0229709454029776 0.0229473720499818 0.0229473720499818 0.0229634146005119 0.0229901898134829 0.0229984029204774 0.0229763424531082 0.0229984029204774 0.0229984029204774 0.0289614876101303 0.0287813797531729 0.0229709454029776 0.0292291122776531 0.0867423421928468 0.132400599950515 0.0813948208473884 0.0989910467736 0.200709375763593 0.0286850447303241 0.194949878194926 0.28107286819531 0.440639641662363 0.269354145445667 0.657721596905268 0.679041756977929 0.533122190548344 0.550829862735268 0.648605056337578 0.774004731464956
-9999 -9999 -9999 -9999 -9999 -9999 -9999 -9999 -9999 -9999 -9999 -9999 -9999 -9999 -9999 -9999 -9999 0.0280028515690939 0.0229709454029776 0.0229709454029776 0.0229709454029776 0.0229709454029776 0.0229709454029776 0.0230231361235086 0.0229709454029776 0.0230231361235086 0.0230231361235086 0.0229709454029776 0.0291385229315195 0.117853683395102 0.0229709454029776 0.0282651508714952 0.116811339158562 0.117075959063062 0.0271931588907567 0.028739388422836 0.527196286755801 0.650277002749634 0.712322381759002 0.719373981847553 0.666136295729369 0.0367072686027307 0.0365792690568606 0.690509701071825 0.260855782123685 0.634340195375098 0.787043162928287 0.737467728095863
-9999 -9999 -9999 -9999 -9999 -9999 -9999 -9999 -9999 -9999 -9999 -9999 -9999 -9999 -9999 -9999 -9999 -9999 -9999 0.0229709454029776 0.0280028515690939 0.0229709454029776 0.0281804103215889 0.0284852766585967 0.0284244740097232 0.0347251413663338 0.0229709454029776 0.0229709454029776 0.0294650627068247 0.0313431466860051 0.0280854511167084 0.0280208751142657 0.200517364059063 0.119222346280713 0.107426610109495 0.677656794843632 0.576901127889991 0.766446312528367 0.286042399309354 0.664925434277536 0.742390094595134 0.719155969959061 0.513221448150661 0.0319762595771901 0.346257534559227 0.310914111183548 0.0919235434226632 0.0877672292072202
-9999 -9999 -9999 -9999 -9999 -9999 -9999 -9999 -9999 -9999 -9999 -9999 -9999 -9999 -9999 -9999 -9999 -9999 -9999 0.0229709454029776 0.0229709454029776 0.0289437431607685 0.0282858795209431 0.0273750794300053 0.205375276235573 0.0504153233993303 0.0352900597297894 0.0229709454029776 0.0443699708445418 0.0235660702258398 0.0244693244034358 0.0282806191394462 0.0943133354772074 0.196150379155473 0.422471684298768 0.608153652644184 0.598298075513865 0.177265830130266 0.0500298624128939 0.0490556618608054 0.117548863473981 0.0897403137074121 0.128997653963912 0.108053629805105 0.036027499134074 0.0314539649777682 0.0313753368722681 -9999
-9999 -9999 -9999 -9999 -9999 -9999 -9999 -9999 -9999 -9999 -9999 -9999 -9999 -9999 -9999 -9999 -9999 -9999 -9999 0.0301690244205202 0.0280028515690939 0.0229901898134829 0.0296693236418326 0.0613731495587349 0.177693569248511 0.270404286406437 0.107433359112853 0.0232537057620393 0.0260338677944072 0.0261090032853499 0.0541504281309493 0.0273291089994554 0.142112313022797 0.475796277090661 0.0420053874798206 0.222411364037359 0.0236583845571878 0.0229755622488872 0.0229676561976924 0.0229676561976924 0.0229763424531082 0.0229711249204917 0.0229755622488872 0.0229691992308729 0.0229711249204917 -9999 -9999 -9999
-9999 -9999 -9999 -9999 -9999 -9999 -9999 -9999 -9999 -9999 -9999 -9999 -9999 -9999 -9999 -9999 -9999 -9999 -9999 0.0392519819829526 0.0229709454029776 0.0229709454029776 0.0229984029204774 0.0232985221980811 0.0316774137270388 0.0850296850674555 0.0830580501221338 0.186314210675416 0.131232252589844 0.26905990092443 0.0647118702181302 0.15459031298463 0.185094500668038 0.350470938782297 0.0417869091350035 0.0261902865281681 0.0229763424531082 0.0229634146005119 0.0315795047325117 0.0794073798670301 0.0743397508706683 0.0229763424531082 0.0229680272934733 0.0229685911343106 0.0229524504500868 0.0229519820798945 -9999 -9999
-9999 -9999 -9999 -9999 -9999 -9999 -9999 -9999 -9999 -9999 -9999 -9999 -9999 -9999 -9999 -9999 -9999 -9999 0.0297242122213974 0.0527126057851984 0.0311253468303959 0.0229826488885425 0.0229634146005119 0.0229709454029776 0.0230231361235086 0.0229901898134829 0.0288918118212867 0.0781298037719422 0.131000303312324 0.15234079451475 0.0245803614529223 0.0252748422708081 0.0801023338305358 0.272187841996387 0.410860589871992 0.309858816127702 0.0356771527903275 0.0639409501278863 -9999 -9999 0.0416216887913151 0.050535103410616 0.0376768982412195 0.0308419989963739 0.0229763424531082 0.0229771722592107 -9999 -9999
-9999 -9999 -9999 -9999 -9999 -9999 -9999 -9999 -9999 -9999 -9999 -9999 -9999 -9999 -9999 -9999 -9999 -9999 0.0498642457309223 0.0401914699705013 0.0324955676537024 0.0230231361235086 0.0229754208577965 0.0229473720499818 0.0229634146005119 0.0283447226350237 0.0803126799646854 0.0766446235200078 0.107733125076289 0.0229755622488872 0.0229473720499818 0.0255668986403873 0.0260420435755446 0.135193238257139 0.152035374523389 0.0605960702613015 -9999 -9999 -9999 -9999 -9999 -9999 0.0314324322140508 0.0229921809629381 0.0297107005175107 0.0229763424531082 0.0229755622488872 -9999
-9999 -9999 -9999 0.0504378627784309 0.104615072353929 0.140708318986667 0.260168346600169 0.255376731008547 0.505154068052688 0.326275775182935 0.531215896596874 0.518879087589481 0.286261387611831 0.331214356738003 0.302730734370686 0.107910149071507 0.0613897648597867 0.0487099480612153 0.0705053427055333 0.0787951599734407 0.0338484285849608 0.0283123002838403 0.0229709454029776 0.0229709454029776 0.0229709454029776 0.0289437431607685 0.0229709454029776 0.0231961864556047 -9999 -9999 -9999 -9999 0.0238663679950432 0.0538569936416982 -9999 -9999 -9999 -9999 -9999 -9999 -9999 -9999 0.0229760309316746 0.0229760309316746 0.0229763424531082 0.0233937124858913 0.0229709454029776 0.0229524504500868
-9999 -9999 -9999 0.102463774137768 0.108651791631148 0.180057973297069 0.272094943309248 0.163190076941676 0.298710240225227 0.0322873953069157 0.0271437114550167 0.0540329432921726 0.0256160470334924 0.0267735465515757 0.0254315888275039 0.0251520124132363 0.0602636663834486 0.0240211369819533 0.0788931189440708 0.19467331003079 0.315096352839611 0.377572983715639 0.233898590338897 0.416689347837494 0.103892308446453 0.145586500826819 0.0291622530394313 -9999 -9999 -9999 -9999 -9999 -9999 -9999 -9999 -9999 -9999 -9999 -9999 -9999 -9999 -9999 -9999 0.0229473720499818 0.0229901898134829 0.0229763424531082 0.0229763424531082 0.0332324723476884
-9999 -9999 -9999 -9999 0.325273761989761 0.179810893604321 0.29747151729856 0.248319099056191 0.0364437442617949 0.0229473720499818 0.0230001187646526 0.0229672178222956 0.0230001187646526 0.0229473720499818 0.023035431261409 0.0231828499487699 0.0251808317525996 0.0229473720499818 0.0234393305046011 0.0252321748093074 0.025460917492592 0.0264866443584374 0.0249902337930995 0.0307045663072475 0.0399341729163148 0.0266554413755255 0.024353937104653 0.0242043056283363 -9999 -9999 -9999 -9999 -9999 -9999 -9999 -9999 -9999 -9999 -9999 -9999 -9999 -9999 -9999 -9999 0.0316864233349937 0.0290765485804108 0.0229755622488872 0.0263549196352954
-9999 -9999 -9999 0.0324049181553925 0.14890393282595 0.28756495170006 0.0259401994998109 0.0505048778128673 0.0230001187646526 0.0229749907738885 0.0230001187646526 0.0229473720499818 0.0230001187646526 0.0230001187646526 0.0230001187646526 0.023291375681536 0.0230001187646526 0.0230001187646526 0.0229519820798945 0.0229519820798945 0.0230001187646526 0.0229869192316048 0.0229473720499818 0.0229473720499818 0.0266528060889549 0.0233932619552754 0.0241070260037455 -9999 -9999 -9999 -9999 -9999 -9999 -9999 -9999 -9999 -9999 -9999 -9999 -9999 -9999 -9999 -9999 -9999 -9999 -9999 0.0303366365815017 0.065166708707516
-9999 -9999 -9999 -9999 0.0772497829989666 0.102128000164148 0.023123127213278 0.0230799549924061 0.0230001187646526 0.0230001187646526 0.0230001187646526 0.0229749907738885 0.0230001187646526 0.0230001187646526 0.0230799549924061 0.0230001187646526 0.0230001187646526 0.0230001187646526 0.0230001187646526 0.023062156127186 0.0230637183723411 0.0230001187646526 0.0230001187646526 0.0229473720499818 0.0240353067076943 -9999 -9999 -9999 -9999 -9999 -9999 -9999 -9999 -9999 -9999 -9999 -9999 -9999 -9999 -9999 -9999 -9999 -9999 -9999 -9999 -9999 -9999 -9999
-9999 -9999 -9999 -9999 0.0494415706205377 0.105280201832825 0.0232106156239894 0.0230799549924061 0.0230001187646526 0.0229473720499818 0.0230001187646526 0.0229672178222956 0.0229473720499818 0.0230493886939602 0.0229473720499818 0.0230001187646526 0.0258683592660445 0.0230001187646526 0.0230001187646526 0.0230001187646526 0.0230001187646526 0.0230001187646526 0.0235990603482229 -9999 -9999 -9999 -9999 -9999 -9999 -9999 -9999 -9999 -9999 -9999 -9999 -9999 -9999 0.0238171989804324 0.0229709454029776 0.0289879197171293 -9999 -9999 -9999 -9999 -9999 -9999 -9999 -9999
-9999 -9999 -9999 0.0251406518673041 0.0517154727137396 0.28366104668495 0.101222592028568 0.127146919365039 0.307106468578587 0.183668320153291 0.237243641791368 0.0816788061434547 0.0229473720499818 0.0229519820798945 0.0229473720499818 0.0230001187646526 0.0230001187646526 0.02676498806636 0.0230001187646526 0.0232765177925271 0.0232730571619483 0.0232184463861117 -9999 -9999 -9999 -9999 -9999 -9999 -9999 -9999 -9999 -9999 -9999 -9999 -9999 -9999 -9999 -9999 0.0229979721334908 0.0229709454029776 -9999 -9999 -9999 -9999 -9999 -9999 -9999 -9999
