BRT_projection_files/BRT_SCV2/B_sichelii_1_projection.asc
NCOLS 79 
NROWS 71 
XLLCORNER -10.5 
YLLCORNER 36 
CELLSIZE 0.5 
NODATA_value -9999 
[rows 42 to 62 of 71, columns 0 to 47 of 79]
-9999 -9999 -9999 -9999 -9999 -9999 -9999 -9999 -9999 -9999 0.0316224136658609 -9999 -9999 0.0351092580317299 -9999 -9999 -9999 -9999 -9999 -9999 -9999 -9999 -9999 -9999 0.0276965796478619 0.0275437638979249 0.0256007818143695 0.0172202601199714 0.0283195461291371 0.0290846675954247 0.0275575765512627 0.0408892319437792 0.0763714144632426 0.102219708907726 0.111251040583354 0.0171281397641427 0.0233440690502102 0.0232480364217037 0.0172358921624416 0.0399830330635097 0.0298781228640588 0.0172445730227411 0.0232083204471085 0.028878454616115 0.0410673933717316 0.0350257418246038 0.0465653618202324 0.0237927036493792
-9999 -9999 -9999 -9999 -9999 -9999 -9999 -9999 -9999 -9999 -9999 -9999 -9999 -9999 -9999 -9999 -9999 -9999 -9999 -9999 -9999 -9999 0.0411918525931033 0.0272073999556558 0.0262631111509148 0.0172202601199714 0.023019213901843 0.0255944952891502 0.0251964413445539 0.0312839546105862 0.0339921815880748 0.0376256461475279 0.0458820010848581 0.0280444581372061 0.0373535875145041 0.0269701713474321 0.0170328287532777 0.0172202601199714 0.0276737071992165 0.0291397037206499 0.0172180643499085 0.0173421133939632 0.0172121666760528 0.0264455111722284 0.0264220718437243 0.0349762429284223 0.0412473076859971 0.0173070397900263
-9999 -9999 -9999 -9999 -9999 -9999 -9999 -9999 -9999 -9999 -9999 -9999 -9999 -9999 -9999 -9999 -9999 -9999 0.0300027342479739 0.0247342481829361 0.0172202601199714 0.0303175519624517 0.0269915251724912 0.0230118863267863 0.0227541257689141 0.0172202601199714 0.0230144136900633 0.0281655112893409 0.0171895356507516 0.0172135676697266 0.0266765855748852 0.0295518266576781 0.0284939899413821 0.0334008356427242 0.0275993839420933 0.0277811810555946 0.159972179780792 0.017228040521721 0.025637978403515 0.0264730489227457 0.0317372704232818 0.0337969659362854 0.0171687472553929 0.0172180643499085 0.017102284828833 0.0171843759246647 0.0321358912275615 0.11239934183389
-9999 -9999 -9999 -9999 -9999 -9999 -9999 -9999 -9999 -9999 -9999 -9999 -9999 -9999 0.0230070933085707 -9999 -9999 -9999 0.0309915597091996 0.0309714618125665 0.0259827235665999 0.0292969076533497 0.0171186088726164 0.0172202601199714 0.0172202601199714 0.0186031859419688 0.0172202601199714 0.0281655112893409 0.0230118863267863 0.0230118863267863 0.0297344399340141 0.0332245719145138 0.0334969734680138 0.0252048924649143 0.0267643848604004 0.0674175401169616 0.026938658183589 0.159522324666838 0.0288014198497353 0.0266457761075594 0.0337325765467131 0.0285875210314521 0.0168730766191151 0.0171198905277752 0.0171209490952827 0.0172220980218983 0.0262345983450009 0.0414511100027552
-9999 -9999 -9999 -9999 -9999 -9999 -9999 -9999 -9999 -9999 -9999 -9999 0.0276641523053731 0.0305295418877775 0.0267138571117122 0.0251992380178956 0.0253314420098537 0.0171186088726164 0.031294398662481 0.0313834641641531 0.0274459144797621 0.022007244852934 0.0170233475235278 0.0172202601199714 0.0172202601199714 0.0171186088726164 0.0172135676697266 0.0172250359565886 0.0285089936384289 0.0285089936384289 0.0272283940604035 0.030954760515547 0.0338141479243286 0.0314946126871806 0.452860432401543 0.428767398813192 0.0265618706757029 0.363547148714815 0.0690933612627505 0.026402234259991 0.0307711621286379 0.0310659202725092 0.0281819790385148 0.0269315053364924 0.0286480927531899 0.0325926597762035 0.031806076166616 0.0355191130649445
-9999 -9999 -9999 -9999 -9999 -9999 -9999 -9999 -9999 -9999 -9999 -9999 -9999 -9999 0.031544325270108 0.0227541257689141 0.0167429583711931 0.0167429583711931 0.0268296283565448 0.0251964413445539 0.016736389978007 0.0170233475235278 0.0168788200117283 0.0172135676697266 0.0172202601199714 0.0230070933085707 0.0227541257689141 0.0251964413445539 0.0253363842895728 0.0264234748890537 0.0277138883927196 0.0308508053984892 0.0339563010662617 0.0408312056537082 0.211156676636995 0.143468755940449 0.237469406557874 0.0461704884740675 0.0302977039314885 0.028299550681914 0.0358709037290335 0.0432087586965652 0.0409413293793189 0.0805691662436008 0.414787748760264 0.286532921451175 0.547592450965918 0.82176898117352
-9999 -9999 -9999 -9999 -9999 -9999 -9999 -9999 -9999 -9999 -9999 -9999 -9999 -9999 -9999 -9999 -9999 0.0293037551784642 0.025901314581763 0.0170233475235278 0.0171186088726164 0.0171251736019921 0.0171186088726164 0.0180622786905393 0.0172202601199714 0.0255385314018766 0.0254602165781565 0.026415423496676 0.0314012224204986 0.031414224794659 0.0269915251724912 0.0331873756175584 0.0476032146250384 0.10680288405964 0.0679951601519983 0.0916307138955134 0.0434136057624187 0.117249260950484 0.0530276758846363 0.0418537438449532 0.663673449928702 0.677493613354365 0.810954388160847 0.832597785273992 0.813401427835575 0.744496195262591 0.814817640826626 0.867034649719753
-9999 -9999 -9999 -9999 -9999 -9999 -9999 -9999 -9999 -9999 -9999 -9999 -9999 -9999 -9999 -9999 -9999 0.0275575765512627 0.0272616628808062 0.0269915251724912 0.0251964413445539 0.0172202601199714 0.0227541257689141 0.0226366993893187 0.0252370538308246 0.0250510400052961 0.0248778324380778 0.0249151565914108 0.0309338086141053 0.0511519752359902 0.0262631111509148 0.0302934274605336 0.113596779636881 0.506984116114332 0.0788386013852715 0.253137568462012 0.533090923036282 0.777745356193347 0.701038881798631 0.592722921878819 0.645933237528886 0.533204250789847 0.376628165629203 0.585121990734157 0.648230693812709 0.769376035492881 0.869803727407802 0.81575039307606
-9999 -9999 -9999 -9999 -9999 -9999 -9999 -9999 -9999 -9999 -9999 -9999 -9999 -9999 -9999 -9999 -9999 -9999 -9999 0.0270143617971008 0.027817657830705 0.026415423496676 0.0262100311881965 0.0303110101744599 0.0303953793876769 0.0310001466556043 0.0301472731211731 0.0275723269126737 0.0302670192368776 0.0273103558393798 0.0275437638979249 0.0336370495894662 0.423408183302408 0.254389792507414 0.690459736726429 0.368669397520116 0.69310906119556 0.84307647423863 0.507514921047354 0.852497857306571 0.789479054540085 0.635800468458589 0.552173152384182 0.247355463883653 0.49024398547176 0.753409726601945 0.065276346608765 0.0765890188563622
-9999 -9999 -9999 -9999 -9999 -9999 -9999 -9999 -9999 -9999 -9999 -9999 -9999 -9999 -9999 -9999 -9999 -9999 -9999 0.0275437638979249 0.0275437638979249 0.0275437638979249 0.0311233001228712 0.0383268213066768 0.223685203787418 0.414685845075986 0.0448762262116811 0.0281655112893409 0.154284481879151 0.0357152663067776 0.0364605844431338 0.0396905785309023 0.0573544894798655 0.452908504101003 0.807324583845609 0.623402861835038 0.502261216537828 0.244114159987693 0.0588472127158728 0.0553744397016674 0.19479857522181 0.0687877010862341 0.163687006869465 0.0701415246984065 0.137687295097826 0.0459919322580114 0.06213038194876 -9999
-9999 -9999 -9999 -9999 -9999 -9999 -9999 -9999 -9999 -9999 -9999 -9999 -9999 -9999 -9999 -9999 -9999 -9999 -9999 0.0313658578089927 0.0268548109472617 0.0271771122031927 0.0275590640066021 0.0564580074478794 0.0995984613336648 0.299426998255192 0.0632868190291983 0.0252043749920581 0.0339831902366086 0.0356693789828159 0.0381904858377528 0.032515281363004 0.277703210864829 0.72583585622672 0.284593398405663 0.510884969252894 0.0274149814408761 0.0268155618986311 0.0281456942031355 0.0281456942031355 0.0281456942031355 0.0274249354687867 0.0255660258828069 0.0280299520561658 0.0276977065676774 -9999 -9999 -9999
-9999 -9999 -9999 -9999 -9999 -9999 -9999 -9999 -9999 -9999 -9999 -9999 -9999 -9999 -9999 -9999 -9999 -9999 -9999 0.187731114597071 0.0302601595076547 0.0250510400052961 0.025234251088201 0.0263686943283872 0.0407586048526856 0.0401438058046381 0.0478534357287405 0.0676750326856142 0.0502493947054062 0.341332074567749 0.0453245919686864 0.45166209378579 0.73294786456371 0.815941400126303 0.311192393756389 0.138843552446065 0.0172083904308423 0.0176027287155531 0.0294409832166862 0.148297809143462 0.069846824236393 0.0391684269148105 0.0276977065676774 0.0285071416599761 0.0172070923251419 0.0172070923251419 -9999 -9999
-9999 -9999 -9999 -9999 -9999 -9999 -9999 -9999 -9999 -9999 -9999 -9999 -9999 -9999 -9999 -9999 -9999 -9999 0.039172526218459 0.0602777308376869 0.15729879245905 0.0252468936803014 0.0226298560983579 0.02759488695556 0.0302644951254284 0.0303426864873812 0.0323052708321092 0.0429097600867701 0.352634700102256 0.0617905593100881 0.0338840345980875 0.0341937058285678 0.0575628578030513 0.248564813136647 0.756365782590911 0.155434987541362 0.0273274433817063 0.055594845456806 -9999 -9999 0.0510265628666561 0.504850206795905 0.0511832078070278 0.0741758338986575 0.0280398651643731 0.0285304750728694 -9999 -9999
-9999 -9999 -9999 -9999 -9999 -9999 -9999 -9999 -9999 -9999 -9999 -9999 -9999 -9999 -9999 -9999 -9999 -9999 0.0626638484172895 0.0422018014152839 0.0274830671649185 0.0251634380227259 0.0171204716824369 0.0171186088726164 0.0251964413445539 0.0313834641641531 0.0410169632996547 0.0391497743540727 0.0783838841875142 0.0277049186948253 0.0172118219198382 0.0223435211692394 0.0531746491176713 0.0719083383590136 0.154549784689985 0.0519084177522086 -9999 -9999 -9999 -9999 -9999 -9999 0.0417980912310461 0.0389994885565931 0.133331099124323 0.0265618706757029 0.0280517050747438 -9999
-9999 -9999 -9999 0.0330662569463348 0.0733454738964199 0.0747415048210396 0.0540374087045162 0.0478883450535777 0.361519477135283 0.38943853122508 0.416082524701952 0.419469319294132 0.169199282730062 0.202376598259523 0.160352354870072 0.0646963076754698 0.0446015968130454 0.032511831095493 0.0450871150136331 0.05302682864747 0.0630075658847168 0.0314036540882681 0.0273447523893087 0.0273420791229557 0.0273420791229557 0.0315387921968327 0.0268112452394087 0.0172343362687784 -9999 -9999 -9999 -9999 0.0303264211836503 0.0444401631424937 -9999 -9999 -9999 -9999 -9999 -9999 -9999 -9999 0.028154273319944 0.026756281219399 0.026438131957883 0.0289065801224236 0.0315392716973026 0.0255693761524522
-9999 -9999 -9999 0.060949507032812 0.0606861951473647 0.0341107831297025 0.0594076551710393 0.0695558897163915 0.285554511739264 0.0583979611063231 0.107948277184379 0.0813491683391242 0.029666675727858 0.028711324750401 0.0218330128039083 0.0339018399446469 0.0619185912622683 0.0412399961883824 0.0751827413730708 0.126857033332769 0.67972474633193 0.662485790895681 0.568784417014411 0.350165661087588 0.589807547612468 0.448397605537375 0.0334924413658058 -9999 -9999 -9999 -9999 -9999 -9999 -9999 -9999 -9999 -9999 -9999 -9999 -9999 -9999 -9999 -9999 0.0172202601199714 0.0254105950877392 0.0276770837142764 0.0281922752694414 0.222031843047678
-9999 -9999 -9999 -9999 0.0527028568547884 0.0994141527208546 0.148186929559481 0.205786522103209 0.0454360218209713 0.0171186088726164 0.0171186088726164 0.0172202601199714 0.0172135676697266 0.0171186088726164 0.0360802026479072 0.0342770726052302 0.0216280496027758 0.0171186088726164 0.0178981223917367 0.0220477515304706 0.0299301803096115 0.0370333275038163 0.0341078406448335 0.0271872071116081 0.138410508713145 0.381483382079056 0.0478824682274748 0.0202519832324986 -9999 -9999 -9999 -9999 -9999 -9999 -9999 -9999 -9999 -9999 -9999 -9999 -9999 -9999 -9999 -9999 0.0392461448408124 0.0472207161785086 0.0389645653981776 0.0523054484468759
-9999 -9999 -9999 0.0360240023145357 0.0345092294477439 0.0484635420245309 0.0554677799934574 0.0565062347631365 0.0172202601199714 0.0171186088726164 0.0172202601199714 0.0172202601199714 0.0172202601199714 0.0171186088726164 0.0171270304851249 0.0172343362687784 0.0171186088726164 0.0171186088726164 0.0172231030829124 0.0172231030829124 0.0172202601199714 0.0171186088726164 0.0171186088726164 0.0170233475235278 0.02369012894487 0.0245644245558118 0.0297038817667511 -9999 -9999 -9999 -9999 -9999 -9999 -9999 -9999 -9999 -9999 -9999 -9999 -9999 -9999 -9999 -9999 -9999 -9999 -9999 0.0545887354925451 0.0518514412257682
-9999 -9999 -9999 -9999 0.0336498570004335 0.0477038372900296 0.0172512513622217 0.0172202601199714 0.01901573204624 0.0170233475235278 0.0172135676697266 0.0172202601199714 0.0172135676697266 0.0171186088726164 0.0172244570810827 0.0171186088726164 0.0171186088726164 0.0171186088726164 0.0171204716824369 0.0172202601199714 0.0172083904308423 0.0171186088726164 0.0172135676697266 0.0172202601199714 0.0206037326443768 -9999 -9999 -9999 -9999 -9999 -9999 -9999 -9999 -9999 -9999 -9999 -9999 -9999 -9999 -9999 -9999 -9999 -9999 -9999 -9999 -9999 -9999 -9999
-9999 -9999 -9999 -9999 0.0312771144357857 0.0362089644381904 0.0321555680257494 0.0171186088726164 0.0255395946358264 0.0170233475235278 0.0170233475235278 0.0167429583711931 0.0171186088726164 0.0187498331054939 0.0171186088726164 0.0172118219198382 0.0203258988055178 0.0171341068559515 0.0171186088726164 0.0171186088726164 0.0172102240077431 0.0172135676697266 0.0173273260539268 -9999 -9999 -9999 -9999 -9999 -9999 -9999 -9999 -9999 -9999 -9999 -9999 -9999 -9999 0.0172343362687784 0.025234251088201 0.0276639417298374 -9999 -9999 -9999 -9999 -9999 -9999 -9999 -9999
-9999 -9999 -9999 0.0355216439927744 0.0382867580393699 0.177335797326644 0.122037151349221 0.0800427467083695 0.125240068837104 0.0692975248533864 0.0863755754468082 0.02980177913767 0.0171270304851249 0.0172231030829124 0.0172202601199714 0.0171186088726164 0.0172267208868139 0.0210727346446895 0.0172135676697266 0.0172951818803801 0.0173467872963759 0.0173666680728575 -9999 -9999 -9999 -9999 -9999 -9999 -9999 -9999 -9999 -9999 -9999 -9999 -9999 -9999 -9999 -9999 0.0266827994012915 0.0402014271711789 -9999 -9999 -9999 -9999 -9999 -9999 -9999 -9999
