BRT_projection_files/BRT_SCV2/B_subterraneus_1_projection.asc
NCOLS 79 
NROWS 71 
XLLCORNER -10.5 
YLLCORNER 36 
CELLSIZE 0.5 
NODATA_value -9999 
[rows 44 to 65 of 71, columns 0 to 48 of 79]
-9999 -9999 -9999 -9999 -9999 -9999 -9999 -9999 -9999 -9999 -9999 -9999 -9999 -9999 -9999 -9999 -9999 -9999 0.242164779551573 0.271003369574516 0.308475295754764 0.305284646223707 0.318365358927497 0.333651680173643 0.317400206104426 0.319338376182237 0.321588214034597 0.310088857874713 0.451917307016212 0.356829583841985 0.430340823934807 0.469568183465524 0.459024630099644 0.461773739031929 0.570530772031977 0.576696661214295 0.555029965553107 0.515792647779138 0.571814805361162 0.564120592050736 0.392609014573577 0.398239301554386 0.590403291925151 0.573150483723611 0.590810110191471 0.592320817611601 0.40155262384689 0.589377800408539 0.56279282701156
-9999 -9999 -9999 -9999 -9999 -9999 -9999 -9999 -9999 -9999 -9999 -9999 -9999 -9999 0.241587890243073 -9999 -9999 -9999 0.294036322395066 0.321760974212465 0.353771003077846 0.357425003622041 0.519430336488885 0.3112107536523 0.311742388934398 0.356561154567138 0.350918371385824 0.308315359717453 0.30852674944882 0.268742705279509 0.274249217775485 0.441528850444139 0.446588194342679 0.563347781243122 0.538087014831907 0.546568763411921 0.496327238558364 0.583568626831085 0.583359095653175 0.599142012482796 0.594965523790388 0.591425270425369 0.580869782288802 0.588010861983051 0.585623618502016 0.586157508031951 0.581875944876593 0.499601165983171 0.592579295400553
-9999 -9999 -9999 -9999 -9999 -9999 -9999 -9999 -9999 -9999 -9999 -9999 0.246633107668491 0.273999566661306 0.271287665681491 0.270395413894577 0.242313894802795 0.260989936133793 0.246968690964197 0.272496678957706 0.412568343837274 0.308630432281428 0.440146698540498 0.342387642714582 0.268099499083834 0.312331417398356 0.313983991260322 0.304117246043227 0.307736732685696 0.311745362152723 0.317702175141891 0.444060854377241 0.472272770539496 0.542249590822361 0.564409985253348 0.567349141524416 0.568981936269179 0.450357074560318 0.524585253291148 0.589908399313789 0.322457653761341 0.396175916070886 0.552099190537452 0.577637649414335 0.587554422749051 0.378645429622581 0.306460683612087 0.475008391064554 0.300359748487012
-9999 -9999 -9999 -9999 -9999 -9999 -9999 -9999 -9999 -9999 -9999 -9999 -9999 -9999 0.246151871113391 0.24281094711197 0.241057312427441 0.250084531597498 0.255150631321494 0.241256252484702 0.303575876693552 0.314520681112784 0.305037516741264 0.306813940884534 0.324826612292654 0.312705493295062 0.314199007973437 0.31475950859781 0.309323100416171 0.465304708957382 0.533020400277627 0.471974802393012 0.395596928884725 0.446149924804663 0.482523989383116 0.467124472824027 0.556883316634982 0.506827557206657 0.513852647252237 0.483777939713982 0.259900093091763 0.262699357898868 0.283044042725829 0.508203541294908 0.51902993288392 0.510981429981444 0.484975489558554 0.510957851649564 0.453388737745046
-9999 -9999 -9999 -9999 -9999 -9999 -9999 -9999 -9999 -9999 -9999 -9999 -9999 -9999 -9999 -9999 -9999 0.303116586641508 0.257447150380681 0.267212143938371 0.289686572094761 0.312119522553168 0.307037312767407 0.30542541389889 0.314284444391499 0.320356181010256 0.306757902605313 0.316767711292516 0.418211575065422 0.540219671359572 0.441475811098164 0.274807688217384 0.360676367361951 0.464870140279769 0.48371512848731 0.48847770513607 0.499303297240813 0.491020981577418 0.524985207607813 0.318679818435684 0.507585016915781 0.229877452537323 0.229676504102376 0.235127051594716 0.227584040841868 0.304394707492042 0.226967717564444 0.226092679130513 0.235330845883208
-9999 -9999 -9999 -9999 -9999 -9999 -9999 -9999 -9999 -9999 -9999 -9999 -9999 -9999 -9999 -9999 -9999 0.248400434692663 0.242048497291644 0.241947127545918 0.242673104268805 0.260880623916158 0.262039236837971 0.275541722687661 0.257531749607805 0.27330005326377 0.310783688535907 0.317677753781338 0.318760012862014 0.454477942085668 0.318301332972139 0.317205457071627 0.447838216316763 0.492186090327227 0.47559175454225 0.513093310619277 0.350915939438787 0.255363448691545 0.221749688768773 0.228963967708201 0.217752476028992 0.222690323957773 0.223130188015541 0.22156592866845 0.224154190507658 0.222384704328566 0.228067524905627 0.225243703694486 0.224955131348667
-9999 -9999 -9999 -9999 -9999 -9999 -9999 -9999 -9999 -9999 -9999 -9999 -9999 -9999 -9999 -9999 -9999 -9999 -9999 0.240991943382391 0.241519963784423 0.231483251235183 0.256514843770421 0.317559627054116 0.44150149324448 0.361991524191615 0.362675587799817 0.441746984551628 0.334196161765754 0.519897521543843 0.318456028206734 0.321309652053251 0.481647529894923 0.486432230564342 0.484093858173216 0.254897239760045 0.256864551243374 0.222158385022212 0.343402270590663 0.225114236602088 0.219946420059152 0.222723920628711 0.218190740042944 0.374706815997533 0.21887986475225 0.212903351810631 0.481208132280512 0.460736312178297 0.184439837194045
-9999 -9999 -9999 -9999 -9999 -9999 -9999 -9999 -9999 -9999 -9999 -9999 -9999 -9999 -9999 -9999 -9999 -9999 -9999 0.253711404426761 0.2414657231053 0.306414198664018 0.318658198863791 0.32179089929073 0.428320958964424 0.563730000444413 0.592008560155006 0.528529268262317 0.557133542538858 0.311759739826199 0.29942562039887 0.318958513907711 0.446287499018375 0.437033480568848 0.209505692199617 0.223146801302855 0.220566148442394 0.454193840443151 0.261974999078313 0.260162356634458 0.489256125811724 0.514691344826068 0.491639196125023 0.515707700423596 0.48657616825544 0.260252055082572 0.245994361277255 -9999 0.253577576784638
-9999 -9999 -9999 -9999 -9999 -9999 -9999 -9999 -9999 -9999 -9999 -9999 -9999 -9999 -9999 -9999 -9999 -9999 -9999 0.316261597625746 0.315277851084156 0.312080787431659 0.313036404335736 0.26114488837801 0.245307743168974 0.448340995992553 0.511099039558049 0.546174623573501 0.491356056079463 0.478393976706063 0.291308187715554 0.322382530940437 0.439309671298288 0.289508686156648 0.20929364317845 0.39224308350482 0.263068248945828 0.242340398124537 0.25232696708842 0.253517019988291 0.251140375850484 0.2410458114304 0.25095310693473 0.253107167283605 0.258339082078578 -9999 -9999 -9999 0.24759178035302
-9999 -9999 -9999 -9999 -9999 -9999 -9999 -9999 -9999 -9999 -9999 -9999 -9999 -9999 -9999 -9999 -9999 -9999 -9999 0.340186406664982 0.31203208345025 0.314177308324842 0.312466589233831 0.313239793833345 0.302976104625698 0.405342689029214 0.486790464073206 0.510108116481917 0.515924322042988 0.441056954118652 0.260610367777582 0.467469126424124 0.485318365799316 0.278084003322711 0.230930210573676 0.494828469028155 0.249973019620853 0.245270792587448 0.246872608070735 0.46494068876783 0.271937819168423 0.324896566822823 0.257294742793047 0.241108200179215 0.229554791954172 0.240675446253316 -9999 -9999 -9999
-9999 -9999 -9999 -9999 -9999 -9999 -9999 -9999 -9999 -9999 -9999 -9999 -9999 -9999 -9999 -9999 -9999 -9999 0.310755136743146 0.323038680922894 0.324790053001254 0.31304702592861 0.254342214235173 0.303386627129583 0.310082621773394 0.245291360409151 0.419563263004657 0.463689563280244 0.446600053292434 0.244588448702833 0.253133802443998 0.43653434627047 0.470982573267498 0.455256401933192 0.417355940655358 0.472232094607772 0.541559455466935 0.224903712670381 -9999 -9999 0.225127560776263 0.563260268318049 0.544217735755206 0.450928888860042 0.327206238732023 0.250028988648182 -9999 -9999 -9999
-9999 -9999 -9999 -9999 -9999 -9999 -9999 -9999 -9999 -9999 -9999 -9999 -9999 -9999 -9999 -9999 -9999 -9999 0.246070778119046 0.25877840372192 0.313933317558509 0.242040065878074 0.241442443619247 0.32663838663458 0.267829851180724 0.318826783512264 0.283538816039355 0.261520715169604 0.24608253604888 0.315778705838731 0.317352124528345 0.245808260596788 0.243702403782161 0.236119650395965 0.225220410216799 0.229794357473544 -9999 -9999 -9999 -9999 -9999 -9999 0.261572741649098 0.353490010826154 0.558774987960934 0.534969024632079 0.267017150757643 -9999 -9999
-9999 -9999 -9999 0.22723057907413 0.232396362160558 0.271746671878525 0.265938448366614 0.319141665170476 0.383932023687009 0.372443954163597 0.384016788283503 0.397697111155619 0.197403799842206 0.197913635044484 0.198494038438513 0.230583652044831 0.225396927393476 0.22902847526768 0.260384075628451 0.249585549694423 0.302892596686153 0.317306088213396 0.313787309150547 0.313100507100314 0.311554084604687 0.317134459973937 0.312314394899369 0.323469153453551 -9999 -9999 -9999 -9999 0.313643000919622 0.315385858020609 -9999 -9999 -9999 -9999 -9999 -9999 -9999 -9999 0.313315796657245 0.317574398597557 0.246411962122021 0.247304410546323 0.324015820049012 0.318120779059163 0.230716193840126
-9999 -9999 -9999 0.225280293589005 0.23489129652522 0.27994702663522 0.262798402543806 0.403057329815677 0.424999895134582 0.444978081181654 0.429942539061345 0.450400703244912 0.428819923309779 0.440046395872852 0.429191213671434 0.409755138780689 0.431310973751054 0.248984825175688 0.364733036918688 0.466506514311483 0.581074588470164 0.488498215659575 0.57392711277398 0.553320356086114 0.571927590014523 0.44234617532852 0.32337026651293 -9999 -9999 -9999 -9999 -9999 -9999 -9999 -9999 -9999 -9999 -9999 -9999 -9999 -9999 -9999 -9999 0.305273475193034 0.314667806199289 0.325014347808965 0.301625306287 0.587234584523677 0.339653070414223
-9999 -9999 -9999 -9999 0.225364186831677 0.243432576782256 0.386985309509436 0.422195484396489 0.428399514146795 0.196822120609393 0.197896498660104 0.197959261317756 0.197991087093539 0.281219319712901 0.415243087622193 0.415114309569164 0.399416470501742 0.197422794047087 0.243568902812774 0.245134805839635 0.35558779759795 0.246071371682921 0.441487458269076 0.440374921857009 0.450915168165307 0.546061758954483 0.199132147859645 0.2110104676353 -9999 -9999 -9999 -9999 -9999 -9999 -9999 -9999 -9999 -9999 -9999 -9999 -9999 -9999 -9999 -9999 0.241479071764448 0.318581137797327 0.328829317551267 0.474134538933954 0.53461663006833
-9999 -9999 -9999 0.246107518390215 0.229651841497272 0.266010852297877 0.244234902514548 0.243862585420767 0.220342181689267 0.19824298334352 0.197934231115576 0.19793814735691 0.198003908351572 0.221072304917403 0.223271379850727 0.332214930410364 0.39003141482734 0.221007282699142 0.201990063213469 0.231577559110934 0.207641381246143 0.207556156745588 0.201679255618499 0.197726622620295 0.242820399423299 0.256659803862129 0.198735256029509 -9999 -9999 -9999 -9999 -9999 -9999 -9999 -9999 -9999 -9999 -9999 -9999 -9999 -9999 -9999 -9999 -9999 -9999 -9999 0.360428708235996 0.247912910916547 0.248509478622351
-9999 -9999 -9999 -9999 0.255459481593073 0.244892896190418 0.198336775622933 0.200073244028982 0.198643653880638 0.19824580657343 0.197971920404671 0.197025850948756 0.196916479554937 0.319325231716028 0.396035887743361 0.220947930294806 0.382758711513799 0.379847108349878 0.22135722334541 0.205852381948669 0.229054110352222 0.225744444284667 0.200903455030373 0.196443730953148 0.201535156637713 -9999 -9999 -9999 -9999 -9999 -9999 -9999 -9999 -9999 -9999 -9999 -9999 -9999 -9999 -9999 -9999 -9999 -9999 -9999 -9999 -9999 -9999 -9999 0.309107572610057
-9999 -9999 -9999 -9999 0.230093845444584 0.24448971099965 0.20982665533585 0.19951421919504 0.198166506318442 0.198719538728381 0.21796977745628 0.220913426783563 0.332073929822896 0.230937607941667 0.196677954860201 0.196865393491009 0.385115670007943 0.432242746702806 0.442817560735037 0.408755054051527 0.19904777580626 0.196806740264931 0.196969673430186 -9999 -9999 -9999 -9999 -9999 -9999 -9999 -9999 -9999 -9999 -9999 -9999 -9999 -9999 0.238526845608516 0.265198513101157 0.311475563928784 -9999 -9999 -9999 -9999 -9999 -9999 -9999 -9999 -9999
-9999 -9999 -9999 0.246913308628079 0.242591889497272 0.198823846438447 0.207614588934229 0.207158140054581 0.199844190837935 0.22880658813351 0.226362370637474 0.199824562421675 0.196461396313976 0.208671554961089 0.196427468213649 0.197062352624691 0.198356795339243 0.372980609168271 0.412402612836207 0.425786739808861 0.197932606701557 0.196613377148961 -9999 -9999 -9999 -9999 -9999 -9999 -9999 -9999 -9999 -9999 -9999 -9999 -9999 -9999 -9999 -9999 0.289321068816004 0.31451844247945 -9999 -9999 -9999 -9999 -9999 -9999 -9999 -9999 -9999
-9999 -9999 -9999 0.205063635325716 0.202856074270926 0.19916664645275 0.204568702621428 0.198974265180695 0.198125525241243 0.199019905845481 0.19800648051717 0.198338591418626 0.197519742568021 0.197336960296455 0.197515042035217 0.197756539406524 0.196731991863954 0.196418211651838 0.196996499979484 0.196532999678203 0.221489655931569 -9999 -9999 -9999 -9999 -9999 -9999 -9999 -9999 -9999 -9999 -9999 -9999 -9999 -9999 -9999 -9999 -9999 0.304779963347671 0.314165650894508 -9999 -9999 -9999 -9999 -9999 -9999 -9999 -9999 -9999
-9999 -9999 0.245420397460421 0.197752906132696 0.204608026500277 0.20559758781331 0.199510063355745 0.197631113995491 0.197607134038497 0.197607134038497 0.1981412820155 0.19880561551689 0.197295317863643 0.196585791142574 0.197491088546722 0.197559617708504 0.197515042035217 0.197491088546722 0.196571596216485 0.196558872274471 -9999 -9999 -9999 -9999 -9999 -9999 -9999 -9999 -9999 -9999 -9999 -9999 -9999 -9999 -9999 -9999 -9999 -9999 0.308719843546639 0.320406795634389 -9999 -9999 -9999 -9999 -9999 -9999 -9999 -9999 -9999
-9999 -9999 0.214512792525033 0.197268525728791 0.202958891871042 0.200681504857622 0.197281024761173 0.198410741738019 0.196900799926666 0.196628960832306 0.197612005477511 0.197602973920152 0.196833615286731 0.196943590821359 0.197855643579617 0.198837536062631 0.198510955328561 0.196541349477598 0.19645509616716 0.1964379932286 0.198362126359248 -9999 -9999 -9999 -9999 -9999 -9999 -9999 -9999 -9999 -9999 -9999 -9999 -9999 -9999 -9999 -9999 -9999 -9999 -9999 -9999 -9999 -9999 -9999 -9999 -9999 -9999 -9999 -9999
