BRT_projection_files/BRT_SCV2/B_sylvestris_1_projection.asc
NCOLS 79 
NROWS 71 
XLLCORNER -10.5 
YLLCORNER 36 
CELLSIZE 0.5 
NODATA_value -9999 
[rows 44 to 65 of 71, columns 0 to 48 of 79]
-9999 -9999 -9999 -9999 -9999 -9999 -9999 -9999 -9999 -9999 -9999 -9999 -9999 -9999 -9999 -9999 -9999 -9999 0.18349133603176 0.182238843153441 0.162152954941167 0.228790545460262 0.223397349279347 0.237973836764941 0.181822798494342 0.177028070018793 0.182568663648876 0.242951034839117 0.188224312646533 0.164055240811197 0.326662150422824 0.394569797200763 0.422099209713316 0.549634741560346 0.562075612412369 0.565397776293337 0.498981217152205 0.263583318595343 0.561896387615704 0.513657317456533 0.479892402510526 0.448954858285912 0.413895020108759 0.239848053443851 0.22365862085642 0.20057134308753 0.428042710264696 0.50248881788215 0.354969718949703
-9999 -9999 -9999 -9999 -9999 -9999 -9999 -9999 -9999 -9999 -9999 -9999 -9999 -9999 0.170771630092199 -9999 -9999 -9999 0.185989855468286 0.354998925160326 0.349510155686403 0.327508593846311 0.201447050269034 0.16245117439454 0.229784668140066 0.267454578511032 0.244229372406482 0.181762774993728 0.183185458070696 0.231161080694571 0.220147980139565 0.414497200171608 0.394740867195815 0.519408929730003 0.397277593355273 0.454900110624571 0.445561857631309 0.556160875591149 0.536244090918294 0.564298379691532 0.509150412221298 0.503999578284603 0.18018486215341 0.412098107560167 0.179306365042074 0.201792041104607 0.467826209586484 0.490617456479959 0.520343450031932
-9999 -9999 -9999 -9999 -9999 -9999 -9999 -9999 -9999 -9999 -9999 -9999 0.185865811123784 0.193638213451039 0.183728965481382 0.18255895512393 0.180565727704105 0.176468733186298 0.185986764319729 0.224377987542091 0.321727309769272 0.180184548511297 0.175724165295804 0.15182283001647 0.151382016136622 0.154194974786341 0.15655325979807 0.163368919179706 0.181341022221735 0.181209338473127 0.245676221590043 0.370759431642948 0.395684357560006 0.451284768015024 0.466867991411725 0.504377307392534 0.552777235796057 0.47193474116853 0.504560788821636 0.501387213996138 0.508161815893765 0.508117399685533 0.542119250730921 0.541850837625863 0.552125256132757 0.460627271612324 0.492028614708712 0.488597267199762 0.462055073456723
-9999 -9999 -9999 -9999 -9999 -9999 -9999 -9999 -9999 -9999 -9999 -9999 -9999 -9999 0.175319814618995 0.180730882165991 0.173931843026712 0.170935731107974 0.181090512272305 0.17915260051025 0.17424601249237 0.176539079586761 0.173145958030543 0.160199109399981 0.163730703377238 0.169679397850598 0.182341460011189 0.180517831549761 0.181182025875411 0.322401270843387 0.387416065152125 0.394978945191396 0.323932081624 0.419529104298165 0.521677762874755 0.521755249677548 0.517625822186202 0.504700983431982 0.501650059203327 0.516740854612322 0.519055180876922 0.513542821437458 0.48668481144916 0.510240232437354 0.521825975324587 0.58238267717426 0.590237841543388 0.574130124746095 0.575724493522985
-9999 -9999 -9999 -9999 -9999 -9999 -9999 -9999 -9999 -9999 -9999 -9999 -9999 -9999 -9999 -9999 -9999 0.1741866550681 0.175781191168069 0.171319143378858 0.153511304490847 0.158088497213739 0.170143268921973 0.175121214657219 0.163317340878 0.179993458102935 0.182526107192165 0.218699184833879 0.255162290991371 0.418547889896681 0.322500614859535 0.185729780220415 0.343052385465198 0.442010489696301 0.509973161115475 0.511373110259399 0.54459072337014 0.542599097358526 0.568115769897682 0.539006010265267 0.584860104086495 0.575206955549985 0.516998515166251 0.551849301883989 0.548559795130428 0.547539537103428 0.539347542122307 0.549410978866955 0.549702623664286
-9999 -9999 -9999 -9999 -9999 -9999 -9999 -9999 -9999 -9999 -9999 -9999 -9999 -9999 -9999 -9999 -9999 0.165547781170438 0.165564628025271 0.179973288861941 0.178871590299734 0.16485034026601 0.163855643374753 0.181561338307707 0.180565394486993 0.182469260131252 0.182648885147399 0.182071560500662 0.225203262886707 0.392321852081041 0.240601483605793 0.18611592329132 0.468444951012184 0.556939464006498 0.511589115431147 0.558378541125947 0.580798485678012 0.57669180526183 0.572693089209629 0.532544673458542 0.545841769634056 0.396634505896198 0.236807533012465 0.49262060575798 0.477352642672417 0.428018876365085 0.549424223854337 0.551873791858418 0.544479539555553
-9999 -9999 -9999 -9999 -9999 -9999 -9999 -9999 -9999 -9999 -9999 -9999 -9999 -9999 -9999 -9999 -9999 -9999 -9999 0.165558807304116 0.173439064911402 0.180645158896269 0.181490195189034 0.18623998684941 0.340538168721612 0.376642391430194 0.395950473925847 0.338879469557913 0.326399204016787 0.430146586452302 0.278361896913553 0.22959756807452 0.466681875059609 0.518241257978479 0.559094362193224 0.519372769353522 0.428594556189889 0.577064560655658 0.577595523019272 0.577417819056919 0.440374607557691 0.439859716077565 0.436600512852908 0.555534675830869 0.542985156473426 0.548199312525173 0.465576008496652 0.503206267876797 0.545743434539579
-9999 -9999 -9999 -9999 -9999 -9999 -9999 -9999 -9999 -9999 -9999 -9999 -9999 -9999 -9999 -9999 -9999 -9999 -9999 0.164343696018198 0.165564628025271 0.165495445738895 0.183936157705981 0.189788834790873 0.438837988293663 0.441916288061044 0.453201890467266 0.43665933674598 0.402761178626038 0.414637698463695 0.265699936696073 0.189631162072565 0.511275337480106 0.461637472215524 0.548291338725745 0.481292114923503 0.49073286594653 0.528524428043295 0.195538965905733 0.199612402338114 0.568437556690635 0.548184288618601 0.484957409956631 0.519011964733644 0.555917700344321 0.191657864780339 0.166903035922121 -9999 0.164371998992647
-9999 -9999 -9999 -9999 -9999 -9999 -9999 -9999 -9999 -9999 -9999 -9999 -9999 -9999 -9999 -9999 -9999 -9999 -9999 0.165373317052808 0.165513705758649 0.166181528354594 0.165791154510538 0.182372667015364 0.187100389015127 0.435731011153005 0.460962770134639 0.385426814021825 0.403540376190833 0.504052688659118 0.187403005163625 0.187615262518235 0.521398290956137 0.529644462043279 0.447489819858021 0.498781599543835 0.191537340886846 0.164195360372066 0.168804830294803 0.181453460453764 0.16828135788771 0.166703198930366 0.169536446866661 0.16980592985026 0.172819432572965 -9999 -9999 -9999 0.162750638458218
-9999 -9999 -9999 -9999 -9999 -9999 -9999 -9999 -9999 -9999 -9999 -9999 -9999 -9999 -9999 -9999 -9999 -9999 -9999 0.167387613658595 0.165558907929433 0.163788609487188 0.163382611738959 0.166694902021963 0.183743833962096 0.353416409980883 0.436178937693278 0.427373132620014 0.450776289004126 0.444809504293875 0.178124452688006 0.440463565070241 0.524132721987868 0.517847048927696 0.332864854796847 0.47077015510959 0.209407266723242 0.147177022215758 0.168071790926421 0.420950362451423 0.187554065600963 0.168239138238058 0.172819432572965 0.172110035559336 0.154302792279197 0.143548033399199 -9999 -9999 -9999
-9999 -9999 -9999 -9999 -9999 -9999 -9999 -9999 -9999 -9999 -9999 -9999 -9999 -9999 -9999 -9999 -9999 -9999 0.166412808330369 0.16609460044296 0.165074413423799 0.163132258261942 0.168081653325154 0.164391315846647 0.165932010619851 0.184385905888762 0.348808245621882 0.42539328868215 0.465573245920867 0.166826895138681 0.164635479796303 0.333161596101955 0.402751107110029 0.408766601164743 0.513464100229824 0.432221871302059 0.4038195962887 0.166055169201657 -9999 -9999 0.168487064605886 0.472289712498589 0.436051525022978 0.426048763809229 0.167533927356124 0.17053103858622 -9999 -9999 -9999
-9999 -9999 -9999 -9999 -9999 -9999 -9999 -9999 -9999 -9999 -9999 -9999 -9999 -9999 -9999 -9999 -9999 -9999 0.167428603542224 0.166259509383334 0.165330171176616 0.163933861721747 0.150443708948068 0.208908421190237 0.163418946617966 0.165837801501422 0.188387183941697 0.177479099634597 0.167260716137505 0.164167777836793 0.209534731513817 0.20962713872803 0.166137018740165 0.18189663347106 0.180959483417826 0.166743442638718 -9999 -9999 -9999 -9999 -9999 -9999 0.168969942787852 0.174090392109136 0.403268111861389 0.394456227526713 0.168153551207769 -9999 -9999
-9999 -9999 -9999 0.163308582944024 0.16411805906781 0.226996293939366 0.217208572661195 0.331747757710398 0.424663377104029 0.504202901261808 0.425839368376692 0.42773767733114 0.182490199528857 0.180765688128184 0.17432140272723 0.166243966921556 0.162883060759689 0.179256879156139 0.184198384759841 0.176946920842161 0.178566727091727 0.165464900221296 0.164957083702787 0.164781989336353 0.164888236347035 0.166868584259786 0.164428323652139 0.150432805114171 -9999 -9999 -9999 -9999 0.165135243626991 0.165966483232711 -9999 -9999 -9999 -9999 -9999 -9999 -9999 -9999 0.164432031326661 0.164870271317918 0.162938212664079 0.165403279924754 0.193319246869199 0.17973597741538 0.150449790585282
-9999 -9999 -9999 0.162463759531595 0.162782967126285 0.178838560179451 0.2316804490468 0.38893177324261 0.399637548577853 0.404632755092276 0.403233822579301 0.396818048065566 0.266012705309736 0.276102046426242 0.16279701385236 0.376933684730155 0.400096845476401 0.181717042806736 0.340850468200351 0.44182638643563 0.507898435616485 0.524507804487737 0.507822977879831 0.424724216368545 0.437222603357718 0.345117325177519 0.163698200041992 -9999 -9999 -9999 -9999 -9999 -9999 -9999 -9999 -9999 -9999 -9999 -9999 -9999 -9999 -9999 -9999 0.15434896604649 0.163080676315987 0.164206363384878 0.164348471802303 0.402216443747659 0.168085774077361
-9999 -9999 -9999 -9999 0.163278224001198 0.177534005604915 0.389382678645773 0.406873183774751 0.253430195362464 0.154423350482393 0.155104478140763 0.143930935093965 0.143930935093965 0.144036432722931 0.351252754700252 0.354814705965108 0.161261652652051 0.155370674828373 0.143571776994176 0.15693441197244 0.201744221212322 0.169801241727544 0.374648406219363 0.362736275633033 0.364873127975233 0.406909074539636 0.165781662120118 0.143930935093965 -9999 -9999 -9999 -9999 -9999 -9999 -9999 -9999 -9999 -9999 -9999 -9999 -9999 -9999 -9999 -9999 0.165336292211033 0.166586892343122 0.166845680350358 0.426192352258361 0.394511845138057
-9999 -9999 -9999 0.163412962023162 0.181197682293523 0.247848104370316 0.169213929807724 0.161452622644055 0.146195968877937 0.146676250708917 0.143930935093965 0.144725979211592 0.143930935093965 0.144041251392099 0.143967198808985 0.14882494529884 0.146896187770817 0.144022090886725 0.143930935093965 0.19282143210933 0.143930935093965 0.144105118764291 0.147071975605489 0.155910573709756 0.19818750686408 0.172444175961058 0.165616915634772 -9999 -9999 -9999 -9999 -9999 -9999 -9999 -9999 -9999 -9999 -9999 -9999 -9999 -9999 -9999 -9999 -9999 -9999 -9999 0.180662112650666 0.16662626169037 0.165678951076038
-9999 -9999 -9999 -9999 0.164634623906585 0.170090861436303 0.151402261166002 0.151160429075472 0.155973918166207 0.155910573709756 0.143930935093965 0.143930935093965 0.143930935093965 0.165323149346591 0.148994882446778 0.15547694282394 0.155867854331742 0.143930935093965 0.143930935093965 0.143930935093965 0.143930935093965 0.155759723764301 0.143930935093965 0.143955186214843 0.201445884564361 -9999 -9999 -9999 -9999 -9999 -9999 -9999 -9999 -9999 -9999 -9999 -9999 -9999 -9999 -9999 -9999 -9999 -9999 -9999 -9999 -9999 -9999 -9999 0.165616596114001
-9999 -9999 -9999 -9999 0.162339166194388 0.161861663781565 0.164919793266718 0.162613298291865 0.167083478044255 0.156015235813674 0.155910573709756 0.155931998994306 0.172818518422661 0.28270713733783 0.143986162458501 0.143930935093965 0.193147382852926 0.143970229348059 0.156030710155445 0.144041251392099 0.143930935093965 0.143930935093965 0.143930935093965 -9999 -9999 -9999 -9999 -9999 -9999 -9999 -9999 -9999 -9999 -9999 -9999 -9999 -9999 0.146556278742859 0.163131649404392 0.164792447746185 -9999 -9999 -9999 -9999 -9999 -9999 -9999 -9999 -9999
-9999 -9999 -9999 0.162555783802075 0.162280046401805 0.168129926210325 0.167010567011239 0.167105520220491 0.167772796460599 0.179561826496863 0.219222732078878 0.17412349842567 0.143930935093965 0.219933738944544 0.145327510593169 0.144105118764291 0.155515377562576 0.159167364285831 0.143930935093965 0.143930935093965 0.143930935093965 0.143930935093965 -9999 -9999 -9999 -9999 -9999 -9999 -9999 -9999 -9999 -9999 -9999 -9999 -9999 -9999 -9999 -9999 0.165181176611472 0.165549515822169 -9999 -9999 -9999 -9999 -9999 -9999 -9999 -9999 -9999
-9999 -9999 -9999 0.169072169635964 0.166141480166318 0.165686046648644 0.153547227538885 0.159571607057188 0.165882578599521 0.165927099499778 0.155053661467214 0.143930935093965 0.143930935093965 0.143930935093965 0.143930935093965 0.143930935093965 0.143930935093965 0.143930935093965 0.143930935093965 0.143930935093965 0.19362759179089 -9999 -9999 -9999 -9999 -9999 -9999 -9999 -9999 -9999 -9999 -9999 -9999 -9999 -9999 -9999 -9999 -9999 0.163080676315987 0.164805172429348 -9999 -9999 -9999 -9999 -9999 -9999 -9999 -9999 -9999
-9999 -9999 0.150191058587224 0.152843580580572 0.151204498483333 0.163814889185876 0.15801804159849 0.155815219962104 0.155910573709756 0.155935297713765 0.163183605954191 0.151363534893579 0.143930935093965 0.143930935093965 0.143930935093965 0.143930935093965 0.143930935093965 0.143930935093965 0.143930935093965 0.143955186214843 -9999 -9999 -9999 -9999 -9999 -9999 -9999 -9999 -9999 -9999 -9999 -9999 -9999 -9999 -9999 -9999 -9999 -9999 0.143588857027325 0.152306195652754 -9999 -9999 -9999 -9999 -9999 -9999 -9999 -9999 -9999
-9999 -9999 0.220040139059024 0.146942612643538 0.143967198808985 0.151159981418256 0.147007364248138 0.155919820717462 0.155519262660921 0.155910573709756 0.155935297713765 0.147409539996589 0.155309879030634 0.155910782970705 0.155104478140763 0.156006213875038 0.143930935093965 0.143930935093965 0.143930935093965 0.143937344673319 0.143955186214843 -9999 -9999 -9999 -9999 -9999 -9999 -9999 -9999 -9999 -9999 -9999 -9999 -9999 -9999 -9999 -9999 -9999 -9999 -9999 -9999 -9999 -9999 -9999 -9999 -9999 -9999 -9999 -9999
