BRT_projection_files/BRT_SCV2/B_terrestris_1_projection.asc
NCOLS 79 
NROWS 71 
XLLCORNER -10.5 
YLLCORNER 36 
CELLSIZE 0.5 
NODATA_value -9999 
[rows 44 to 65 of 71, columns 0 to 48 of 79]
-9999 -9999 -9999 -9999 -9999 -9999 -9999 -9999 -9999 -9999 -9999 -9999 -9999 -9999 -9999 -9999 -9999 -9999 0.635285127525247 0.594043068676414 0.657861820108912 0.707521969513315 0.664039860737823 0.674579419920078 0.624556128016346 0.680646800547023 0.641067387328074 0.636473172960047 0.621005732794955 0.647627794513408 0.607050883504836 0.605139432113406 0.646098038203316 0.693786077971328 0.709314298362323 0.708293882020537 0.600935892135106 0.711495736339061 0.709897703328239 0.667817850313734 0.592677426647755 0.576595566697582 0.579350332870597 0.655091288252012 0.582778420179051 0.588790884884178 0.577995916602018 0.780618147754358 0.701058188987986
-9999 -9999 -9999 -9999 -9999 -9999 -9999 -9999 -9999 -9999 -9999 -9999 -9999 -9999 0.647396748291324 -9999 -9999 -9999 0.634438004485139 0.551770710138037 0.572641685419452 0.597527348602293 0.599075327705404 0.645520033092804 0.700334386835299 0.750555119770475 0.728206757268054 0.602295025215 0.594609232748524 0.595055594095799 0.601945056098471 0.605081548401506 0.637597836033707 0.667470034073143 0.629768235956429 0.640585299924693 0.703666746158252 0.671132642731014 0.645907837327921 0.763689644562655 0.601340939366207 0.590183109019286 0.603594029606874 0.597916327842219 0.590827076982152 0.601601595824079 0.598553631446129 0.599027624634389 0.585973215802117
-9999 -9999 -9999 -9999 -9999 -9999 -9999 -9999 -9999 -9999 -9999 -9999 0.664666482133151 0.579074723636529 0.591002690272232 0.647850039510559 0.644534177374445 0.668450325807666 0.639579036926452 0.642476792259646 0.63404627372949 0.656976683210143 0.594693358004909 0.621999500359627 0.629462777095235 0.597305242690779 0.600784443223712 0.628881127526336 0.641985068738964 0.624692350479368 0.595338877366956 0.613531541345293 0.61412465915627 0.638417980941982 0.523061385208783 0.523057695320822 0.671906267748676 0.644294316025367 0.635313164794742 0.586149505025894 0.604532494031095 0.597403344911095 0.615088776783811 0.641658475515142 0.753602867950596 0.609681180885229 0.617456448285161 0.617944016425722 0.601156532394449
-9999 -9999 -9999 -9999 -9999 -9999 -9999 -9999 -9999 -9999 -9999 -9999 -9999 -9999 0.654407975593976 0.664088161540951 0.644805169964554 0.624075184944982 0.611208734588842 0.658715049555048 0.620853531905478 0.634805099575995 0.595516495685034 0.621982575705902 0.637345610428949 0.593942290258711 0.63959738958676 0.59890685403687 0.603055263392481 0.596789661421543 0.591945861213468 0.603123285419469 0.601941319087687 0.623482593957963 0.65992322089111 0.682085468225708 0.730918659358065 0.640175802147492 0.637961617696003 0.670109784958257 0.616656079991369 0.586572811430965 0.593894846523359 0.636144704915737 0.63624162521011 0.62537935818749 0.652237289806208 0.649656998430459 0.644143729670321
-9999 -9999 -9999 -9999 -9999 -9999 -9999 -9999 -9999 -9999 -9999 -9999 -9999 -9999 -9999 -9999 -9999 0.683238921154164 0.684520130972524 0.665741223417595 0.65086696414997 0.626684360302195 0.657555357484093 0.599548355639644 0.598953765321547 0.632701004150349 0.601477953335734 0.593978004571299 0.595582454745153 0.594889152926353 0.595596818060814 0.662325128395395 0.66071122846767 0.654265270665553 0.643138455765479 0.637879834344761 0.693614220211649 0.673236056637386 0.671963197505297 0.593174541901264 0.651958145901105 0.490979106386801 0.591648056025592 0.644111169273463 0.587145680529037 0.566023656496789 0.578585245849355 0.591918849444869 0.579885700601594
-9999 -9999 -9999 -9999 -9999 -9999 -9999 -9999 -9999 -9999 -9999 -9999 -9999 -9999 -9999 -9999 -9999 0.668419096839027 0.659084379927699 0.593396313564336 0.599056562901024 0.648788822324082 0.601084373729117 0.70293776368864 0.64425384504739 0.694805550643192 0.631484816122493 0.632777591840699 0.585686866348472 0.660579416149933 0.653538222795837 0.609696610463028 0.6128704085532 0.615320975808784 0.615768280368966 0.610100322002074 0.610821082028709 0.567890879291571 0.505667826881483 0.50454652434868 0.505384576050923 0.381636229526886 0.561525065994589 0.634223116473023 0.58482166677251 0.577243825681693 0.591408014466933 0.593013294143242 0.63014763433642
-9999 -9999 -9999 -9999 -9999 -9999 -9999 -9999 -9999 -9999 -9999 -9999 -9999 -9999 -9999 -9999 -9999 -9999 -9999 0.644182314823077 0.642557595681448 0.695991334496566 0.638488707930061 0.625746842958005 0.572785311496375 0.682334992738381 0.629944650267482 0.635766468193793 0.699416007132549 0.690545696236904 0.650956018294737 0.584950037056871 0.602538396991145 0.690587523354796 0.645757421608465 0.59870262733939 0.574463326262056 0.591220582575208 0.635005769692875 0.634179719219955 0.583055237610903 0.589820242282826 0.576450633723559 0.63697684595505 0.586081180680007 0.602634228256549 0.608385252924778 0.630107140952004 0.297069572867861
-9999 -9999 -9999 -9999 -9999 -9999 -9999 -9999 -9999 -9999 -9999 -9999 -9999 -9999 -9999 -9999 -9999 -9999 -9999 0.642195819604048 0.632248488238619 0.639168702301995 0.575329431552939 0.653895598921431 0.622746255928443 0.473510714215837 0.602436690994168 0.669621400115813 0.477057571719987 0.669773726318511 0.73929324773926 0.654033787739047 0.677981198859084 0.657507498515136 0.590381918554313 0.589791591557989 0.572504481934071 0.683766842020256 0.742768151446802 0.742996884395834 0.738591502918579 0.679805591549763 0.642569121255881 0.649366248623547 0.706096517159073 0.711108876175915 0.628278666744128 -9999 0.670061376133173
-9999 -9999 -9999 -9999 -9999 -9999 -9999 -9999 -9999 -9999 -9999 -9999 -9999 -9999 -9999 -9999 -9999 -9999 -9999 0.585809719982107 0.576642932837099 0.658546748338559 0.621339249923283 0.60175176497564 0.644966809528448 0.62863975715699 0.599671608814276 0.5429578892139 0.617207510995003 0.683344311424446 0.680617338296956 0.634598879759579 0.689591052655474 0.588792069651764 0.575827752361574 0.647154709819657 0.733325106659157 0.665053223352071 0.673867390230493 0.694898940182444 0.680787214509164 0.531059841039332 0.686041247026638 0.681573705520189 0.712879463279161 -9999 -9999 -9999 0.580658959162015
-9999 -9999 -9999 -9999 -9999 -9999 -9999 -9999 -9999 -9999 -9999 -9999 -9999 -9999 -9999 -9999 -9999 -9999 -9999 0.584518172193432 0.655505828615079 0.634255040298516 0.594552971997664 0.592804761045915 0.69899022633316 0.65790799886062 0.628513842997943 0.582259780454952 0.599952587062104 0.608489191119046 0.681794150296409 0.607080583237602 0.589351251204805 0.571106407620619 0.569928636752085 0.630882431427341 0.678508739506462 0.66480350195661 0.666791474222722 0.627796975927671 0.646260338234902 0.68963428629825 0.713069313882928 0.560279182987783 0.54805925560596 0.633470385237707 -9999 -9999 -9999
-9999 -9999 -9999 -9999 -9999 -9999 -9999 -9999 -9999 -9999 -9999 -9999 -9999 -9999 -9999 -9999 -9999 -9999 0.588983358955818 0.590556458633054 0.504763079748222 0.596588920679713 0.645457541162417 0.639497080944664 0.627549656856717 0.580134392278123 0.600782717844449 0.632902153028313 0.617340344924977 0.663748095568632 0.678131757514559 0.630237582305117 0.62544880219481 0.599960372712689 0.405424137718771 0.594583968070373 0.63445225697713 0.678186784993978 -9999 -9999 0.684083523862683 0.513402080927164 0.612820019904378 0.68237610477243 0.653571445254142 0.685926527095591 -9999 -9999 -9999
-9999 -9999 -9999 -9999 -9999 -9999 -9999 -9999 -9999 -9999 -9999 -9999 -9999 -9999 -9999 -9999 -9999 -9999 0.612162646546425 0.621290749621223 0.66239636468709 0.605824496472734 0.609631707007537 0.670324768133468 0.647295133191416 0.63556114353455 0.628412181353137 0.626613302621513 0.683299617444068 0.657508930389987 0.670783854327029 0.684484294658446 0.625969653114624 0.623630872705797 0.680184372869367 0.694536313484665 -9999 -9999 -9999 -9999 -9999 -9999 0.704579093735957 0.726991982763414 0.569094513682163 0.633272104754868 0.704617039668099 -9999 -9999
-9999 -9999 -9999 0.630010904410355 0.698228251456568 0.668416085951103 0.624545298930053 0.457722398160589 0.684936770152041 0.731300001123686 0.689290819653178 0.651851781504956 0.710778385442334 0.707363666897019 0.724405943650865 0.717292261959584 0.677285815414474 0.688541042982661 0.633108096519729 0.647577323530446 0.718471795786723 0.636951257217164 0.578102553296305 0.588877317860075 0.658293164937761 0.632671293276373 0.601077007741996 0.658836389887719 -9999 -9999 -9999 -9999 0.662060145301809 0.63634078217695 -9999 -9999 -9999 -9999 -9999 -9999 -9999 -9999 0.632000260908173 0.659128187282418 0.652219220437994 0.664012188346656 0.63344447807986 0.658469460609349 0.563257582532539
-9999 -9999 -9999 0.682602618805401 0.651636233325981 0.667995702064762 0.617559387264379 0.626584054970896 0.607284859741834 0.668550317338422 0.631410151512012 0.626159226612598 0.627026264211769 0.633963333053394 0.62692728029207 0.653724432145155 0.634908375003983 0.665553514287388 0.609509296344968 0.577687486806833 0.675940198653229 0.57005440657556 0.647001429471799 0.579494120556623 0.574935308573413 0.569060675116553 0.644131763334653 -9999 -9999 -9999 -9999 -9999 -9999 -9999 -9999 -9999 -9999 -9999 -9999 -9999 -9999 -9999 -9999 0.60450751984231 0.598893191688974 0.633908517610115 0.695390937694642 0.519665975636396 0.669479757364881
-9999 -9999 -9999 -9999 0.633993309788014 0.684926621124735 0.62515802450888 0.592640596179414 0.628373910366398 0.724358495652617 0.685399479866454 0.656881617523269 0.657352711085787 0.68424779815037 0.692218749541208 0.695272548246266 0.663927534708879 0.733228651448452 0.616279126597604 0.564013379681 0.630391274280775 0.636835923876093 0.577548998067499 0.559986458957415 0.611521112272273 0.687023041061633 0.693343685459665 0.716375646275239 -9999 -9999 -9999 -9999 -9999 -9999 -9999 -9999 -9999 -9999 -9999 -9999 -9999 -9999 -9999 -9999 0.6447306290881 0.659932465838504 0.653062586169246 0.643048251461002 0.632393682889697
-9999 -9999 -9999 0.688591837805594 0.70043935511452 0.644810189574175 0.622302317932378 0.634823786586012 0.713103343781732 0.680107553772683 0.663193480905288 0.699746035250066 0.657503206888092 0.712641521338221 0.716233902044823 0.710826373378959 0.717104295632372 0.715683325113389 0.725246404386146 0.74693953028478 0.726693433050355 0.720168537991516 0.739655584528529 0.714327782555683 0.685532992708827 0.729689620706123 0.733651656907237 -9999 -9999 -9999 -9999 -9999 -9999 -9999 -9999 -9999 -9999 -9999 -9999 -9999 -9999 -9999 -9999 -9999 -9999 -9999 0.728525634011485 0.675867820040373 0.666380494136487
-9999 -9999 -9999 -9999 0.721699160532121 0.677656242094764 0.699407789370866 0.701530621896858 0.70811983714266 0.682481545838804 0.66298363016366 0.719964405779421 0.716111288816032 0.696709564955357 0.613726925919111 0.712018748459375 0.649488595462811 0.645966170053982 0.713397399027746 0.720805239062262 0.725614925578683 0.717720715209714 0.726017500817971 0.740430698255798 0.74115357353118 -9999 -9999 -9999 -9999 -9999 -9999 -9999 -9999 -9999 -9999 -9999 -9999 -9999 -9999 -9999 -9999 -9999 -9999 -9999 -9999 -9999 -9999 -9999 0.702770904988308
-9999 -9999 -9999 -9999 0.669369069424441 0.674034955246333 0.718030866910567 0.699282643845875 0.678153035252638 0.730938668720948 0.710438601510566 0.705330925675841 0.724546504021233 0.726673205386062 0.731286029209641 0.715659748363355 0.663454888801353 0.673372010119243 0.717880333278455 0.673320979246862 0.715670257364582 0.721726793072371 0.717706176872806 -9999 -9999 -9999 -9999 -9999 -9999 -9999 -9999 -9999 -9999 -9999 -9999 -9999 -9999 0.685195593298543 0.649406493991869 0.634057925812553 -9999 -9999 -9999 -9999 -9999 -9999 -9999 -9999 -9999
-9999 -9999 -9999 0.685007583627808 0.703316994913243 0.718596295066592 0.699791813767822 0.69389813407745 0.694804094660391 0.682102941287971 0.685756003638844 0.694661912365636 0.735191107503477 0.764702048231503 0.744832282768526 0.715726691961912 0.696300106711274 0.639704973309899 0.72073393925967 0.654325093982226 0.710414180536238 0.716945985374481 -9999 -9999 -9999 -9999 -9999 -9999 -9999 -9999 -9999 -9999 -9999 -9999 -9999 -9999 -9999 -9999 0.668457435647463 0.67158684140023 -9999 -9999 -9999 -9999 -9999 -9999 -9999 -9999 -9999
-9999 -9999 -9999 0.737862841723675 0.720837300391732 0.697565168080314 0.703113879128598 0.681939284167458 0.695294315196786 0.696330432113587 0.701921583559995 0.67711224524392 0.665803918591186 0.717781108816045 0.667727178467832 0.660962861773662 0.716127914129552 0.669851399331664 0.718505287814091 0.736994771824863 0.749419128157885 -9999 -9999 -9999 -9999 -9999 -9999 -9999 -9999 -9999 -9999 -9999 -9999 -9999 -9999 -9999 -9999 -9999 0.643246959532813 0.638935698481223 -9999 -9999 -9999 -9999 -9999 -9999 -9999 -9999 -9999
-9999 -9999 0.670945206847138 0.731628211541369 0.692497047055564 0.702710898642003 0.703332364612539 0.719127357536118 0.704762110012017 0.714702545354051 0.696130885482463 0.650727002466932 0.720165084304905 0.725265813690853 0.672785027623929 0.667967261028474 0.66642880146303 0.660704770642547 0.72109478094047 0.741848827448718 -9999 -9999 -9999 -9999 -9999 -9999 -9999 -9999 -9999 -9999 -9999 -9999 -9999 -9999 -9999 -9999 -9999 -9999 0.660780095767576 0.660654690538735 -9999 -9999 -9999 -9999 -9999 -9999 -9999 -9999 -9999
-9999 -9999 0.764447518859836 0.734947901707676 0.722725177066452 0.70543689718606 0.720304749057903 0.737271292382282 0.736600182329707 0.716171821236087 0.705017109426567 0.695794141034923 0.722671737929892 0.716822893414092 0.674403075723204 0.674960783824167 0.624669399639605 0.716151551660596 0.724897357704096 0.739169809821776 0.699971501822414 -9999 -9999 -9999 -9999 -9999 -9999 -9999 -9999 -9999 -9999 -9999 -9999 -9999 -9999 -9999 -9999 -9999 -9999 -9999 -9999 -9999 -9999 -9999 -9999 -9999 -9999 -9999 -9999
