Scripts_&_data/BRT_projection_files/BRT_SCV2/B_alpinus_2_projection.asc
NCOLS 79 
NROWS 71 
XLLCORNER -10.5 
YLLCORNER 36 
CELLSIZE 0.5 
NODATA_value -9999 
[rows 42 to 62 of 71, columns 0 to 47 of 79]
-9999 -9999 -9999 -9999 -9999 -9999 -9999 -9999 -9999 -9999 0.0179277430828947 -9999 -9999 0.0186978880712766 -9999 -9999 -9999 -9999 -9999 -9999 -9999 -9999 -9999 -9999 0.0181119916412896 0.0181309449189653 0.0178594907007737 0.0178594907007737 0.0179579591388594 0.0180186591349757 0.0179199053173432 0.0179199053173432 0.0223451766550836 0.0190222137080165 0.0189458815474874 0.0178476890965987 0.0178476890965987 0.0178476890965987 0.0178476890965987 0.0189989149628803 0.0179199053173432 0.0178476890965987 0.0178594907007737 0.0179199053173432 0.0179199053173432 0.0178594907007737 0.0178594907007737 0.0178476890965987
-9999 -9999 -9999 -9999 -9999 -9999 -9999 -9999 -9999 -9999 -9999 -9999 -9999 -9999 -9999 -9999 -9999 -9999 -9999 -9999 -9999 -9999 0.0181570753400406 0.0181119916412896 0.0179437527896256 0.0178644801344965 0.0178476890965987 0.0178476890965987 0.0178594907007737 0.0179437527896256 0.0190222137080165 0.0224787238238573 0.0192541010679051 0.0178673079632911 0.0189348620998213 0.0178594907007737 0.0178476890965987 0.0178476890965987 0.0178594907007737 0.0178594907007737 0.0178476890965987 0.0178476890965987 0.0178476890965987 0.0178594907007737 0.0178594907007737 0.0178594907007737 0.0182469718845236 0.0178476890965987
-9999 -9999 -9999 -9999 -9999 -9999 -9999 -9999 -9999 -9999 -9999 -9999 -9999 -9999 -9999 -9999 -9999 -9999 0.0178832579262731 0.0178594907007737 0.0178476890965987 0.0181550632766118 0.0179199053173432 0.0178594907007737 0.0178594907007737 0.0178476890965987 0.0178476890965987 0.0178644801344965 0.0178476890965987 0.0178476890965987 0.0178594907007737 0.0180516230494165 0.0179199053173432 0.0180035583068098 0.0178594907007737 0.0179199053173432 0.0211768179893591 0.0178476890965987 0.0178594907007737 0.0178594907007737 0.0178594907007737 0.0178594907007737 0.0178476890965987 0.0178644801344965 0.0178644801344965 0.0178476890965987 0.0179199053173432 0.0183734608291722
-9999 -9999 -9999 -9999 -9999 -9999 -9999 -9999 -9999 -9999 -9999 -9999 -9999 -9999 0.0178594907007737 -9999 -9999 -9999 0.0181614295829137 0.0181673950935685 0.0178882529042169 0.0178832579262731 0.0178644801344965 0.0178476890965987 0.0178476890965987 0.0178476890965987 0.0178476890965987 0.0178668342117433 0.0178476890965987 0.0178476890965987 0.0178594907007737 0.0180186591349757 0.0179940915247573 0.0178594907007737 0.0179199053173432 0.0179199053173432 0.0178594907007737 0.0185076910968994 0.0178594907007737 0.0178594907007737 0.0181570753400406 0.0178594907007737 0.0178476890965987 0.0178476890965987 0.0178476890965987 0.0178476890965987 0.0178594907007737 0.0192464889572055
-9999 -9999 -9999 -9999 -9999 -9999 -9999 -9999 -9999 -9999 -9999 -9999 0.0181812317014511 0.0187532194211245 0.0181624340016989 0.0178832579262731 0.0178832579262731 0.0178714395407703 0.0181886108341809 0.0181673950935685 0.0179437527896256 0.0178476890965987 0.0178476890965987 0.0178476890965987 0.0178476890965987 0.0178476890965987 0.0178476890965987 0.0178476890965987 0.0178644801344965 0.0178594907007737 0.0179199053173432 0.0180516230494165 0.0190964384682448 0.0181119916412896 0.0188342837308448 0.0183734608291722 0.0178594907007737 0.0217993333071357 0.0189348620998213 0.0178594907007737 0.0179908021000596 0.0179199053173432 0.0179199053173432 0.0179199053173432 0.0179199053173432 0.0179199053173432 0.0181119916412896 0.0181673950935685
-9999 -9999 -9999 -9999 -9999 -9999 -9999 -9999 -9999 -9999 -9999 -9999 -9999 -9999 0.0181650294765038 0.0178832579262731 0.0178832579262731 0.0178714395407703 0.0179437527896256 0.0178832579262731 0.0178832579262731 0.0178476890965987 0.0178476890965987 0.0178476890965987 0.0178644801344965 0.0178594907007737 0.0178644801344965 0.0178594907007737 0.0178594907007737 0.0179199053173432 0.0179199053173432 0.0180223701990954 0.0182328290935421 0.0192743361642102 0.0200129113121947 0.019551066931936 0.018690998220915 0.0199523917513293 0.0190846179409569 0.0179416634951083 0.0188415786816547 0.0234421130370068 0.0199872263041479 0.0199558669004335 0.0200374667788253 0.0200374667788253 0.021057000839285 0.0202301351470631
-9999 -9999 -9999 -9999 -9999 -9999 -9999 -9999 -9999 -9999 -9999 -9999 -9999 -9999 -9999 -9999 -9999 0.0179437527896256 0.0178832579262731 0.0178476890965987 0.0178476890965987 0.0178476890965987 0.0178476890965987 0.0178644801344965 0.0178644801344965 0.0178594907007737 0.0178594907007737 0.0178594907007737 0.0181299414635881 0.0181493688152458 0.0178594907007737 0.0179378907592785 0.0195038739539861 0.0198161782026876 0.020034400845325 0.0202929339165159 0.01996049469788 0.0190303800186922 0.0204694792817183 0.0233385351517614 0.0202779513855238 0.101319189840208 0.201985089062288 0.161732059891989 0.0310446712183589 0.0347179022825105 0.211140088535313 0.0290299466501787
-9999 -9999 -9999 -9999 -9999 -9999 -9999 -9999 -9999 -9999 -9999 -9999 -9999 -9999 -9999 -9999 -9999 0.0179199053173432 0.0178832579262731 0.0178832579262731 0.0178832579262731 0.0178476890965987 0.0178644801344965 0.0178832579262731 0.0178594907007737 0.0178832579262731 0.0178832579262731 0.0178594907007737 0.0179199053173432 0.0193158350045454 0.0178594907007737 0.018173083277404 0.0200129113121947 0.0200374667788253 0.0187524379638967 0.0192475078440943 0.0339626303207058 0.0249481825278212 0.175460471532717 0.171883448788777 0.177238424597532 0.296232781106375 0.207189167700771 0.178594240980166 0.098460360323907 0.280312615772455 0.183722554447285 0.124190248889425
-9999 -9999 -9999 -9999 -9999 -9999 -9999 -9999 -9999 -9999 -9999 -9999 -9999 -9999 -9999 -9999 -9999 -9999 -9999 0.0178594907007737 0.0179199053173432 0.0178594907007737 0.0179437527896256 0.0181582715364342 0.0181570753400406 0.0179437527896256 0.0178832579262731 0.0178594907007737 0.0179437527896256 0.0179199053173432 0.0179199053173432 0.018690998220915 0.0200129113121947 0.0202814974263658 0.0220226653615862 0.15128764557001 0.300004629324692 0.107068349147293 0.0248598891988562 0.0249825741895383 0.333504843089042 0.213321560337148 0.341796051668315 0.0214136103982906 0.147679927473062 0.0219023211831109 0.0199926355488937 0.0200006107771445
-9999 -9999 -9999 -9999 -9999 -9999 -9999 -9999 -9999 -9999 -9999 -9999 -9999 -9999 -9999 -9999 -9999 -9999 -9999 0.0178594907007737 0.0178594907007737 0.0179199053173432 0.0181570753400406 0.0185064978291621 0.0199523917513293 0.018690998220915 0.0181570753400406 0.0178644801344965 0.0181119916412896 0.0183599686152661 0.0181713939348636 0.0181493688152458 0.0198404784135513 0.0217859809427518 0.0346092007909583 0.148981425246388 0.0275996081435784 0.0198161782026876 0.0200006107771445 0.0202926547141693 0.0198161782026876 0.0198431177198665 0.0221662133333133 0.0192464889572055 0.018834690424396 0.0183734608291722 0.0183734608291722 -9999
-9999 -9999 -9999 -9999 -9999 -9999 -9999 -9999 -9999 -9999 -9999 -9999 -9999 -9999 -9999 -9999 -9999 -9999 -9999 0.0179199053173432 0.0179199053173432 0.0178594907007737 0.0179199053173432 0.0190222137080165 0.0198161782026876 0.023352850539041 0.0199926355488937 0.0178476890965987 0.0189580867171088 0.0189580867171088 0.0190222137080165 0.0185064978291621 0.0199523917513293 0.0213883869521219 0.113708258913427 0.0240862292655058 0.018003234575909 0.0178594907007737 0.0178594907007737 0.0178594907007737 0.0178594907007737 0.0178594907007737 0.0178476890965987 0.0178644801344965 0.0178668342117433 -9999 -9999 -9999
-9999 -9999 -9999 -9999 -9999 -9999 -9999 -9999 -9999 -9999 -9999 -9999 -9999 -9999 -9999 -9999 -9999 -9999 -9999 0.0179199053173432 0.0178594907007737 0.0178476890965987 0.0178594907007737 0.0178594907007737 0.0179437527896256 0.0196448439848973 0.0199926355488937 0.0192454159182625 0.0195038739539861 0.021785959573133 0.0192743361642102 0.0192507249860539 0.0192495984778884 0.0213365652534969 0.0229139220561287 0.018946280649658 0.0178594907007737 0.0178476890965987 0.0180450590141872 0.0192424754377296 0.0195227962982677 0.0178594907007737 0.0178476890965987 0.0178476890965987 0.0178476890965987 0.0178476890965987 -9999 -9999
-9999 -9999 -9999 -9999 -9999 -9999 -9999 -9999 -9999 -9999 -9999 -9999 -9999 -9999 -9999 -9999 -9999 -9999 0.0195026333435301 0.0179199053173432 0.0178594907007737 0.0178476890965987 0.0178476890965987 0.0178714395407703 0.0178832579262731 0.0178832579262731 0.0181662169270745 0.0198282596379085 0.0217717704460815 0.0199401290799584 0.0190585751826612 0.0189650711364544 0.0190222137080165 0.0222961848008428 0.0207218923374922 0.0229272358691848 0.0181493688152458 0.0209912573061658 -9999 -9999 0.0220478785515354 0.0202380189199391 0.0181140313442839 0.0179199053173432 0.0178476890965987 0.0178476890965987 -9999 -9999
-9999 -9999 -9999 -9999 -9999 -9999 -9999 -9999 -9999 -9999 -9999 -9999 -9999 -9999 -9999 -9999 -9999 -9999 0.019622046157027 0.0184875438423842 0.0179199053173432 0.0178714395407703 0.0178476890965987 0.0178476890965987 0.0178476890965987 0.0181119916412896 0.0198404784135513 0.0198282596379085 0.0198161782026876 0.0178594907007737 0.0178476890965987 0.0189005601406229 0.018946280649658 0.018987082489277 0.021165139900557 0.0219064751203478 -9999 -9999 -9999 -9999 -9999 -9999 0.0180450590141872 0.0178594907007737 0.0178594907007737 0.0178644801344965 0.0178594907007737 -9999
-9999 -9999 -9999 0.0209154685726494 0.0217916190246632 0.0198039734427048 0.019473542828796 0.0212545353269013 0.0200601533339579 0.0200471624469742 0.0204804314752987 0.020551793401358 0.0201277266248006 0.0220203706835169 0.0214704996562731 0.0213431385973365 0.0213055682740117 0.0236194636764385 0.0200251521024084 0.020034400845325 0.018690998220915 0.0181299414635881 0.0178594907007737 0.0178594907007737 0.0178594907007737 0.0179199053173432 0.0178594907007737 0.0178476890965987 -9999 -9999 -9999 -9999 0.021095092575086 0.0197203849178692 -9999 -9999 -9999 -9999 -9999 -9999 -9999 -9999 0.0178594907007737 0.0178594907007737 0.0178594907007737 0.0179908021000596 0.0178594907007737 0.0178476890965987
-9999 -9999 -9999 0.0220226653615862 0.0200251521024084 0.0192526392965417 0.018987082489277 0.0206572769988404 0.0191908241721845 0.0188774173767529 0.018946280649658 0.0192455617366112 0.0178528602288385 0.0181290929175851 0.0178528602288385 0.0179517339511418 0.0191452174363944 0.0178673079632911 0.0196327286616003 0.0200006107771445 0.0188342837308448 0.0189507697281046 0.0181570753400406 0.0183734608291722 0.0207525819689495 0.0231435071703003 0.0178476890965987 -9999 -9999 -9999 -9999 -9999 -9999 -9999 -9999 -9999 -9999 -9999 -9999 -9999 -9999 -9999 -9999 0.0178476890965987 0.0178594907007737 0.0178594907007737 0.0178476890965987 0.0192573985088492
-9999 -9999 -9999 -9999 0.0235773079208476 0.0192098849647662 0.0209444483147081 0.0231306684367541 0.0188774173767529 0.0178714395407703 0.0178714395407703 0.0178714395407703 0.0178714395407703 0.0178714395407703 0.0178668342117433 0.0178476890965987 0.0179517339511418 0.0178714395407703 0.0178528602288385 0.0179230872172078 0.0179517339511418 0.0189743200421429 0.0180051523169397 0.0188774173767529 0.0188774173767529 0.0178594907007737 0.0178594907007737 0.0178476890965987 -9999 -9999 -9999 -9999 -9999 -9999 -9999 -9999 -9999 -9999 -9999 -9999 -9999 -9999 -9999 -9999 0.0179199053173432 0.0181140313442839 0.0178594907007737 0.018973015001639
-9999 -9999 -9999 0.0190303800186922 0.0200006107771445 0.0199558669004335 0.018946280649658 0.0190103676093995 0.0178476890965987 0.0178714395407703 0.0178476890965987 0.0178476890965987 0.0178714395407703 0.0178714395407703 0.0178476890965987 0.0178476890965987 0.0178714395407703 0.0178714395407703 0.0178476890965987 0.0178476890965987 0.0178476890965987 0.0178714395407703 0.0178714395407703 0.0178714395407703 0.0189743200421429 0.0188774173767529 0.0178476890965987 -9999 -9999 -9999 -9999 -9999 -9999 -9999 -9999 -9999 -9999 -9999 -9999 -9999 -9999 -9999 -9999 -9999 -9999 -9999 0.0179199053173432 0.0192897723564943
-9999 -9999 -9999 -9999 0.0198039734427048 0.0192098849647662 0.0178476890965987 0.0178476890965987 0.0178714395407703 0.0178714395407703 0.0178714395407703 0.0178476890965987 0.0178476890965987 0.0178714395407703 0.0178476890965987 0.0178714395407703 0.0178714395407703 0.0178476890965987 0.0178476890965987 0.0178476890965987 0.0178476890965987 0.0178714395407703 0.0178476890965987 0.0178476890965987 0.0178476890965987 -9999 -9999 -9999 -9999 -9999 -9999 -9999 -9999 -9999 -9999 -9999 -9999 -9999 -9999 -9999 -9999 -9999 -9999 -9999 -9999 -9999 -9999 -9999
-9999 -9999 -9999 -9999 0.0241379521294088 0.019210957323671 0.0178476890965987 0.0178714395407703 0.0178714395407703 0.0178714395407703 0.0178714395407703 0.0178714395407703 0.0178714395407703 0.0178714395407703 0.0178714395407703 0.0178476890965987 0.0178476890965987 0.0178476890965987 0.0178714395407703 0.0178476890965987 0.0178476890965987 0.0178476890965987 0.0178476890965987 -9999 -9999 -9999 -9999 -9999 -9999 -9999 -9999 -9999 -9999 -9999 -9999 -9999 -9999 0.0178476890965987 0.0178594907007737 0.0179199053173432 -9999 -9999 -9999 -9999 -9999 -9999 -9999 -9999
-9999 -9999 -9999 0.0179920456874095 0.018987082489277 0.0198089566511509 0.0179199053173432 0.0179437527896256 0.0181309449189653 0.0181614295829137 0.0184053808512928 0.0179437527896256 0.0178714395407703 0.0178476890965987 0.0178476890965987 0.0178714395407703 0.0178476890965987 0.0178476890965987 0.0178476890965987 0.0178476890965987 0.0178476890965987 0.0178476890965987 -9999 -9999 -9999 -9999 -9999 -9999 -9999 -9999 -9999 -9999 -9999 -9999 -9999 -9999 -9999 -9999 0.0178832579262731 0.0178594907007737 -9999 -9999 -9999 -9999 -9999 -9999 -9999 -9999
