Scripts_&_data/BRT_projection_files/BRT_SCV2/B_argillaceus_2_projection.asc
NCOLS 79 
NROWS 71 
XLLCORNER -10.5 
YLLCORNER 36 
CELLSIZE 0.5 
NODATA_value -9999 
[rows 42 to 62 of 71, columns 0 to 47 of 79]
-9999 -9999 -9999 -9999 -9999 -9999 -9999 -9999 -9999 -9999 0.0514830988108331 -9999 -9999 0.0514306012031386 -9999 -9999 -9999 -9999 -9999 -9999 -9999 -9999 -9999 -9999 0.0511996388293419 0.0625514251944519 0.0511739694903522 0.0511884964631538 0.0526025889439042 0.052575760906584 0.0511739879747318 0.0510904124735188 0.1401851430969 0.0822704942879709 0.0761498594567057 0.0508970953648676 0.050041077070791 0.0493566539966579 0.0497531338781774 0.0796709278573858 0.0500472208568601 0.05105245297938 0.0511718229657671 0.0509033221811258 0.0511872797982744 0.0511680600242765 0.0678264742712578 0.0758028891025574
-9999 -9999 -9999 -9999 -9999 -9999 -9999 -9999 -9999 -9999 -9999 -9999 -9999 -9999 -9999 -9999 -9999 -9999 -9999 -9999 -9999 -9999 0.0511970030549417 0.0510830361995029 0.0511829278089247 0.0845044152387763 0.0845219854483015 0.0511233870136239 0.0511851050709015 0.051279879730791 0.0731771195897677 0.0615911098363693 0.0772082603901994 0.0525957009842415 0.0730916279676901 0.0510587117748045 0.051181974362344 0.0509268571474453 0.048113224279516 0.0463093937639732 0.0511762588786478 0.0511727491616158 0.0510480290790685 0.0510132874380268 0.0510587117748045 0.0510587117748045 0.0604836205386532 0.0739152829783823
-9999 -9999 -9999 -9999 -9999 -9999 -9999 -9999 -9999 -9999 -9999 -9999 -9999 -9999 -9999 -9999 -9999 -9999 0.051279879730791 0.0512691522401547 0.0511727491616158 0.0510830361995029 0.0511147223681341 0.0511882482860928 0.0511147223681341 0.0511762588786478 0.051181974362344 0.0511288172483476 0.0511155431155853 0.0628811195271144 0.0511577190222041 0.0518904028691351 0.051312800514107 0.0525849749999822 0.0511300565228153 0.0511882482860928 0.0443159375167211 0.0485264623092392 0.0500550727158815 0.0510132874380268 0.0511405636316906 0.0511147223681341 0.0511739694903522 0.05105245297938 0.0511762588786478 0.05105245297938 0.051179792548966 0.0513334632701229
-9999 -9999 -9999 -9999 -9999 -9999 -9999 -9999 -9999 -9999 -9999 -9999 -9999 -9999 0.0512866098739566 -9999 -9999 -9999 0.0510830361995029 0.0510830361995029 0.0511440349203872 0.0510278088917636 0.0511309346973481 0.0841963943410793 0.0511617908553625 0.046968191324332 0.0519879455244927 0.0815907432848788 0.0629995896655756 0.0839546597437167 0.0512970990775136 0.0515576101475409 0.0525871887094731 0.0511174926516264 0.0510973780796354 0.0511794754576454 0.0510587117748045 0.0463182271464762 0.0499204417027887 0.0462392855455679 0.0510645366152432 0.0511780968895159 0.0511259149582339 0.0511740043207304 0.0511740043207304 0.0511566511000174 0.0511174926516264 0.0612041361855128
-9999 -9999 -9999 -9999 -9999 -9999 -9999 -9999 -9999 -9999 -9999 -9999 0.0512546840690043 0.0513105163260396 0.0511466938460704 0.0512669354831348 0.0512830773470753 0.051752959450374 0.0513388801131098 0.0512546840690043 0.0510840843973724 0.0511392093933124 0.0511679841512607 0.08452325680889 0.083991354439894 0.0544692524876062 0.0511885016406334 0.0511566511000174 0.0519466545976904 0.0511472620581934 0.0510496113392822 0.0519342459424229 0.0609865444343005 0.0511092470018914 0.0500559809930942 0.048122525622899 0.0510542838931088 0.109637865959837 0.0689793063273175 0.0510587117748045 0.0526037415138582 0.0511173492726796 0.0511739694903522 0.0511740043207304 0.0514009109876792 0.0510904124735188 0.0522787451266109 0.051280833573102
-9999 -9999 -9999 -9999 -9999 -9999 -9999 -9999 -9999 -9999 -9999 -9999 -9999 -9999 0.0515108981999968 0.0512814976369831 0.0512125781560595 0.051659329546669 0.0513763061221385 0.0523252716428122 0.0510952408992338 0.0511521032669126 0.0512110289281203 0.0511454437320471 0.0510070390682801 0.0511940832678508 0.0511432757264772 0.0510472127156519 0.0511069869749714 0.0509796933804447 0.0506075831686909 0.0518887453794861 0.0518031104555961 0.078362381400574 0.10399984127443 0.0601190246077242 0.089022161939299 0.0798849726696888 0.0611134755697749 0.052584588837218 0.0525577711870837 0.0616686182444776 0.0616724168642932 0.0809109452432893 0.0819961926416579 0.0821921190211033 0.0944524304208431 0.1003589343531
-9999 -9999 -9999 -9999 -9999 -9999 -9999 -9999 -9999 -9999 -9999 -9999 -9999 -9999 -9999 -9999 -9999 0.0511608074481795 0.0511974320736873 0.0512415952359675 0.0512927147703214 0.0511768738393968 0.0511518546434613 0.0511169219143659 0.0510948989474014 0.0511970387925691 0.051029911161972 0.0510804624556787 0.050534248951234 0.0505368247477546 0.0511616402531227 0.0523304716547068 0.0723034809305018 0.0799802375543522 0.079982425225258 0.0611105390357567 0.0619519263448243 0.0528796009451073 0.0624988168853862 0.0616914087892771 0.0723695934669098 0.113559903394368 0.211888046052942 0.209726650947328 0.0808463117284352 0.0716060877656041 0.151986614833198 0.208832326669614
-9999 -9999 -9999 -9999 -9999 -9999 -9999 -9999 -9999 -9999 -9999 -9999 -9999 -9999 -9999 -9999 -9999 0.0515557358570573 0.0555907262342482 0.0516183787386862 0.0550409687334635 0.0816330751734444 0.0519408178780309 0.0505346999552176 0.0511851050709015 0.0510044628562022 0.0510056449540211 0.0510973780796354 0.050998623881062 0.0616375141706001 0.0511147223681341 0.051091904912243 0.0800657832960707 0.08001157539686 0.0514979196933209 0.0523206635259682 0.0648204486882642 0.0908046256556396 0.100048715459688 0.104908325626375 0.102914730028235 0.0911214201332461 0.0997062536021425 0.145718766600569 0.142930131932406 0.146824104384814 0.245016912701482 0.243908006134489
-9999 -9999 -9999 -9999 -9999 -9999 -9999 -9999 -9999 -9999 -9999 -9999 -9999 -9999 -9999 -9999 -9999 -9999 -9999 0.0881801627201958 0.0669536813321607 0.0824125103017258 0.0510617197787081 0.0510156225318446 0.0510175171573602 0.0505195632271317 0.0510952408992338 0.0510973780796354 0.0510278088917636 0.0510973780796354 0.0511147223681341 0.0511092470018914 0.140369118196037 0.060684553693383 0.0877718758229932 0.224994116225739 0.149026940761952 0.141820771086523 0.0916128112572917 0.100346311672009 0.13791418034995 0.153504715992056 0.168837580131629 0.179639840258278 0.177819207132744 0.185358760242525 0.0806923919999368 0.0834243983385236
-9999 -9999 -9999 -9999 -9999 -9999 -9999 -9999 -9999 -9999 -9999 -9999 -9999 -9999 -9999 -9999 -9999 -9999 -9999 0.0511996095839093 0.0675179036018714 0.0511291808462636 0.0510655721554286 0.0511118739064369 0.133810980007311 0.0488375757296873 0.0510931044738997 0.0511173492726796 0.0510014895644549 0.0526448278153973 0.0552161286374256 0.0511884082356073 0.0801425366652782 0.149606435688362 0.131567198123687 0.143658443408939 0.0852025632672776 0.0795714949918215 0.0648637436562597 0.0517373497068125 0.0714535433837924 0.0819758312533524 0.0862781678601745 0.0812454764951295 0.0524650769959805 0.0501648902171297 0.0542619072621666 -9999
-9999 -9999 -9999 -9999 -9999 -9999 -9999 -9999 -9999 -9999 -9999 -9999 -9999 -9999 -9999 -9999 -9999 -9999 -9999 0.0511267255298647 0.0511253762532882 0.0510854742554338 0.0511675489058803 0.0729715815673161 0.145762797142105 0.157540091151831 0.0749172384958099 0.051124626701512 0.0771077590096627 0.0767100834426394 0.0727149578965111 0.0511842889159699 0.127074557149144 0.247123387607999 0.159373994565765 0.11732961250438 0.053499119863284 0.0682584027227085 0.0906645622814679 0.0578639862716302 0.0901309382413429 0.0909933586094654 0.051354664619492 0.0674456631780967 0.0547176011610288 -9999 -9999 -9999
-9999 -9999 -9999 -9999 -9999 -9999 -9999 -9999 -9999 -9999 -9999 -9999 -9999 -9999 -9999 -9999 -9999 -9999 -9999 0.0463682950743852 0.0511096952553615 0.051166587251916 0.0510642403871944 0.0511207151110374 0.0510412012154121 0.0735885272887486 0.0575346131564048 0.0741168955014389 0.0836499261716528 0.194001599818349 0.0750568390876491 0.0808278570523545 0.175614084697806 0.143931373475546 0.197577641574526 0.0725913586584453 0.0514579708374249 0.052353235938174 0.0523060398348224 0.0867345643487082 0.0605864171591152 0.0512027545833007 0.0549173501468118 0.0906689752325353 0.0908409816241975 0.051170564460474 -9999 -9999
-9999 -9999 -9999 -9999 -9999 -9999 -9999 -9999 -9999 -9999 -9999 -9999 -9999 -9999 -9999 -9999 -9999 -9999 0.0434236584746311 0.0502777419305143 0.0468077648024153 0.0511141450045183 0.0513170169504663 0.0511863327058525 0.0510188528038743 0.0512592781569517 0.0515153656570278 0.0682236165342044 0.127860442163031 0.079708764228518 0.0603990167274071 0.0610060726865906 0.0774871866254519 0.186007722952016 0.169808228150628 0.0901164911463152 0.0511067916854925 0.0718655998897753 -9999 -9999 0.052449757486227 0.0493555324587151 0.0511985681965202 0.0510644787072407 0.0511907651758557 0.0510516510530602 -9999 -9999
-9999 -9999 -9999 -9999 -9999 -9999 -9999 -9999 -9999 -9999 -9999 -9999 -9999 -9999 -9999 -9999 -9999 -9999 0.0692138935238285 0.0536109878695385 0.0510443160834277 0.0879840759434934 0.0903261806148575 0.0512071493017277 0.051238383138165 0.0511063554404804 0.062483144622588 0.071374738310645 0.0710003858768185 0.0510731229052173 0.0511885016406334 0.0610059480693207 0.0763906359025763 0.171465133010174 0.144053236755857 0.0551068975139732 -9999 -9999 -9999 -9999 -9999 -9999 0.0514644575231442 0.0514327317452688 0.0499204417027887 0.0511718229657671 0.0510731229052173 -9999
-9999 -9999 -9999 0.0526780086922143 0.0886238095549818 0.0878434164559881 0.155324420079171 0.106708601214489 0.0646355764093538 0.102444671364267 0.0609867117862739 0.0523033341070996 0.098691338047358 0.102228636416202 0.0964076381851686 0.0804863634237375 0.0543950694313604 0.0792507236779768 0.0618052939566742 0.0611199801929128 0.0512029207142006 0.0511988082813087 0.0511118326413826 0.0511291808462636 0.0511118326413826 0.051194298808446 0.0511925942094189 0.0500550829843502 -9999 -9999 -9999 -9999 0.0481510666696835 0.0493819399026657 -9999 -9999 -9999 -9999 -9999 -9999 -9999 -9999 0.0511825517129035 0.0511762825439896 0.0513882390446988 0.0524693057263779 0.0511780968895159 0.0511762825439896
-9999 -9999 -9999 0.0949350875227018 0.0898939106729924 0.0838652248277381 0.178883365788636 0.185301227166109 0.1467194117254 0.0781616302201032 0.065448649533295 0.0541327681625495 0.0525289322570388 0.0507522281998886 0.050961319283258 0.0544580161631582 0.0603309794527374 0.0541047515070521 0.0627824064671593 0.0700561512943829 0.0587266902453233 0.0620541032494562 0.0584895483993069 0.05771102419744 0.0511848276595989 0.0489124720179252 0.0510624389368184 -9999 -9999 -9999 -9999 -9999 -9999 -9999 -9999 -9999 -9999 -9999 -9999 -9999 -9999 -9999 -9999 0.0511884736824998 0.0511678300544333 0.0511970387925691 0.0511907651758557 0.0494803679262876
-9999 -9999 -9999 -9999 0.0999295504471597 0.147068470232296 0.15042563142543 0.145178123821292 0.0732997074317307 0.14003328652214 0.0719453314734977 0.133628513677303 0.115629129034741 0.149453839066504 0.0622264964560334 0.0743145522934898 0.0546689218289255 0.141494198080223 0.0516299580974951 0.0501357590141173 0.0509183470972399 0.0542869031203858 0.050016311057128 0.0642203691099014 0.0794553970456921 0.0690172075408456 0.0960418326516841 0.0971831760822553 -9999 -9999 -9999 -9999 -9999 -9999 -9999 -9999 -9999 -9999 -9999 -9999 -9999 -9999 -9999 -9999 0.0512966497954153 0.0512029207142006 0.0510276812345939 0.0772747173235421
-9999 -9999 -9999 0.0528845631907896 0.17753487252655 0.164016544829125 0.0739765285401304 0.0659403802126855 0.0628119004191824 0.0797259732753228 0.139111144345458 0.223588727713238 0.12825016952021 0.0728680621998533 0.0642470760631965 0.0623141626331465 0.0725560089510543 0.0692429514864908 0.0948814100623021 0.0950145928846297 0.069970849259444 0.0784855042679566 0.13986281579628 0.134628087992635 0.0637751218598548 0.0721494019976257 0.071391872616132 -9999 -9999 -9999 -9999 -9999 -9999 -9999 -9999 -9999 -9999 -9999 -9999 -9999 -9999 -9999 -9999 -9999 -9999 -9999 0.0541752481020407 0.0604777835297552
-9999 -9999 -9999 -9999 0.0721458586254976 0.0803404150705315 0.0659388325782452 0.0635463797883036 0.06578746857309 0.0718352979247882 0.076201861227679 0.0787781465876053 0.0645399869149116 0.0649339803395621 0.0638691528419696 0.0652129941333259 0.0654117998197131 0.0646715113092812 0.0699935765105265 0.0651843561824945 0.0607237580262161 0.0662962914869185 0.0741176624670528 0.103825870594188 0.0959538228601415 -9999 -9999 -9999 -9999 -9999 -9999 -9999 -9999 -9999 -9999 -9999 -9999 -9999 -9999 -9999 -9999 -9999 -9999 -9999 -9999 -9999 -9999 -9999
-9999 -9999 -9999 -9999 0.0797052644272276 0.109476429154945 0.129451318026652 0.0688419996569073 0.0644814181919439 0.137828321512206 0.0722926487213726 0.0867358518895872 0.144954868246789 0.145943423985533 0.137052833747326 0.064483281421249 0.0608933044926439 0.0642706351382388 0.0667903005162514 0.0643348246626025 0.0641138092809649 0.0683715640453162 0.0976539213438799 -9999 -9999 -9999 -9999 -9999 -9999 -9999 -9999 -9999 -9999 -9999 -9999 -9999 -9999 0.0516459578415371 0.0511118326413826 0.0510642403871944 -9999 -9999 -9999 -9999 -9999 -9999 -9999 -9999
-9999 -9999 -9999 0.0528583112040089 0.141926394177331 0.0796643723704593 0.0743038557558227 0.0643011493368042 0.0677799184361899 0.069658485565617 0.0644345353664838 0.074293278472477 0.13921729747915 0.102082549492713 0.132162604437952 0.0675021209914151 0.0644013192395833 0.0608657442722337 0.0686429795689117 0.0626946914572116 0.0733823659235854 0.10288680874791 -9999 -9999 -9999 -9999 -9999 -9999 -9999 -9999 -9999 -9999 -9999 -9999 -9999 -9999 -9999 -9999 0.0510422136552867 0.0511427590083586 -9999 -9999 -9999 -9999 -9999 -9999 -9999 -9999
