Scripts_&_data/BRT_projection_files/BRT_SCV2/B_argillaceus_1_projection.asc
NCOLS 79 
NROWS 71 
XLLCORNER -10.5 
YLLCORNER 36 
CELLSIZE 0.5 
NODATA_value -9999 
[rows 42 to 62 of 71, columns 0 to 47 of 79]
-9999 -9999 -9999 -9999 -9999 -9999 -9999 -9999 -9999 -9999 0.0630862290474106 -9999 -9999 0.059123024533401 -9999 -9999 -9999 -9999 -9999 -9999 -9999 -9999 -9999 -9999 0.0481399266094112 0.048113309095746 0.0481020808381722 0.0481138852052709 0.0501925823238521 0.0481299401069684 0.0484176935254768 0.0568834398677593 0.268258383399553 0.139204734292167 0.102196456018189 0.0486343480898766 0.0482051735431528 0.0469577252972904 0.0481443395480857 0.0928229987573474 0.0474989402362219 0.0464766872334669 0.0468746231874015 0.0469246720892779 0.0469029965196413 0.0468933867941897 0.192681288539677 0.17905783266646
-9999 -9999 -9999 -9999 -9999 -9999 -9999 -9999 -9999 -9999 -9999 -9999 -9999 -9999 -9999 -9999 -9999 -9999 -9999 -9999 -9999 -9999 0.0563192596324867 0.0503757251950593 0.0481265015924367 0.0481712130816243 0.0480865731507958 0.0481231679159411 0.0481479314333019 0.0481487084108831 0.087181467752004 0.0727952723627757 0.215745163969504 0.0603869227978292 0.0870590657689659 0.0469088778288532 0.0486331724195924 0.0481861475945998 0.048425071169191 0.04682440667847 0.0464641776064866 0.0464538152058179 0.0464711085801333 0.0468931998686256 0.0468933867941897 0.0474510201278739 0.0549857987024299 0.196462444344104
-9999 -9999 -9999 -9999 -9999 -9999 -9999 -9999 -9999 -9999 -9999 -9999 -9999 -9999 -9999 -9999 -9999 -9999 0.0485409110268187 0.0492625814782047 0.0486508886926918 0.0512963722881764 0.0481541493679665 0.0481458077948468 0.0481589548990694 0.0481559061090812 0.0481804985095272 0.0481495644914812 0.0481531567834524 0.0481498906695478 0.0481557838084967 0.0495067422930793 0.0484649613044128 0.0763521241635024 0.0486199778997652 0.0507327009915685 0.0494694969688595 0.0484853617926591 0.0485851205079468 0.0481984636583323 0.0468577213249043 0.0465539963033342 0.0464247279330807 0.0468985627036726 0.0473954401872124 0.0468694472779186 0.0473869257841296 0.0568745685183959
-9999 -9999 -9999 -9999 -9999 -9999 -9999 -9999 -9999 -9999 -9999 -9999 -9999 -9999 0.0481885666030256 -9999 -9999 -9999 0.0559974905440255 0.0566345346837548 0.0485378538550045 0.048131292385036 0.0481645750080288 0.0482199792552102 0.0483828017744504 0.0473051517825544 0.0480876921657257 0.048166319451886 0.0481633936215224 0.0481531567834524 0.0481684925024764 0.0559216106980402 0.0570755399783344 0.0486329066634879 0.0492278811532816 0.0564386004242434 0.0485860104653287 0.0564572529373446 0.0469662305568382 0.0468571253702138 0.0561331365129425 0.0468922637032239 0.0464247279330807 0.0464355879296987 0.0464315815804584 0.0464247279330807 0.0464247279330807 0.0587009234132157
-9999 -9999 -9999 -9999 -9999 -9999 -9999 -9999 -9999 -9999 -9999 -9999 0.0501549042734954 0.0556621019865902 0.0481613189431006 0.0481483558724872 0.0481517392648783 0.0481077204998287 0.0555027712398529 0.0555604576529368 0.0502094791843858 0.0480832858416797 0.0481418280284253 0.0482539676945678 0.0481634563877334 0.0482534431952006 0.0481833909139387 0.0481801085721182 0.0481579568590871 0.0481531567834524 0.0482005368459038 0.0580525781399258 0.0833297031216223 0.0564646650570553 0.0583047386275571 0.0571203418821025 0.0485785234229388 0.278977267056609 0.0924148782030249 0.0468738395030546 0.0468215754782605 0.0467787708826651 0.046852614561395 0.0465769117752393 0.0466673867609247 0.0464536442724839 0.0555373640957694 0.0579648373866721
-9999 -9999 -9999 -9999 -9999 -9999 -9999 -9999 -9999 -9999 -9999 -9999 -9999 -9999 0.0675750039287087 0.048090832343678 0.048145128291989 0.0481499375768016 0.0481499375768016 0.0481779337987211 0.0481499375768016 0.0488714689561199 0.048131292385036 0.0481824614122437 0.0481022452900162 0.0489916755207676 0.0481688363468767 0.0481557838084967 0.0481531567834524 0.0481947418934061 0.0492782293393729 0.0510214683772794 0.0624560981266303 0.135130650593296 0.148729788669574 0.131948765705895 0.183284170547254 0.0945199267018117 0.0522780580636201 0.0571814857552529 0.0562975999855954 0.056286161785404 0.0567710940559352 0.153044323429605 0.23650211471666 0.138278884612927 0.223713247822722 0.397868740031155
-9999 -9999 -9999 -9999 -9999 -9999 -9999 -9999 -9999 -9999 -9999 -9999 -9999 -9999 -9999 -9999 -9999 0.0480872971650836 0.0480872971650836 0.0480872971650836 0.048215899215867 0.0482552439730058 0.048115239082736 0.0481582771852576 0.0482040312912819 0.048976330368171 0.048166319451886 0.0493069032284779 0.0568531827079023 0.0568683333232764 0.04929604368112 0.048803254917287 0.101624032511401 0.216723423377222 0.132182128524466 0.0598712210630077 0.0579898261452844 0.0670926635292619 0.0665097710817834 0.057061671248299 0.175268382033396 0.124095144703964 0.637776124780834 0.595545380072115 0.470093656987786 0.3442347252312 0.479381417697366 0.65493927471286
-9999 -9999 -9999 -9999 -9999 -9999 -9999 -9999 -9999 -9999 -9999 -9999 -9999 -9999 -9999 -9999 -9999 0.048185921254123 0.0481871313931125 0.0481267932240128 0.0481742073227729 0.0481752959225669 0.0481547894459323 0.0481547341799131 0.0481531567834524 0.048131292385036 0.048131292385036 0.049176022347753 0.0567636521283472 0.128007035752664 0.0485676355200261 0.0567671684854672 0.196050882540075 0.165916338883362 0.0579889045039414 0.0557811738047981 0.0628659017233586 0.196276758491358 0.138361427731824 0.135509287050966 0.159891497089529 0.152431975305299 0.370451664556063 0.419968148446486 0.393036214003236 0.399897159837376 0.655211683606598 0.660979358962237
-9999 -9999 -9999 -9999 -9999 -9999 -9999 -9999 -9999 -9999 -9999 -9999 -9999 -9999 -9999 -9999 -9999 -9999 -9999 0.0481592720927621 0.050223057201636 0.0481827459385238 0.0481547341799131 0.0552163477777324 0.0567286750714189 0.049228682124216 0.0491887890773975 0.0481252380890241 0.0493042156951981 0.0506930613718182 0.048597918320804 0.056922988252362 0.198480337440431 0.115308269200225 0.295778891812476 0.165575833394308 0.351351214891209 0.651523689937672 0.2319757801284 0.639660418459588 0.478466830493806 0.696229301563962 0.635384116446769 0.216486504075673 0.527212843342957 0.492911682304664 0.121349392744297 0.167505162324965
-9999 -9999 -9999 -9999 -9999 -9999 -9999 -9999 -9999 -9999 -9999 -9999 -9999 -9999 -9999 -9999 -9999 -9999 -9999 0.048183746128532 0.0481885499956281 0.0481452712899238 0.0568189683154713 0.0561699211306097 0.137339048972697 0.0577991516557903 0.0571240825931714 0.0485925180327423 0.051655493276729 0.0489634716674146 0.0764407629844981 0.0562304101577567 0.196242277153418 0.300901269342354 0.619396828277769 0.366114148926762 0.37187433689927 0.241101142897824 0.123950078118819 0.128124753445832 0.116346590041504 0.141850005270732 0.189104908120038 0.186973583766493 0.0561881383786483 0.0544755664865251 0.0537406247156469 -9999
-9999 -9999 -9999 -9999 -9999 -9999 -9999 -9999 -9999 -9999 -9999 -9999 -9999 -9999 -9999 -9999 -9999 -9999 -9999 0.0584224858316226 0.050604208218307 0.0491221100554656 0.0492827136541341 0.120982903142325 0.185552728270336 0.160344616985235 0.176566819639428 0.0475200166936138 0.0801653724383644 0.0947246926112173 0.0939169769230021 0.0568984773012347 0.161633816896038 0.537009637451958 0.351735613842356 0.231325651615732 0.0484636233756949 0.0474434431981355 0.0475818725615293 0.0475790602845374 0.0488823567807181 0.0441520911467524 0.0479084434030381 0.0467095768546296 0.0467288729023539 -9999 -9999 -9999
-9999 -9999 -9999 -9999 -9999 -9999 -9999 -9999 -9999 -9999 -9999 -9999 -9999 -9999 -9999 -9999 -9999 -9999 -9999 0.058114498312906 0.0486005370989799 0.0484396892886579 0.0492926459026166 0.049296689729521 0.0568937338482324 0.0962995675760969 0.0966713740297144 0.129611964304687 0.148083656213011 0.251574793118762 0.133551005700993 0.266359981820456 0.270120518739563 0.505234070162265 0.381506116824463 0.112958137857043 0.047989897149176 0.0481841701707869 0.0536788014046816 0.185610321733582 0.0954828599737791 0.0572253137251223 0.0468307592153773 0.0441275084529858 0.0441275084529858 0.0466961516410092 -9999 -9999
-9999 -9999 -9999 -9999 -9999 -9999 -9999 -9999 -9999 -9999 -9999 -9999 -9999 -9999 -9999 -9999 -9999 -9999 0.0589691934919502 0.0521660508479052 0.0458994691527015 0.0481912561538518 0.0481242938810761 0.0481276779669611 0.0492646476682675 0.0554658654780334 0.0673033647498282 0.156385925925277 0.124465198804106 0.240001503406689 0.076318839627893 0.101130337936518 0.229991856648424 0.16705971946537 0.264323747703044 0.517881922669203 0.0493111765904931 0.132506464055158 -9999 -9999 0.25735858297011 0.0703362400236129 0.0570326964944967 0.0561671091859975 0.0480684221990632 0.046775384675705 -9999 -9999
-9999 -9999 -9999 -9999 -9999 -9999 -9999 -9999 -9999 -9999 -9999 -9999 -9999 -9999 -9999 -9999 -9999 -9999 0.130690549816154 0.101001853288806 0.050257067810529 0.048110181841784 0.048168542219081 0.0481239413749683 0.048152286386063 0.05726634961864 0.119873662226834 0.139296117526903 0.128829665425272 0.0485841291868849 0.0486170803630834 0.0893727360498756 0.113983344376724 0.259861041499333 0.403993961327039 0.309676742693213 -9999 -9999 -9999 -9999 -9999 -9999 0.0577931381928097 0.0571213596149657 0.0495608197791127 0.0488974448186428 0.0480254762117065 -9999
-9999 -9999 -9999 0.162147994983624 0.231076131734321 0.204588455528271 0.190947152669729 0.113755961262237 0.138566064980716 0.133579645344799 0.122049097407217 0.0635727235913238 0.13443252921235 0.159472097654822 0.117275188246479 0.271547095181326 0.220981698203495 0.176832410974195 0.130531609401083 0.116384161071846 0.0565308625165289 0.059071344882389 0.0481704079717168 0.0489336793530839 0.0481591191757814 0.0584450309713344 0.0492204470157338 0.0485113748334825 -9999 -9999 -9999 -9999 0.0534999712660369 0.0686657868267745 -9999 -9999 -9999 -9999 -9999 -9999 -9999 -9999 0.0513513146795914 0.0481668600400702 0.0480420299871497 0.0484117408244289 0.0555094549927944 0.0475305239199578
-9999 -9999 -9999 0.199327949164533 0.237295747711569 0.120079132534866 0.107664511877116 0.218179348693097 0.245777058173086 0.116496868601035 0.269072840394585 0.142168911085549 0.0924717662810161 0.0930278466173116 0.0910299887401364 0.0933058096649728 0.210236492108767 0.118458121117734 0.106805009432842 0.0908685557027718 0.117003432148322 0.112924435242407 0.0798429825679588 0.0861019916149028 0.0657381305733912 0.0635822126334568 0.0491550541368554 -9999 -9999 -9999 -9999 -9999 -9999 -9999 -9999 -9999 -9999 -9999 -9999 -9999 -9999 -9999 -9999 0.0481535211560672 0.0481389723568466 0.0480676786255254 0.0504988969581987 0.0488004648601217
-9999 -9999 -9999 -9999 0.307821228283621 0.209618951820364 0.249914481384182 0.215571726391873 0.0991662486373779 0.145269160239329 0.13067610357114 0.129296244929062 0.130058104658655 0.132917790882688 0.0805446762123746 0.115782011198555 0.0921320408476309 0.129242412613614 0.0560409502771793 0.0576903205077344 0.092708988766241 0.0640630865768338 0.0576774997243978 0.0527417112715487 0.104881303454381 0.162704267373808 0.115118929226026 0.111923180270522 -9999 -9999 -9999 -9999 -9999 -9999 -9999 -9999 -9999 -9999 -9999 -9999 -9999 -9999 -9999 -9999 0.0570184503936098 0.0583926647779469 0.0571695156150584 0.12137859908894
-9999 -9999 -9999 0.143079358015274 0.163833473871488 0.145570233707797 0.0983014735889031 0.0984416898117295 0.1475317772815 0.129763522119169 0.129828728016033 0.12857161917859 0.13018606623249 0.128926199916716 0.0996699076506301 0.100827962635703 0.134956487792783 0.137408997563936 0.11078205463244 0.112917884100937 0.124905474831573 0.126366785318867 0.130664505728815 0.133972690240558 0.106101513095053 0.0824127626628261 0.0914494334991006 -9999 -9999 -9999 -9999 -9999 -9999 -9999 -9999 -9999 -9999 -9999 -9999 -9999 -9999 -9999 -9999 -9999 -9999 -9999 0.0584153118996757 0.0963707655588949
-9999 -9999 -9999 -9999 0.127523973679777 0.154968908441132 0.115024938847907 0.123677820657014 0.144969952461176 0.133258174568372 0.128849441768025 0.128295599127031 0.136266193151027 0.141998748938518 0.0928928860439913 0.0996588045755877 0.0941559862963626 0.0950684215471062 0.132850246065577 0.111430488490687 0.108480251328562 0.0882581883061847 0.139373769133142 0.125954311242206 0.11236372595407 -9999 -9999 -9999 -9999 -9999 -9999 -9999 -9999 -9999 -9999 -9999 -9999 -9999 -9999 -9999 -9999 -9999 -9999 -9999 -9999 -9999 -9999 -9999
-9999 -9999 -9999 -9999 0.122512501942532 0.118292970394005 0.114946257824767 0.156431748897701 0.151455356288261 0.155858768699623 0.155715324324663 0.150966007640691 0.159518247329211 0.154056936483057 0.142529099111707 0.134624611958845 0.074368249110398 0.0936256528248371 0.136019742522056 0.0967477348442387 0.142292469210743 0.13976935786974 0.111087375130408 -9999 -9999 -9999 -9999 -9999 -9999 -9999 -9999 -9999 -9999 -9999 -9999 -9999 -9999 0.0490837916165422 0.0481179440907005 0.0514436562085796 -9999 -9999 -9999 -9999 -9999 -9999 -9999 -9999
-9999 -9999 -9999 0.0990473104514764 0.148474656711934 0.0866695072448953 0.117093256918402 0.150143066021477 0.150279347549335 0.150208469110963 0.0968548256347078 0.154456086212371 0.140692402039766 0.109962988675364 0.144784052753011 0.130994445074872 0.136773759312157 0.0667873862790662 0.15411248574559 0.0758364854141378 0.150916197909093 0.127056644856825 -9999 -9999 -9999 -9999 -9999 -9999 -9999 -9999 -9999 -9999 -9999 -9999 -9999 -9999 -9999 -9999 0.0481234972219772 0.0584630658631897 -9999 -9999 -9999 -9999 -9999 -9999 -9999 -9999
