Scripts_&_data/BRT_projection_files/BRT_SCV2/B_barbutellus_2_projection.asc
NCOLS 79 
NROWS 71 
XLLCORNER -10.5 
YLLCORNER 36 
CELLSIZE 0.5 
NODATA_value -9999 
[rows 44 to 65 of 71, columns 0 to 48 of 79]
-9999 -9999 -9999 -9999 -9999 -9999 -9999 -9999 -9999 -9999 -9999 -9999 -9999 -9999 -9999 -9999 -9999 -9999 0.200261548365482 0.276909085730019 0.224205011790058 0.283449901416949 0.257643982182769 0.227789069239969 0.157228673151087 0.186769355305184 0.186663154017686 0.247305445962048 0.217281401944965 0.232656651112692 0.276802219404849 0.277312427463005 0.266351774744378 0.28798670489812 0.228859303972246 0.234082699438896 0.242554950726461 0.225822275611149 0.228376937884437 0.233622145916519 0.25624260053878 0.273736166948436 0.264628933705637 0.242955063637494 0.234232884318903 0.236871342344088 0.234781318648313 0.238966662798874 0.281063491644141
-9999 -9999 -9999 -9999 -9999 -9999 -9999 -9999 -9999 -9999 -9999 -9999 -9999 -9999 0.197982917722488 -9999 -9999 -9999 0.284621756562822 0.30349793768654 0.298873381404351 0.295982222828694 0.262002397990312 0.206715940785971 0.186878004579205 0.194286398236436 0.191327432316875 0.156950283788488 0.21090999523614 0.226398022605487 0.257416284046075 0.27711951901958 0.273077674481287 0.26501885115854 0.265317735491507 0.231605173185255 0.234087688259939 0.233961553866292 0.239775042524018 0.244835390952169 0.238865557675619 0.239219232671467 0.254230568801533 0.250905744600217 0.251527107873426 0.254313535516701 0.252960807322298 0.253551476674178 0.23371343777919
-9999 -9999 -9999 -9999 -9999 -9999 -9999 -9999 -9999 -9999 -9999 -9999 0.269908646203038 0.27010299233896 0.26520853993549 0.217450837625612 0.157003575337631 0.158623453489566 0.183042647683391 0.218344427505914 0.273658913847162 0.225638297903702 0.269978068932929 0.213322386377833 0.156942220761009 0.156943464135708 0.187821024852264 0.183161099171171 0.179192834987602 0.242355247405831 0.235774777348346 0.276761648780894 0.27573277117279 0.23827956219649 0.234325964618025 0.23763071944043 0.226419130721899 0.257539312915338 0.273626879280867 0.238116602921097 0.271953302485668 0.259273039732628 0.265018204436695 0.266370074985792 0.271841604051183 0.274996750116702 0.286434010772965 0.290051611442521 0.282487224719509
-9999 -9999 -9999 -9999 -9999 -9999 -9999 -9999 -9999 -9999 -9999 -9999 -9999 -9999 0.200092559995029 0.19095274328475 0.188998532642657 0.157334390659037 0.157980073851999 0.156976268218752 0.188314056636805 0.199180845193092 0.188018695631859 0.185842899519763 0.190029440904445 0.189712718340035 0.186752637587012 0.186447406377078 0.242730849827484 0.241134209809881 0.230903191520007 0.281041598162575 0.290731203331882 0.267854711379293 0.25025225173465 0.294622855471899 0.269884808964282 0.253859948631285 0.294829897405041 0.330260289825819 0.293238166657344 0.282328079812848 0.279840965794713 0.250035403769033 0.25054712471087 0.271388406986906 0.261023706643475 0.291504204927521 0.255724429350213
-9999 -9999 -9999 -9999 -9999 -9999 -9999 -9999 -9999 -9999 -9999 -9999 -9999 -9999 -9999 -9999 -9999 0.196815755512684 0.190345313062379 0.191290167910394 0.158274828791792 0.185580154663964 0.190664448501475 0.187150504744022 0.185998213160531 0.189706489196329 0.188384843990922 0.228789403525496 0.234334282151825 0.241272785670972 0.243719017935063 0.250580280801427 0.263824238126113 0.246364301201663 0.25485672235845 0.290193589755336 0.353382832881655 0.326496523478461 0.316967277054486 0.279191658644898 0.316277820341766 0.257270078052906 0.271896456921843 0.286628810479884 0.270026182299674 0.27145249712562 0.277465942080381 0.260227054483526 0.270103883552552
-9999 -9999 -9999 -9999 -9999 -9999 -9999 -9999 -9999 -9999 -9999 -9999 -9999 -9999 -9999 -9999 -9999 0.187843176673578 0.156922921870331 0.157301398853961 0.157044306799459 0.157545585373555 0.15701928608933 0.188134502581954 0.157276330178489 0.188139075207078 0.1945268921306 0.196420058584538 0.250115544000828 0.287548502412648 0.237428954578785 0.194969343512565 0.276930725683251 0.247548718239507 0.308994943175362 0.30037595756699 0.292749066809655 0.254190311868365 0.257286468763535 0.248779810900095 0.252036254332382 0.256546218156139 0.254062939131081 0.252725225689115 0.246069902019449 0.253156951869526 0.256263038771617 0.268779281212716 0.251674086102061
-9999 -9999 -9999 -9999 -9999 -9999 -9999 -9999 -9999 -9999 -9999 -9999 -9999 -9999 -9999 -9999 -9999 -9999 -9999 0.156972166056786 0.157536992336576 0.156937049184564 0.189392985574942 0.227651807151271 0.252025248561034 0.268663233308892 0.268916754136042 0.265911082986736 0.263735208684302 0.250518996617593 0.245241404840268 0.21986469089288 0.247569287474399 0.325125329505351 0.253434157942721 0.25791917153541 0.25007773792174 0.256182874720183 0.236568618089484 0.253619024286363 0.260274752622531 0.250493260063857 0.232156913646218 0.24943757860127 0.232435466456711 0.232126190337668 0.250412449997218 0.26086583771877 0.237910335565943
-9999 -9999 -9999 -9999 -9999 -9999 -9999 -9999 -9999 -9999 -9999 -9999 -9999 -9999 -9999 -9999 -9999 -9999 -9999 0.184645189757444 0.156972166056786 0.187925649644582 0.196396230066884 0.213365988208347 0.265538152264198 0.235506562535418 0.234711607352159 0.238047793753392 0.23410701879237 0.295687140048118 0.273156109598001 0.191167864895295 0.26862499565887 0.243602771695459 0.235306769686002 0.252626060543837 0.254706774373613 0.278768168074616 0.202219155703761 0.200663900374262 0.304465624662702 0.270461962164452 0.253717066937672 0.259750478946349 0.317419934396925 0.161697500972287 0.158800018417521 -9999 0.197902784485757
-9999 -9999 -9999 -9999 -9999 -9999 -9999 -9999 -9999 -9999 -9999 -9999 -9999 -9999 -9999 -9999 -9999 -9999 -9999 0.197443278247965 0.187996352240693 0.19696127358001 0.192156003345263 0.195930900789775 0.194362410736803 0.280449813909438 0.253234052879871 0.252892750458898 0.251389122856578 0.25816384823185 0.197851207123045 0.192077346088108 0.279381989349634 0.239705891095182 0.231919517126186 0.238898113040065 0.207498268404707 0.157809456200328 0.158035679624213 0.161184166013861 0.15757693561935 0.157938026817202 0.157914860134929 0.157891037115893 0.159994995123672 -9999 -9999 -9999 0.195274262643552
-9999 -9999 -9999 -9999 -9999 -9999 -9999 -9999 -9999 -9999 -9999 -9999 -9999 -9999 -9999 -9999 -9999 -9999 -9999 0.191664317087176 0.195603279699586 0.198545427813284 0.192835212969128 0.19101594053465 0.194879148068772 0.271775634884301 0.261510708044516 0.265442461862407 0.250393153624531 0.256105270980598 0.195016031617098 0.246589578610399 0.244348638931121 0.237066407391477 0.23855000387997 0.278552926908624 0.157646075312244 0.187859534855067 0.189054123854321 0.279264928250385 0.198364497845254 0.187000692673141 0.160319408560677 0.158095975898729 0.159131703549982 0.206026114003091 -9999 -9999 -9999
-9999 -9999 -9999 -9999 -9999 -9999 -9999 -9999 -9999 -9999 -9999 -9999 -9999 -9999 -9999 -9999 -9999 -9999 0.188215790399997 0.19127267550488 0.19159175509389 0.192257386963655 0.188449029368771 0.188302857728929 0.199189446315009 0.195948733311511 0.304668178721132 0.27856685534968 0.201394078656012 0.194670816294305 0.194947473463533 0.266199015924338 0.263744564994046 0.251814003531809 0.199860337500283 0.240426836791822 0.233189960251768 0.200042082944687 -9999 -9999 0.200183859706393 0.228598635657295 0.23434828129317 0.228596781741901 0.186516916020938 0.190753660721161 -9999 -9999 -9999
-9999 -9999 -9999 -9999 -9999 -9999 -9999 -9999 -9999 -9999 -9999 -9999 -9999 -9999 -9999 -9999 -9999 -9999 0.195955323559444 0.199379065137058 0.189128112485156 0.157185211133862 0.157437417692442 0.196770313900145 0.157295151017899 0.187855144450732 0.195146655458257 0.197005955312116 0.196648177407431 0.190901149830239 0.191236368673917 0.197450650328616 0.193556798620314 0.19437816749056 0.199960186964342 0.203498458360179 -9999 -9999 -9999 -9999 -9999 -9999 0.204618122731657 0.191130948219424 0.233303989700288 0.230537383977605 0.188703289270723 -9999 -9999
-9999 -9999 -9999 0.199327122021156 0.206115184330831 0.1941487087046 0.199523787323539 0.215392094742736 0.277084120518011 0.29869175905533 0.280573519222412 0.273687896070181 0.212244656314543 0.211353514139703 0.216369074170334 0.202534948338306 0.19830532101439 0.20801551719547 0.19648088458352 0.195926990608505 0.191586016456431 0.193382410909034 0.188128898788568 0.192898945252701 0.187580975530835 0.191518747880939 0.190413288163032 0.195045740886471 -9999 -9999 -9999 -9999 0.201093282089635 0.201920702065069 -9999 -9999 -9999 -9999 -9999 -9999 -9999 -9999 0.19065293386942 0.18951218526095 0.186905614584517 0.197014340068148 0.227799812958409 0.18868051347091 0.199555437618716
-9999 -9999 -9999 0.204234667784632 0.194302623663452 0.196394554906651 0.261937483300789 0.289193335509355 0.253449425587732 0.286588364466893 0.272768874213952 0.258196995684598 0.304401587704979 0.295342023637638 0.299438423605024 0.285868645356535 0.278641834026524 0.2006351237066 0.194242762769277 0.214288850990895 0.273717326420439 0.209738024954884 0.270396686098569 0.211919000671158 0.242555847098449 0.238579990547222 0.19058758550593 -9999 -9999 -9999 -9999 -9999 -9999 -9999 -9999 -9999 -9999 -9999 -9999 -9999 -9999 -9999 -9999 0.186586835820453 0.195774062254608 0.18512567717352 0.189551041230819 0.24256782784091 0.187028484504634
-9999 -9999 -9999 -9999 0.199302543463317 0.198504970784245 0.258863483247726 0.224150732954001 0.271056208128706 0.207573287005803 0.197224876506455 0.158964606644937 0.158984226391903 0.232152856154419 0.235828017184019 0.269556499428218 0.280348846886218 0.202324881839052 0.194631992751836 0.175973209232259 0.198227361609468 0.194379917232452 0.237215641970724 0.234528485287551 0.24916582168235 0.26844763848924 0.200160272207552 0.206712886801662 -9999 -9999 -9999 -9999 -9999 -9999 -9999 -9999 -9999 -9999 -9999 -9999 -9999 -9999 -9999 -9999 0.198209448931652 0.18892162394554 0.19093467033055 0.255018840315273 0.230784548848202
-9999 -9999 -9999 0.195442995851422 0.199348005523964 0.273279023851973 0.19545491562317 0.195504137739075 0.180308079732628 0.201290956462453 0.159111644000547 0.161571393777168 0.159090031449616 0.201225896667968 0.179943714026988 0.201074233048792 0.291063980668487 0.212198894528665 0.199653352335306 0.205165355955245 0.199147169103834 0.198584725962493 0.210568866676882 0.211473256937663 0.209859229623738 0.198790303057063 0.204849991262008 -9999 -9999 -9999 -9999 -9999 -9999 -9999 -9999 -9999 -9999 -9999 -9999 -9999 -9999 -9999 -9999 -9999 -9999 -9999 0.207370066440642 0.199631471847318 0.195936407101561
-9999 -9999 -9999 -9999 0.200442849468361 0.194459182862357 0.201895069413165 0.20134827968692 0.198809829915088 0.202082762021358 0.159134934502964 0.163115598041264 0.198970426281778 0.286585605707155 0.238620400176718 0.18343929150324 0.238840627861289 0.244543501857773 0.208996074910485 0.199118741656365 0.202079860426586 0.182837882471737 0.212251236924323 0.208832315516422 0.211092806467531 -9999 -9999 -9999 -9999 -9999 -9999 -9999 -9999 -9999 -9999 -9999 -9999 -9999 -9999 -9999 -9999 -9999 -9999 -9999 -9999 -9999 -9999 -9999 0.195978937619511
-9999 -9999 -9999 -9999 0.205571729486008 0.194314429127814 0.201928650148185 0.211028035739548 0.201162832455717 0.21530450471895 0.211788403795627 0.212616936972654 0.312169794712958 0.210668525945047 0.211822958977748 0.208440003666111 0.221455236164371 0.247424531930822 0.306865776123061 0.24572377235385 0.186869084770929 0.211196098051664 0.20729656494315 -9999 -9999 -9999 -9999 -9999 -9999 -9999 -9999 -9999 -9999 -9999 -9999 -9999 -9999 0.193949307820649 0.199965486068967 0.191422910192423 -9999 -9999 -9999 -9999 -9999 -9999 -9999 -9999 -9999
-9999 -9999 -9999 0.194441742832194 0.196212376967525 0.220146666072256 0.209520019556122 0.206114469688045 0.208927848423837 0.208757199031249 0.18417399280983 0.208704731681641 0.203235311729332 0.221044010912185 0.216537235073576 0.201309990803443 0.203532402440164 0.228451683673935 0.302425188389319 0.246896324977282 0.212175634738045 0.206394777125571 -9999 -9999 -9999 -9999 -9999 -9999 -9999 -9999 -9999 -9999 -9999 -9999 -9999 -9999 -9999 -9999 0.198572194055391 0.191018264865848 -9999 -9999 -9999 -9999 -9999 -9999 -9999 -9999 -9999
-9999 -9999 -9999 0.202860378926173 0.202786147392578 0.207800921025042 0.20457825902739 0.204912097740595 0.203575945180263 0.203491477311493 0.204239910959844 0.195849521564227 0.163229126673282 0.162652766538303 0.159806189260536 0.159113574424204 0.179077681190175 0.185299499726312 0.212609859812396 0.215010989965406 0.211791495151498 -9999 -9999 -9999 -9999 -9999 -9999 -9999 -9999 -9999 -9999 -9999 -9999 -9999 -9999 -9999 -9999 -9999 0.187853442430713 0.191567953606287 -9999 -9999 -9999 -9999 -9999 -9999 -9999 -9999 -9999
-9999 -9999 0.197208603497262 0.205251487393569 0.204039587096891 0.204795082571702 0.202947942080635 0.208916319074084 0.209410070914828 0.207884065100725 0.202252490201275 0.178071530117092 0.188551190830862 0.1993424484792 0.159559608822062 0.159508438193641 0.159721093330773 0.159538528587623 0.214940384566589 0.214074209242239 -9999 -9999 -9999 -9999 -9999 -9999 -9999 -9999 -9999 -9999 -9999 -9999 -9999 -9999 -9999 -9999 -9999 -9999 0.198340597428326 0.19292598270475 -9999 -9999 -9999 -9999 -9999 -9999 -9999 -9999 -9999
-9999 -9999 0.202824529163318 0.207505334272189 0.207350072122578 0.207150132506974 0.2000621148396 0.201352162007646 0.208022685694264 0.21345353018913 0.21346606974778 0.177653641052118 0.202137942538056 0.19921637735733 0.159716666463659 0.201434130771806 0.183321637741231 0.163143971503204 0.199431611621955 0.162890550428509 0.16426665720978 -9999 -9999 -9999 -9999 -9999 -9999 -9999 -9999 -9999 -9999 -9999 -9999 -9999 -9999 -9999 -9999 -9999 -9999 -9999 -9999 -9999 -9999 -9999 -9999 -9999 -9999 -9999 -9999
