Scripts_&_data/BRT_projection_files/BRT_SCV2/B_barbutellus_1_projection.asc
NCOLS 79 
NROWS 71 
XLLCORNER -10.5 
YLLCORNER 36 
CELLSIZE 0.5 
NODATA_value -9999 
[rows 44 to 65 of 71, columns 0 to 48 of 79]
-9999 -9999 -9999 -9999 -9999 -9999 -9999 -9999 -9999 -9999 -9999 -9999 -9999 -9999 -9999 -9999 -9999 -9999 0.261606162716811 0.281466598230418 0.28965255809705 0.340851946562953 0.286706515124218 0.328322738242614 0.245578839420985 0.298388307993328 0.2669718390512 0.281558639729869 0.340523463348042 0.457060525099956 0.367950426253509 0.42323332947577 0.534831953895852 0.627358287682159 0.660999740377867 0.662655687576256 0.477477474859273 0.658778988877427 0.660806396396541 0.585636920940624 0.482724128852521 0.469767132178807 0.512805432773948 0.581644756163712 0.445603141447588 0.510465664364589 0.515773149819411 0.519436168464274 0.381711591062315
-9999 -9999 -9999 -9999 -9999 -9999 -9999 -9999 -9999 -9999 -9999 -9999 -9999 -9999 0.248952829607835 -9999 -9999 -9999 0.308600193212569 0.504575522518841 0.380737044826117 0.381471520242917 0.343354647865301 0.246768491337356 0.30006051563746 0.256267716981344 0.330243207473939 0.245793325464063 0.249416929303793 0.268732590865831 0.251359803778281 0.467081973112295 0.393604342061742 0.618662256208925 0.4746961103982 0.577236674732761 0.657787698329091 0.592789978080423 0.587791842452799 0.445272900740803 0.535596857817795 0.550244036137176 0.448298655727331 0.534538635041856 0.454422385586428 0.507154987117295 0.461528674355097 0.553543014282321 0.536182696334865
-9999 -9999 -9999 -9999 -9999 -9999 -9999 -9999 -9999 -9999 -9999 -9999 0.31261536496432 0.300916865226071 0.265436511700662 0.277718295292905 0.240485155039154 0.280347626613871 0.311507229620043 0.300265784888528 0.422454540990586 0.297281772567668 0.337691716892931 0.257638475794832 0.235743124116433 0.226883578669374 0.242193749608068 0.235475164022963 0.244619128141553 0.244376383409204 0.281612547602276 0.428235630354246 0.470763873465072 0.596695990351662 0.532115319331606 0.423800727739013 0.624544931444392 0.553932725189704 0.567728273936962 0.545318239479965 0.547212225974273 0.550634706814357 0.554727687511487 0.595422138313202 0.591637399765162 0.508757678531611 0.541626308492173 0.537212584912825 0.515680765709523
-9999 -9999 -9999 -9999 -9999 -9999 -9999 -9999 -9999 -9999 -9999 -9999 -9999 -9999 0.305073363483505 0.279715059968993 0.255505337999703 0.240739814778218 0.242786743882175 0.236984238166863 0.242963241571644 0.295710004360015 0.248112345434514 0.242679223035113 0.278627580217034 0.245634980370375 0.24169776963954 0.237712683287085 0.245101245841068 0.363167309837402 0.448850488721645 0.450398145025468 0.476754891150043 0.525908045997463 0.430968050749144 0.596401003285564 0.577779720222726 0.56332252666566 0.549094014630478 0.567079277790802 0.547671802334044 0.535890279123309 0.53894800875645 0.566901813418426 0.582764110172958 0.577264341449553 0.608707531270656 0.607414358858641 0.575986863251402
-9999 -9999 -9999 -9999 -9999 -9999 -9999 -9999 -9999 -9999 -9999 -9999 -9999 -9999 -9999 -9999 -9999 0.314586574917383 0.277919947438477 0.281478493497848 0.253877498387787 0.236168720137455 0.268445851732967 0.241467165173259 0.235635364356446 0.257126093284488 0.237355350993623 0.281345546923051 0.479763881147254 0.508261724351484 0.413966474676282 0.302032962842162 0.522831260359217 0.524053488807721 0.553842650404562 0.519960936484828 0.569712721488286 0.556297979189617 0.595658656683966 0.547685874253826 0.569431783566853 0.537445804552224 0.592744122570802 0.604615832117213 0.56374649496474 0.556340013007397 0.55059247597438 0.587271565774673 0.599982492203648
-9999 -9999 -9999 -9999 -9999 -9999 -9999 -9999 -9999 -9999 -9999 -9999 -9999 -9999 -9999 -9999 -9999 0.250681178314788 0.243459304375374 0.24212593786802 0.236957280018587 0.264415247587077 0.2365458850125 0.241838065156057 0.240852143410345 0.242668717853935 0.250565836153174 0.286303295232032 0.335715975661591 0.57515863714496 0.32412947378009 0.326567068521204 0.521218444220269 0.554071973128753 0.515408478498903 0.535808709491762 0.588152426191009 0.556769183100268 0.537660923458249 0.5339814726675 0.532099455538642 0.407904135264949 0.431465940396019 0.494336314721132 0.448591080403241 0.57136884092557 0.595996402842988 0.59832994205421 0.576194321473084
-9999 -9999 -9999 -9999 -9999 -9999 -9999 -9999 -9999 -9999 -9999 -9999 -9999 -9999 -9999 -9999 -9999 -9999 -9999 0.239539076655424 0.265313746874228 0.236021204827236 0.241320877136145 0.297474617404313 0.504456387545284 0.42473630135818 0.433004738495085 0.520256367323413 0.449969962438953 0.596059965780559 0.411272403912669 0.339284186119709 0.529422017140572 0.578020895773158 0.565643412926287 0.54781752782447 0.552385134382831 0.588910832145701 0.571273086020615 0.563060058946926 0.540422887347278 0.579869222634069 0.57800140839129 0.567760356931849 0.568453235596509 0.569857967235999 0.517265174359636 0.465485762274795 0.1069900719102
-9999 -9999 -9999 -9999 -9999 -9999 -9999 -9999 -9999 -9999 -9999 -9999 -9999 -9999 -9999 -9999 -9999 -9999 -9999 0.273813481328372 0.244879657337847 0.27164145416098 0.311881828769877 0.33700245924122 0.547766303296405 0.476559062451191 0.495732159821802 0.623449315838009 0.459781606046311 0.578840275540715 0.37794700213733 0.320597471217435 0.599069199650284 0.549051302120629 0.590934684345944 0.454633696405211 0.411107461507777 0.616142265199994 0.292171836481717 0.27492593681495 0.667700783743383 0.579297951493637 0.552021615467278 0.550735808611412 0.635179200896854 0.238768128731859 0.156832765729079 -9999 0.303708628174274
-9999 -9999 -9999 -9999 -9999 -9999 -9999 -9999 -9999 -9999 -9999 -9999 -9999 -9999 -9999 -9999 -9999 -9999 -9999 0.298951861913963 0.27055920842064 0.253932767395924 0.274744833314582 0.314353163222364 0.335239500563619 0.535731736260663 0.545963445046898 0.399463840382159 0.432994251381523 0.567336845716897 0.325743033914858 0.32729665869191 0.622461945346792 0.587824517575452 0.449511404191001 0.563219756921049 0.332092376909737 0.228508336129173 0.16021551544692 0.163945766557341 0.226607997976225 0.152134994043164 0.168124139316798 0.208155117602341 0.234651448147218 -9999 -9999 -9999 0.243920082698326
-9999 -9999 -9999 -9999 -9999 -9999 -9999 -9999 -9999 -9999 -9999 -9999 -9999 -9999 -9999 -9999 -9999 -9999 -9999 0.278068283894742 0.309214361742318 0.264712473652315 0.26193350435564 0.264263995976157 0.316105356254863 0.52854683516721 0.51195367636986 0.509593534697227 0.547640741923098 0.53249030666174 0.323732492085805 0.540731522067195 0.575041405546851 0.590704511400133 0.462235122728304 0.487972161032392 0.29613262709519 0.252284104071689 0.257195196689816 0.522326722944695 0.301177104080612 0.29382399312738 0.270641242910191 0.160410880804361 0.14176763177584 0.14265556681394 -9999 -9999 -9999
-9999 -9999 -9999 -9999 -9999 -9999 -9999 -9999 -9999 -9999 -9999 -9999 -9999 -9999 -9999 -9999 -9999 -9999 0.13033643703462 0.302246561307347 0.247154173284637 0.24331591153971 0.276156565024216 0.246131632372174 0.271969530510066 0.273412962708992 0.462790884745704 0.550882666606874 0.53411472264816 0.32648548885848 0.291375487622476 0.490214534248377 0.522080605134113 0.494520265240254 0.555171625093306 0.545543589750393 0.440619396470046 0.288152049869685 -9999 -9999 0.21111359392322 0.519508053657042 0.517847573907462 0.625905916202342 0.273455672204155 0.228125767554688 -9999 -9999 -9999
-9999 -9999 -9999 -9999 -9999 -9999 -9999 -9999 -9999 -9999 -9999 -9999 -9999 -9999 -9999 -9999 -9999 -9999 0.304498261743424 0.3073553750462 0.270115862009805 0.240677196768002 0.234713698725282 0.297173571194897 0.267123058011044 0.309566052574756 0.359745855866574 0.349772466696127 0.313387375498257 0.279322083034713 0.311650268599001 0.322899037772302 0.296958334918793 0.323948613809423 0.314000483598351 0.297699323345678 -9999 -9999 -9999 -9999 -9999 -9999 0.30027892283051 0.32492459847857 0.469104833911703 0.423753002668283 0.281335491532389 -9999 -9999
-9999 -9999 -9999 0.195074035959772 0.304001455174077 0.296504424148387 0.203376191094147 0.261239520351053 0.501871973207256 0.626951586949149 0.384155942708422 0.290212301743137 0.289681945556829 0.301169383624126 0.296565693046164 0.304067394043643 0.281290517865989 0.247974974175405 0.29538432452613 0.323251896230101 0.306849095408051 0.30486548070108 0.263675542362989 0.260264358141119 0.252429267683355 0.303268617828594 0.260206203347543 0.271625634352783 -9999 -9999 -9999 -9999 0.250776775680318 0.272799008922902 -9999 -9999 -9999 -9999 -9999 -9999 -9999 -9999 0.278061208073216 0.240630730302517 0.259938507024944 0.260905640039364 0.30527242997649 0.260508099347253 0.137915864534347
-9999 -9999 -9999 0.280475529247675 0.258727390542308 0.291369800732497 0.260793145972028 0.268410596705687 0.372013263577757 0.451315215651067 0.392395901420247 0.43115073399295 0.317904081418981 0.337292323780793 0.294844699283833 0.353433906436137 0.427099673322502 0.289792975333622 0.396852824888463 0.438732979819293 0.540004475743215 0.53193239671005 0.520931459620034 0.484788345666453 0.488582624583142 0.481996599000929 0.275297423804665 -9999 -9999 -9999 -9999 -9999 -9999 -9999 -9999 -9999 -9999 -9999 -9999 -9999 -9999 -9999 -9999 0.23058627585806 0.23269750173276 0.244381917747325 0.28987573365633 0.430440697582814 0.242321784601145
-9999 -9999 -9999 -9999 0.258050218033551 0.303092059480578 0.388844805922995 0.393570509930077 0.3470838708474 0.228013589894175 0.230266733030414 0.231131852687685 0.229730051728688 0.309460014825021 0.394334732862366 0.394943062657462 0.301504666161961 0.228328693295436 0.215370784793821 0.214242503586696 0.308079252176462 0.252256683277347 0.345920223878517 0.244765726915221 0.355098763251305 0.487929623384913 0.279643835603313 0.22893733202277 -9999 -9999 -9999 -9999 -9999 -9999 -9999 -9999 -9999 -9999 -9999 -9999 -9999 -9999 -9999 -9999 0.258319933168315 0.285678010712211 0.283871253049232 0.512853016146434 0.463428777131116
-9999 -9999 -9999 0.237260834668068 0.235640787302571 0.216854779275803 0.252126313311793 0.253098732940951 0.233393836039765 0.230383956016584 0.230424707342896 0.256161733399778 0.23675158732045 0.239651364455903 0.237419831335033 0.269273430508051 0.262452350762036 0.242246960786499 0.227137118405767 0.287466285966394 0.226788944511851 0.22749502514767 0.240507685286687 0.231634306479474 0.293771493201662 0.252919519375756 0.212787513875902 -9999 -9999 -9999 -9999 -9999 -9999 -9999 -9999 -9999 -9999 -9999 -9999 -9999 -9999 -9999 -9999 -9999 -9999 -9999 0.302070556293683 0.297491147579481 0.305853140616641
-9999 -9999 -9999 -9999 0.293648749920025 0.222618907744565 0.247501518018588 0.256276190538044 0.239381111791083 0.231434119982497 0.229765976957118 0.229698806209074 0.226208079372397 0.26802058018456 0.266905210329242 0.238843767589588 0.264914402053543 0.273063965383629 0.235488332870479 0.225680315815386 0.221209648502078 0.226535584210194 0.229634859275642 0.235125057281519 0.279032108414045 -9999 -9999 -9999 -9999 -9999 -9999 -9999 -9999 -9999 -9999 -9999 -9999 -9999 -9999 -9999 -9999 -9999 -9999 -9999 -9999 -9999 -9999 -9999 0.292290318953362
-9999 -9999 -9999 -9999 0.137802453509686 0.189649258551782 0.268512549659513 0.261716138800369 0.267602303496419 0.256556351778973 0.245637285881965 0.246280095268088 0.545820668669982 0.334000753377022 0.243268397256629 0.227009206993006 0.377855223916474 0.267257656064837 0.265470462961697 0.273047279877132 0.23554198418066 0.230525896961223 0.228501340564091 -9999 -9999 -9999 -9999 -9999 -9999 -9999 -9999 -9999 -9999 -9999 -9999 -9999 -9999 0.228960967637452 0.244354084313897 0.291618060146407 -9999 -9999 -9999 -9999 -9999 -9999 -9999 -9999 -9999
-9999 -9999 -9999 0.238963421752666 0.137560217217128 0.134279722159677 0.297336183521362 0.306111313940743 0.305290781914989 0.340278525286937 0.336179908567079 0.27518061497429 0.22883890061377 0.298644836355365 0.245788829696627 0.230513841609317 0.243191184596945 0.358429030030414 0.272562569475215 0.264012965545109 0.234294448533444 0.229123145212144 -9999 -9999 -9999 -9999 -9999 -9999 -9999 -9999 -9999 -9999 -9999 -9999 -9999 -9999 -9999 -9999 0.241366953045919 0.305303390664123 -9999 -9999 -9999 -9999 -9999 -9999 -9999 -9999 -9999
-9999 -9999 -9999 0.301195518264831 0.177675896294626 0.164196331885977 0.254721077999807 0.235022000880345 0.262992789479387 0.258558679332015 0.252273038422751 0.223141082962866 0.226522189923865 0.226498669936847 0.226293405041919 0.229551381755304 0.229743296150746 0.234017467142458 0.234210321197173 0.234150734902007 0.277972231290719 -9999 -9999 -9999 -9999 -9999 -9999 -9999 -9999 -9999 -9999 -9999 -9999 -9999 -9999 -9999 -9999 -9999 0.234405577099894 0.29185035345411 -9999 -9999 -9999 -9999 -9999 -9999 -9999 -9999 -9999
-9999 -9999 0.26192934512563 0.26375740558537 0.252890654176734 0.238466531997071 0.256407262998132 0.235695495115221 0.235846345392953 0.235706208990744 0.26225703075112 0.251397026245866 0.230645895861321 0.226801075627406 0.22652355177638 0.226839548383116 0.228000913026669 0.228309703207841 0.233313924604052 0.235363759498465 -9999 -9999 -9999 -9999 -9999 -9999 -9999 -9999 -9999 -9999 -9999 -9999 -9999 -9999 -9999 -9999 -9999 -9999 0.237904699307371 0.266921581796446 -9999 -9999 -9999 -9999 -9999 -9999 -9999 -9999 -9999
-9999 -9999 0.263242279508952 0.233373348962456 0.228948805332213 0.229497567897778 0.224756057359787 0.249448483567517 0.246214235030143 0.227940081449347 0.233617002415148 0.222833365000772 0.223950704808631 0.23135182853723 0.22773574194557 0.230371470803531 0.226107921211692 0.228388809528779 0.22813212481988 0.242934561787742 0.216349341719339 -9999 -9999 -9999 -9999 -9999 -9999 -9999 -9999 -9999 -9999 -9999 -9999 -9999 -9999 -9999 -9999 -9999 -9999 -9999 -9999 -9999 -9999 -9999 -9999 -9999 -9999 -9999 -9999
