Scripts_&_data/BRT_projection_files/BRT_SCV2/B_bohemicus_1_projection.asc
NCOLS 79 
NROWS 71 
XLLCORNER -10.5 
YLLCORNER 36 
CELLSIZE 0.5 
NODATA_value -9999 
[rows 44 to 65 of 71, columns 0 to 48 of 79]
-9999 -9999 -9999 -9999 -9999 -9999 -9999 -9999 -9999 -9999 -9999 -9999 -9999 -9999 -9999 -9999 -9999 -9999 0.16358277573903 0.179732457372385 0.161807279243023 0.271252814709444 0.209940406259848 0.265989526503343 0.155520914776336 0.172318802140473 0.154161511989148 0.202773008797036 0.228172274026291 0.225392601370267 0.321042746919305 0.4285837551789 0.464806423260629 0.56765651109205 0.56606062663704 0.568703598875818 0.5355338627992 0.311625048105163 0.566158615469145 0.564734405348482 0.55608578005068 0.552178444998358 0.532002278097053 0.546289729610623 0.458304837816762 0.544679029231302 0.513465698163765 0.542801873667463 0.462629339935527
-9999 -9999 -9999 -9999 -9999 -9999 -9999 -9999 -9999 -9999 -9999 -9999 -9999 -9999 0.142378789861263 -9999 -9999 -9999 0.188926922655322 0.419685683262223 0.462498200773714 0.29139269720537 0.283603725152333 0.173742081606016 0.174593929060233 0.150003539930676 0.148050439680544 0.15568205662602 0.199152883311986 0.203226152773821 0.202295047764655 0.451495943428778 0.431928176416818 0.562635350587699 0.50679562719817 0.535092701869762 0.375800452112477 0.568756861241481 0.567837999568142 0.514947468957171 0.567881087890829 0.565872300784037 0.493594536072557 0.514507184970759 0.482100163714524 0.52447811572599 0.528950063493874 0.574914430473099 0.549080587683666
-9999 -9999 -9999 -9999 -9999 -9999 -9999 -9999 -9999 -9999 -9999 -9999 0.181043034566055 0.250439021796533 0.18414552199904 0.159708206125883 0.144555427483011 0.164636670655363 0.172264615047677 0.225134395112428 0.285466571385571 0.185388684993556 0.212828617714774 0.187829853009062 0.161000897399464 0.156160816338664 0.141538342515726 0.147043182339425 0.155527989084409 0.155830566410024 0.20177130928816 0.454103622419948 0.465866961024882 0.551248441901794 0.535781480663362 0.558787312530009 0.566263887222441 0.572995085109269 0.575341782826143 0.567378539553315 0.572615604596288 0.573138155019236 0.576605908742614 0.56540001375362 0.594781888431694 0.534538567639291 0.549274916341984 0.551329028116579 0.545278024495905
-9999 -9999 -9999 -9999 -9999 -9999 -9999 -9999 -9999 -9999 -9999 -9999 -9999 -9999 0.133108439164074 0.133755255306735 0.156681973997146 0.161286420930937 0.154722387602324 0.140779633183947 0.166066201151594 0.165947242947482 0.174995691719252 0.153236861576632 0.152824350757802 0.143328234954904 0.141859295024881 0.144495461284456 0.155656583387451 0.258580131425079 0.421960643770161 0.420772444441406 0.309111591087179 0.478660394194204 0.570964839878445 0.560877240990558 0.569519532351264 0.566435115612548 0.56173330307228 0.579853820755441 0.578652426997888 0.575202855845611 0.575522195633694 0.575368954418069 0.57890742939286 0.591520493717517 0.588344194223432 0.590416291316978 0.554306755421579
-9999 -9999 -9999 -9999 -9999 -9999 -9999 -9999 -9999 -9999 -9999 -9999 -9999 -9999 -9999 -9999 -9999 0.146837060245694 0.148626992758316 0.145272011854804 0.14977329704603 0.143707705937651 0.138979262336265 0.147877296212856 0.147806916628118 0.141927281667334 0.144968932299583 0.207168254225779 0.288260394503606 0.480410240845477 0.261037880153946 0.169315042389308 0.294685972813345 0.496993101007316 0.571491908704411 0.557919747916669 0.551387963893273 0.558328569090016 0.584627727186527 0.554767651689836 0.587690222391663 0.554590392105897 0.555024672770081 0.570029996128681 0.563077015439231 0.5500202702733 0.557222555292457 0.556632249463377 0.559784055914405
-9999 -9999 -9999 -9999 -9999 -9999 -9999 -9999 -9999 -9999 -9999 -9999 -9999 -9999 -9999 -9999 -9999 0.134313817606731 0.134336466328838 0.135320104005543 0.134571615083127 0.146642563770225 0.139233934915637 0.142951804492972 0.14445230712772 0.151100021471449 0.172763059534895 0.178030381133488 0.270343067197515 0.525967316680296 0.249786418509777 0.192520426871445 0.488086220069715 0.544170978140962 0.548574152778749 0.56930571861284 0.589052057788882 0.539376781944481 0.554942626462609 0.55337242516721 0.559639499757695 0.491314323995286 0.428661716642451 0.519523567337742 0.479011421770381 0.547398976153378 0.555712039813659 0.556630006267614 0.562288541566667
-9999 -9999 -9999 -9999 -9999 -9999 -9999 -9999 -9999 -9999 -9999 -9999 -9999 -9999 -9999 -9999 -9999 -9999 -9999 0.134331553764889 0.134294973880756 0.134617488695415 0.153403021399011 0.191691333845555 0.334317908526392 0.458643012285366 0.470896647254599 0.303417471524425 0.298686992602592 0.57219826537827 0.253846999232541 0.236710942828089 0.527538966554986 0.577520838487041 0.553665523023046 0.557382179290656 0.551971982424849 0.553661638135447 0.552120437540341 0.561020427090518 0.537622837698881 0.525988269802435 0.517057908683892 0.584342097741868 0.522379783564051 0.558805302748378 0.52454984805515 0.535151697028518 0.342155501197926
-9999 -9999 -9999 -9999 -9999 -9999 -9999 -9999 -9999 -9999 -9999 -9999 -9999 -9999 -9999 -9999 -9999 -9999 -9999 0.133672934561601 0.134403623501172 0.132852027962842 0.151820802200211 0.174670397864471 0.485498180492966 0.500237974744848 0.524529609974908 0.428619013452422 0.516273646832607 0.461066081155381 0.285255717139657 0.162042613222944 0.544835115153247 0.553696057856145 0.554634760994544 0.467544195744207 0.467743288062828 0.561349110838945 0.151331020322916 0.138786312543308 0.588663005888288 0.575381306485158 0.551314017015743 0.568581391292087 0.550671402518603 0.135705177328786 0.135330377468684 -9999 0.134979298033503
-9999 -9999 -9999 -9999 -9999 -9999 -9999 -9999 -9999 -9999 -9999 -9999 -9999 -9999 -9999 -9999 -9999 -9999 -9999 0.135309007089843 0.153883147028007 0.140587323470555 0.134423635025247 0.142068108751067 0.16321271090648 0.489590525803061 0.531787254471537 0.475475919308359 0.448243564141918 0.562553397967232 0.174547274411429 0.166493532446654 0.566324147279891 0.53720215941017 0.457208424956695 0.523087193795343 0.139093902577259 0.13302676263047 0.135679048106308 0.138718479870316 0.135312179126612 0.133934942399885 0.135581717108487 0.135653840082486 0.135983628467951 -9999 -9999 -9999 0.134336002938025
-9999 -9999 -9999 -9999 -9999 -9999 -9999 -9999 -9999 -9999 -9999 -9999 -9999 -9999 -9999 -9999 -9999 -9999 -9999 0.135279421254082 0.149045926120138 0.145640595432066 0.13450172289409 0.134503510484824 0.155232035467866 0.30819755043682 0.484280630043463 0.530739973307477 0.51624905513684 0.525473520571382 0.132783100714048 0.509898275899413 0.529817584523714 0.538996094262018 0.460245078871585 0.563585695168834 0.142386022591725 0.144866168835207 0.132659619396144 0.478299430974599 0.162482729608034 0.132638146445766 0.135983027281099 0.135939397525549 0.137648403247048 0.157516977610517 -9999 -9999 -9999
-9999 -9999 -9999 -9999 -9999 -9999 -9999 -9999 -9999 -9999 -9999 -9999 -9999 -9999 -9999 -9999 -9999 -9999 0.135415913026733 0.135582429276083 0.134822050299087 0.134500860421395 0.141437804475936 0.150748106877482 0.150813220637373 0.169214140313682 0.405906252307665 0.483847314386421 0.52448488985034 0.134835043108826 0.132994965088525 0.335584991903477 0.46737727672246 0.504830519011938 0.532254192880846 0.528459272245368 0.437014548287496 0.133008427479303 -9999 -9999 0.133739817361706 0.568234283808096 0.519550315773581 0.36562027599396 0.132631763262905 0.135622618467395 -9999 -9999 -9999
-9999 -9999 -9999 -9999 -9999 -9999 -9999 -9999 -9999 -9999 -9999 -9999 -9999 -9999 -9999 -9999 -9999 -9999 0.136576370030327 0.134872141089052 0.141628686874354 0.140707356031069 0.143010507211143 0.140739714531783 0.133676217916127 0.13391238540327 0.163646387715745 0.135021335922834 0.134220396157387 0.133050587646091 0.142416624017794 0.139516840006409 0.134399020356531 0.148131274337167 0.134921850447092 0.134511991290242 -9999 -9999 -9999 -9999 -9999 -9999 0.135691092460657 0.138247316731379 0.440844774444447 0.433477010305107 0.132525243769774 -9999 -9999
-9999 -9999 -9999 0.13567920623122 0.135362239233329 0.250140563884417 0.224179033187034 0.280514889181853 0.455802921500316 0.567521436992119 0.482742836061692 0.373643612783623 0.152649869758726 0.136946577228392 0.133102620666597 0.135669865829708 0.133493218678937 0.133724327710398 0.163233747752255 0.136154723569716 0.134603408305827 0.133378216591417 0.146110874021216 0.140659933429327 0.142125529075346 0.135091197037657 0.134445271308937 0.141239109290036 -9999 -9999 -9999 -9999 0.133044230729528 0.13522258025223 -9999 -9999 -9999 -9999 -9999 -9999 -9999 -9999 0.134328779122715 0.13442294984144 0.133096050393415 0.132992837217136 0.224334289371267 0.133020378621195 0.137141593389849
-9999 -9999 -9999 0.133459093881859 0.136079012122795 0.160149504672074 0.203427125637782 0.466435102009351 0.498377175746842 0.472443574210382 0.464391384518309 0.474401525524885 0.40255095231513 0.40821419977083 0.34996056597035 0.427934734755799 0.463174739686601 0.153456501418121 0.299911444329249 0.518854234268575 0.547528109713632 0.55341613394745 0.534564998679159 0.524338372296503 0.525023532922533 0.300663812805062 0.133114364762107 -9999 -9999 -9999 -9999 -9999 -9999 -9999 -9999 -9999 -9999 -9999 -9999 -9999 -9999 -9999 -9999 0.139872552456647 0.134477723649263 0.13412039774009 0.132742420742156 0.499567894545577 0.134088677700461
-9999 -9999 -9999 -9999 0.135525001411397 0.132409872570898 0.463721958622847 0.500584573997369 0.394711806032016 0.151108634109159 0.159145500364629 0.161386282772934 0.160704530065529 0.167910520043291 0.436168166982917 0.452222983573073 0.205217994939693 0.157851473459674 0.151855088759642 0.151967211481013 0.221592181963265 0.134467027125612 0.416240455046443 0.429290361267952 0.446990846764323 0.517212105102712 0.135061551553551 0.152432834147802 -9999 -9999 -9999 -9999 -9999 -9999 -9999 -9999 -9999 -9999 -9999 -9999 -9999 -9999 -9999 -9999 0.135122643372664 0.132500027555163 0.132519411872665 0.492271593588467 0.470154556171294
-9999 -9999 -9999 0.133769027055052 0.173557752237194 0.22958698708052 0.134397494125273 0.134467027125612 0.151504111083331 0.157703289773734 0.160704530065529 0.154502063814593 0.16292133610027 0.16571097516415 0.158648783917296 0.177850664768146 0.179387540205949 0.153577418678505 0.157903360538758 0.155306773623548 0.159539452045504 0.161181103474846 0.14807965096297 0.159441721853069 0.139547920672284 0.137952257646143 0.132980861757333 -9999 -9999 -9999 -9999 -9999 -9999 -9999 -9999 -9999 -9999 -9999 -9999 -9999 -9999 -9999 -9999 -9999 -9999 -9999 0.138782213086896 0.133631878462772 0.13410461364337
-9999 -9999 -9999 -9999 0.135809061021954 0.132599935997973 0.144301394845462 0.144330196274806 0.171512524407505 0.161335571421697 0.160611002643484 0.159890354699144 0.151854074967822 0.194221566389044 0.241576030245198 0.15917714445946 0.179896417733756 0.179011271006684 0.157785027089446 0.159524735925351 0.159918602937655 0.15385145508938 0.151855367211574 0.147166911650199 0.146509134713652 -9999 -9999 -9999 -9999 -9999 -9999 -9999 -9999 -9999 -9999 -9999 -9999 -9999 -9999 -9999 -9999 -9999 -9999 -9999 -9999 -9999 -9999 -9999 0.132991177636701
-9999 -9999 -9999 -9999 0.133490427509961 0.132428012355718 0.134212086345975 0.144522746308545 0.158269658789758 0.158711611178562 0.169468275252567 0.178796444319377 0.25258924905992 0.239957837047437 0.148330088672821 0.151855143281572 0.36633639086493 0.183467184167579 0.185951838535253 0.181755506653717 0.153228213825763 0.151532695008969 0.150814280365899 -9999 -9999 -9999 -9999 -9999 -9999 -9999 -9999 -9999 -9999 -9999 -9999 -9999 -9999 0.147899111906284 0.134206922290315 0.141310123418455 -9999 -9999 -9999 -9999 -9999 -9999 -9999 -9999 -9999
-9999 -9999 -9999 0.132468411571621 0.132299067746111 0.136376392353845 0.135254725031875 0.13550588657286 0.135469849034433 0.174701419904782 0.230030857088562 0.135894850539406 0.150191844352769 0.152038865359942 0.145924510594029 0.15871240833057 0.150540181535948 0.313286764238985 0.182053834254972 0.184140292097828 0.151543476914843 0.150937770936796 -9999 -9999 -9999 -9999 -9999 -9999 -9999 -9999 -9999 -9999 -9999 -9999 -9999 -9999 -9999 -9999 0.150717822495931 0.135429707255257 -9999 -9999 -9999 -9999 -9999 -9999 -9999 -9999 -9999
-9999 -9999 -9999 0.135521277400987 0.135082974103449 0.134434348900417 0.140490961613515 0.168111101890968 0.142255500677059 0.134495237995671 0.140256685624155 0.151856957656619 0.159251662254605 0.160064674108558 0.160696270055599 0.160704530065529 0.16051853708039 0.151533774842923 0.151532695008969 0.149873335796514 0.151420785865567 -9999 -9999 -9999 -9999 -9999 -9999 -9999 -9999 -9999 -9999 -9999 -9999 -9999 -9999 -9999 -9999 -9999 0.134351541424405 0.135410445071678 -9999 -9999 -9999 -9999 -9999 -9999 -9999 -9999 -9999
-9999 -9999 0.140343818332721 0.138989806779046 0.140426631579582 0.134511190473917 0.140086554277087 0.153735787070664 0.158861155600247 0.170674184167298 0.158282814534948 0.144349915220056 0.151850581826789 0.157884483240608 0.159436112595933 0.160696270055599 0.160696270055599 0.159425443051075 0.151528384237208 0.147348914158255 -9999 -9999 -9999 -9999 -9999 -9999 -9999 -9999 -9999 -9999 -9999 -9999 -9999 -9999 -9999 -9999 -9999 -9999 0.149135512960084 0.145361987845955 -9999 -9999 -9999 -9999 -9999 -9999 -9999 -9999 -9999
-9999 -9999 0.151910538781514 0.148743673885573 0.151686895285843 0.143118255787974 0.15056974477622 0.162845701395005 0.150414698654126 0.160039406715291 0.17173748743346 0.15210678539021 0.15162327914905 0.15976320502963 0.160276665878087 0.167135348772869 0.151863491457863 0.159251662254605 0.158636608160706 0.15512107467501 0.154115923712546 -9999 -9999 -9999 -9999 -9999 -9999 -9999 -9999 -9999 -9999 -9999 -9999 -9999 -9999 -9999 -9999 -9999 -9999 -9999 -9999 -9999 -9999 -9999 -9999 -9999 -9999 -9999 -9999
