Scripts_&_data/BRT_projection_files/BRT_SCV2/B_bohemicus_2_projection.asc
NCOLS 79 
NROWS 71 
XLLCORNER -10.5 
YLLCORNER 36 
CELLSIZE 0.5 
NODATA_value -9999 
[rows 44 to 65 of 71, columns 0 to 48 of 79]
-9999 -9999 -9999 -9999 -9999 -9999 -9999 -9999 -9999 -9999 -9999 -9999 -9999 -9999 -9999 -9999 -9999 -9999 0.21186488200941 0.224400169959841 0.211950495007731 0.284241249724104 0.254660726106039 0.211912918219176 0.211867418329093 0.211871237065558 0.211893459155429 0.254362587269951 0.32073316258269 0.323877889370295 0.495484392726849 0.620165909001268 0.5202526270511 0.382668647863172 0.351038859124356 0.551659877129584 0.467322481609754 0.264695868964784 0.350473547902415 0.52946585987255 0.617780474365516 0.554500056574713 0.625079430664187 0.536791177307963 0.527749506857151 0.535104435206233 0.562869505515395 0.569266425637678 0.620194612056326
-9999 -9999 -9999 -9999 -9999 -9999 -9999 -9999 -9999 -9999 -9999 -9999 -9999 -9999 0.21186488200941 -9999 -9999 -9999 0.213640492453956 0.43011394221235 0.356591369176733 0.29845377037289 0.31540869398724 0.254218209147131 0.211871237065558 0.21189962803844 0.211890696129306 0.211867418329093 0.253838611718349 0.267838693428263 0.265695316726961 0.506136559207898 0.606717852750401 0.545211110718431 0.397273083131579 0.522936282366959 0.277323658830414 0.466172904594645 0.533098669714281 0.564360416303971 0.536332097604332 0.542367188435009 0.502371187951325 0.605104086916392 0.508830778420804 0.503877933525919 0.505690785078629 0.625942336200318 0.485024263206435
-9999 -9999 -9999 -9999 -9999 -9999 -9999 -9999 -9999 -9999 -9999 -9999 0.220584225398145 0.265350326052839 0.255037026465866 0.256268480073868 0.21186488200941 0.211893459155429 0.211965115882688 0.257004629282152 0.27066357358608 0.211867418329093 0.260897261997759 0.262866791989733 0.21186488200941 0.211867418329093 0.211867418329093 0.211867418329093 0.21186488200941 0.253550069415962 0.266565842506344 0.606406588788062 0.639522852550682 0.576979828613782 0.431619532968733 0.452699004557333 0.27474392682953 0.622696528422885 0.610752657255085 0.535049109721641 0.629010747733171 0.626940283875616 0.632505254877113 0.622692081970588 0.617549408590218 0.526558390280213 0.647240758802089 0.705957069625271 0.719238137066421
-9999 -9999 -9999 -9999 -9999 -9999 -9999 -9999 -9999 -9999 -9999 -9999 -9999 -9999 0.21188687739284 0.211867418329093 0.211965115882688 0.21186488200941 0.21186488200941 0.21186488200941 0.21186488200941 0.21188687739284 0.21186488200941 0.211867418329093 0.21188687739284 0.21186488200941 0.21186488200941 0.21186488200941 0.21186488200941 0.316873493611544 0.537559907581444 0.631920358758179 0.397481746345322 0.601770992987315 0.620155170164346 0.608938415809852 0.538603225177908 0.619455010560075 0.638345177535123 0.664186803605285 0.664200390109566 0.702752787214113 0.65506843182826 0.60994624167654 0.643552721818573 0.662073233856642 0.654262083804337 0.675347433378614 0.645869957286965
-9999 -9999 -9999 -9999 -9999 -9999 -9999 -9999 -9999 -9999 -9999 -9999 -9999 -9999 -9999 -9999 -9999 0.211893459155429 0.211893459155429 0.211893459155429 0.211867418329093 0.21186488200941 0.211893459155429 0.21186488200941 0.21186488200941 0.21188687739284 0.21186488200941 0.267747257735722 0.287706219998987 0.560574749944698 0.390029901502565 0.259554744724151 0.300018559193462 0.612663245055481 0.633890105880088 0.6630461282777 0.665843788615625 0.666826659191963 0.666373221716383 0.726465697940221 0.662613357624353 0.72932034315858 0.561950842428571 0.67775021390186 0.731399006575296 0.731616428379921 0.641039138354493 0.727344261952938 0.669687461719895
-9999 -9999 -9999 -9999 -9999 -9999 -9999 -9999 -9999 -9999 -9999 -9999 -9999 -9999 -9999 -9999 -9999 0.211867418329093 0.211867418329093 0.21186488200941 0.21186488200941 0.211867418329093 0.21186488200941 0.21186488200941 0.21186488200941 0.21186488200941 0.21186488200941 0.21186488200941 0.280585743078298 0.646855272274872 0.269387071856711 0.21186488200941 0.610988271960174 0.645555110534447 0.669051364999688 0.735359335771184 0.719647945815131 0.669918757727003 0.722100624235998 0.64167954370905 0.706095804706289 0.471087402020128 0.440079148074195 0.667865363459437 0.507005969878729 0.459247289783855 0.694193159971677 0.669036570193066 0.645581452740145
-9999 -9999 -9999 -9999 -9999 -9999 -9999 -9999 -9999 -9999 -9999 -9999 -9999 -9999 -9999 -9999 -9999 -9999 -9999 0.211867418329093 0.211867418329093 0.21186488200941 0.21186488200941 0.21186488200941 0.302443749855628 0.423196737509444 0.412038377869277 0.274377774455622 0.307797857015035 0.367426704791835 0.295617190402283 0.21188687739284 0.610004294055014 0.619032007758128 0.630256464583387 0.600004404422767 0.500618002078032 0.667175390750459 0.654525233362889 0.668165179482082 0.543147887053447 0.450594049428468 0.417232831042671 0.647902458860242 0.554224274464085 0.639123765153286 0.615154164071785 0.59750371030531 0.649873799540716
-9999 -9999 -9999 -9999 -9999 -9999 -9999 -9999 -9999 -9999 -9999 -9999 -9999 -9999 -9999 -9999 -9999 -9999 -9999 0.211867418329093 0.21186488200941 0.211867418329093 0.21186488200941 0.21188687739284 0.604416172819955 0.43183807513081 0.563578728081282 0.295551832745647 0.432377587190471 0.350517533806086 0.283065483793346 0.211950495007731 0.617105462628115 0.616362964649386 0.640692619079284 0.64068608739883 0.687981362665051 0.615249235605817 0.21189962803844 0.21189962803844 0.617458659250399 0.639685340827823 0.635324761364991 0.637161760112574 0.519348370744656 0.211871237065558 0.211871237065558 -9999 0.211950495007731
-9999 -9999 -9999 -9999 -9999 -9999 -9999 -9999 -9999 -9999 -9999 -9999 -9999 -9999 -9999 -9999 -9999 -9999 -9999 0.21186488200941 0.21186488200941 0.21186488200941 0.21186488200941 0.21186488200941 0.21186488200941 0.606306732883069 0.655247515431629 0.58389758604314 0.639342509405272 0.633685896761378 0.21188687739284 0.21188687739284 0.390181428663817 0.645489425801252 0.639418272514619 0.655483921416809 0.21189962803844 0.211867418329093 0.211871237065558 0.211871237065558 0.211871237065558 0.211871237065558 0.211871237065558 0.211871237065558 0.211871237065558 -9999 -9999 -9999 0.21186488200941
-9999 -9999 -9999 -9999 -9999 -9999 -9999 -9999 -9999 -9999 -9999 -9999 -9999 -9999 -9999 -9999 -9999 -9999 -9999 0.21189962803844 0.21188687739284 0.21186488200941 0.21186488200941 0.21186488200941 0.21186488200941 0.340854508226238 0.621277825385933 0.651178197302888 0.647671214064379 0.607250124705063 0.21188687739284 0.606488547338852 0.642588062228539 0.643060908852389 0.658321675310025 0.650914267357775 0.211893459155429 0.211912918219176 0.211890696129306 0.605832668465735 0.21186488200941 0.211893459155429 0.211871237065558 0.211871237065558 0.211871237065558 0.211873032388034 -9999 -9999 -9999
-9999 -9999 -9999 -9999 -9999 -9999 -9999 -9999 -9999 -9999 -9999 -9999 -9999 -9999 -9999 -9999 -9999 -9999 0.21186488200941 0.21186488200941 0.21186488200941 0.21186488200941 0.211867418329093 0.21188687739284 0.21186488200941 0.21186488200941 0.410845009784714 0.625917315638453 0.610188329367031 0.21188687739284 0.211950495007731 0.304046191697103 0.625762519042947 0.622726685213731 0.643023289896323 0.641575665709691 0.487860255777987 0.21188687739284 -9999 -9999 0.21188687739284 0.434495319925099 0.439920003870065 0.281539780245915 0.211871237065558 0.211871237065558 -9999 -9999 -9999
-9999 -9999 -9999 -9999 -9999 -9999 -9999 -9999 -9999 -9999 -9999 -9999 -9999 -9999 -9999 -9999 -9999 -9999 0.21186488200941 0.21186488200941 0.21186488200941 0.21186488200941 0.21186488200941 0.211893459155429 0.211867418329093 0.21188687739284 0.21186488200941 0.21186488200941 0.21189962803844 0.21189962803844 0.211950495007731 0.211950495007731 0.21186488200941 0.21186488200941 0.21188687739284 0.21189962803844 -9999 -9999 -9999 -9999 -9999 -9999 0.211890696129306 0.21189962803844 0.431445438568931 0.532283480879359 0.211871237065558 -9999 -9999
-9999 -9999 -9999 0.21186488200941 0.21189962803844 0.21188687739284 0.21186488200941 0.281995566282535 0.60755322331313 0.310221984679202 0.587848310768341 0.620917405348785 0.21188687739284 0.21188687739284 0.211928272917861 0.21189962803844 0.21189962803844 0.21189962803844 0.21186488200941 0.21186488200941 0.21188687739284 0.21188687739284 0.21186488200941 0.21188687739284 0.21186488200941 0.21188687739284 0.21186488200941 0.21188687739284 -9999 -9999 -9999 -9999 0.21189962803844 0.21188687739284 -9999 -9999 -9999 -9999 -9999 -9999 -9999 -9999 0.21186488200941 0.21188687739284 0.211867418329093 0.21188687739284 0.266110151228819 0.211867418329093 0.211895027771465
-9999 -9999 -9999 0.21188687739284 0.21186488200941 0.21186488200941 0.21186488200941 0.593376156542415 0.596807729546347 0.598413535442114 0.608484500361732 0.597686805448617 0.619857378404531 0.628515548467008 0.60983396584567 0.289629916988558 0.584299414081812 0.211950495007731 0.21186488200941 0.594730299685187 0.644403673952376 0.643188432855829 0.627616308365535 0.537244447556337 0.446101272897947 0.267128919289837 0.21188687739284 -9999 -9999 -9999 -9999 -9999 -9999 -9999 -9999 -9999 -9999 -9999 -9999 -9999 -9999 -9999 -9999 0.21186488200941 0.21186488200941 0.211867418329093 0.21188687739284 0.433944474924448 0.211871237065558
-9999 -9999 -9999 -9999 0.21186488200941 0.21188687739284 0.59811836688926 0.601564626393691 0.598019329127435 0.211873032388034 0.211908887096287 0.211873032388034 0.211873032388034 0.211875568707717 0.603639439337071 0.607703878615554 0.223080851289194 0.211895027771465 0.211873032388034 0.211873032388034 0.21186488200941 0.21186488200941 0.297698991534582 0.592311177873935 0.592861077565712 0.611313146699844 0.21186488200941 0.211873032388034 -9999 -9999 -9999 -9999 -9999 -9999 -9999 -9999 -9999 -9999 -9999 -9999 -9999 -9999 -9999 -9999 0.21186488200941 0.211893459155429 0.211890696129306 0.627593448276602 0.547734954951787
-9999 -9999 -9999 0.21188687739284 0.21188687739284 0.282596043062997 0.21186488200941 0.21186488200941 0.21186488200941 0.211873032388034 0.211873032388034 0.211901609534053 0.211873032388034 0.211873032388034 0.211873032388034 0.211873032388034 0.255322351703078 0.211873032388034 0.211873032388034 0.211879387444183 0.211873032388034 0.211873032388034 0.211895027771465 0.211970729941629 0.211958645386355 0.21189962803844 0.21189962803844 -9999 -9999 -9999 -9999 -9999 -9999 -9999 -9999 -9999 -9999 -9999 -9999 -9999 -9999 -9999 -9999 -9999 -9999 -9999 0.211890696129306 0.21189962803844 0.21188687739284
-9999 -9999 -9999 -9999 0.211950495007731 0.21188687739284 0.21186488200941 0.211873032388034 0.212132213983736 0.212101795696195 0.211873032388034 0.211873032388034 0.211873032388034 0.283392076590758 0.634618473915233 0.211873032388034 0.281536960044256 0.275509657834138 0.211873032388034 0.211873032388034 0.211873032388034 0.211873032388034 0.211873032388034 0.211958645386355 0.211907778417064 -9999 -9999 -9999 -9999 -9999 -9999 -9999 -9999 -9999 -9999 -9999 -9999 -9999 -9999 -9999 -9999 -9999 -9999 -9999 -9999 -9999 -9999 -9999 0.21188687739284
-9999 -9999 -9999 -9999 0.21188687739284 0.21188687739284 0.21186488200941 0.211970729941629 0.212124043844806 0.212123791079626 0.212101795696195 0.212101795696195 0.293354936612257 0.211950495007731 0.211895027771465 0.211873032388034 0.272022702603115 0.624458100415277 0.30093793987359 0.296954950397224 0.211873032388034 0.211873032388034 0.211873032388034 -9999 -9999 -9999 -9999 -9999 -9999 -9999 -9999 -9999 -9999 -9999 -9999 -9999 -9999 0.211873032388034 0.21188687739284 0.21186488200941 -9999 -9999 -9999 -9999 -9999 -9999 -9999 -9999 -9999
-9999 -9999 -9999 0.21188687739284 0.21189962803844 0.21186488200941 0.21186488200941 0.21186488200941 0.21186488200941 0.211931119182392 0.21186488200941 0.21186488200941 0.211895027771465 0.211907778417064 0.2119210685978 0.211873032388034 0.21186488200941 0.58230401846664 0.296645931266068 0.608923475875211 0.211873032388034 0.211873032388034 -9999 -9999 -9999 -9999 -9999 -9999 -9999 -9999 -9999 -9999 -9999 -9999 -9999 -9999 -9999 -9999 0.21186488200941 0.21186488200941 -9999 -9999 -9999 -9999 -9999 -9999 -9999 -9999 -9999
-9999 -9999 -9999 0.211950495007731 0.21186488200941 0.21186488200941 0.21186488200941 0.212132213983736 0.21186488200941 0.21186488200941 0.21186488200941 0.211873032388034 0.211873032388034 0.211873032388034 0.211873032388034 0.211908887096287 0.211873032388034 0.211873032388034 0.211873032388034 0.211895027771465 0.211907778417064 -9999 -9999 -9999 -9999 -9999 -9999 -9999 -9999 -9999 -9999 -9999 -9999 -9999 -9999 -9999 -9999 -9999 0.21188687739284 0.21186488200941 -9999 -9999 -9999 -9999 -9999 -9999 -9999 -9999 -9999
-9999 -9999 0.21188687739284 0.21188687739284 0.21186488200941 0.211931119182392 0.212093625557266 0.211873032388034 0.211939269561016 0.212101795696195 0.212093625557266 0.21186488200941 0.211873032388034 0.211873032388034 0.211873032388034 0.211873032388034 0.211873032388034 0.211873032388034 0.211873032388034 0.211895027771465 -9999 -9999 -9999 -9999 -9999 -9999 -9999 -9999 -9999 -9999 -9999 -9999 -9999 -9999 -9999 -9999 -9999 -9999 0.211895027771465 0.211907778417064 -9999 -9999 -9999 -9999 -9999 -9999 -9999 -9999 -9999
-9999 -9999 0.21189962803844 0.21188687739284 0.212093625557266 0.212093625557266 0.212101795696195 0.211992725325059 0.211873032388034 0.211970729941629 0.212132213983736 0.211873032388034 0.211970729941629 0.212101795696195 0.212101795696195 0.212101795696195 0.211873032388034 0.211873032388034 0.211873032388034 0.211875568707717 0.211879387444183 -9999 -9999 -9999 -9999 -9999 -9999 -9999 -9999 -9999 -9999 -9999 -9999 -9999 -9999 -9999 -9999 -9999 -9999 -9999 -9999 -9999 -9999 -9999 -9999 -9999 -9999 -9999 -9999
