Scripts_&_data/BRT_projection_files/BRT_SCV2/B_cingulatus_2_projection.asc
NCOLS 79 
NROWS 71 
XLLCORNER -10.5 
YLLCORNER 36 
CELLSIZE 0.5 
NODATA_value -9999 
[rows 42 to 62 of 71, columns 0 to 47 of 79]
-9999 -9999 -9999 -9999 -9999 -9999 -9999 -9999 -9999 -9999 0.0266062218282025 -9999 -9999 0.0266001900116553 -9999 -9999 -9999 -9999 -9999 -9999 -9999 -9999 -9999 -9999 0.0266001900116553 0.0266001900116553 0.0266001900116553 0.0266001900116553 0.0266001900116553 0.0266001900116553 0.0266001900116553 0.0266001900116553 0.0266001900116553 0.0266001900116553 0.0266001900116553 0.0266001900116553 0.0266001900116553 0.0266001900116553 0.0266001900116553 0.0266001900116553 0.0266001900116553 0.0266001900116553 0.0266001900116553 0.0266001900116553 0.0266001900116553 0.0266001900116553 0.0266001900116553 0.0266001900116553
-9999 -9999 -9999 -9999 -9999 -9999 -9999 -9999 -9999 -9999 -9999 -9999 -9999 -9999 -9999 -9999 -9999 -9999 -9999 -9999 -9999 -9999 0.0266001900116553 0.0266001900116553 0.0266001900116553 0.0266001900116553 0.0266001900116553 0.0266001900116553 0.0266001900116553 0.0266001900116553 0.0266001900116553 0.0266062218282025 0.0266062218282025 0.0266062218282025 0.0266001900116553 0.0266001900116553 0.0266001900116553 0.0266001900116553 0.0266001900116553 0.0266001900116553 0.0266001900116553 0.0266001900116553 0.0266001900116553 0.0266001900116553 0.0266001900116553 0.0266001900116553 0.0266001900116553 0.0266001900116553
-9999 -9999 -9999 -9999 -9999 -9999 -9999 -9999 -9999 -9999 -9999 -9999 -9999 -9999 -9999 -9999 -9999 -9999 0.0266001900116553 0.0266001900116553 0.0266001900116553 0.0266001900116553 0.0266001900116553 0.0266001900116553 0.0266001900116553 0.0266001900116553 0.0266001900116553 0.0266001900116553 0.0266001900116553 0.0266001900116553 0.0266001900116553 0.0266001900116553 0.0266001900116553 0.0266001900116553 0.0266001900116553 0.0266001900116553 0.0266065358646853 0.0266001900116553 0.0266001900116553 0.0266001900116553 0.0266001900116553 0.0266001900116553 0.0266001900116553 0.0266001900116553 0.0266001900116553 0.0266001900116553 0.0266001900116553 0.0266001900116553
-9999 -9999 -9999 -9999 -9999 -9999 -9999 -9999 -9999 -9999 -9999 -9999 -9999 -9999 0.0266001900116553 -9999 -9999 -9999 0.0266001900116553 0.0266001900116553 0.0266001900116553 0.0266001900116553 0.0266001900116553 0.0266001900116553 0.0266001900116553 0.0266065358646853 0.0266001900116553 0.0266001900116553 0.0266001900116553 0.0266001900116553 0.0266001900116553 0.0266001900116553 0.0266001900116553 0.0266001900116553 0.0266001900116553 0.0266001900116553 0.0266001900116553 0.0266001900116553 0.0266001900116553 0.0266065358646853 0.0266001900116553 0.0266001900116553 0.0266001900116553 0.0266001900116553 0.0266001900116553 0.0266001900116553 0.0266001900116553 0.0266001900116553
-9999 -9999 -9999 -9999 -9999 -9999 -9999 -9999 -9999 -9999 -9999 -9999 0.0266001900116553 0.0266001900116553 0.0266001900116553 0.0266001900116553 0.0266001900116553 0.0266001900116553 0.0266001900116553 0.0266001900116553 0.0266001900116553 0.0266001900116553 0.0266001900116553 0.0266001900116553 0.0266001900116553 0.0266001900116553 0.0266001900116553 0.0266001900116553 0.0266001900116553 0.0266001900116553 0.0266001900116553 0.0266001900116553 0.0266001900116553 0.0266001900116553 0.0266001900116553 0.0266001900116553 0.0266001900116553 0.0266046182626978 0.0266001900116553 0.0266001900116553 0.0266001900116553 0.0266001900116553 0.0266001900116553 0.0266001900116553 0.0266001900116553 0.0266001900116553 0.0266001900116553 0.0266001900116553
-9999 -9999 -9999 -9999 -9999 -9999 -9999 -9999 -9999 -9999 -9999 -9999 -9999 -9999 0.0266062218282025 0.0266001900116553 0.0266001900116553 0.0266001900116553 0.0266001900116553 0.0266001900116553 0.0266001900116553 0.0266001900116553 0.0266001900116553 0.0266001900116553 0.0266001900116553 0.0266001900116553 0.0266001900116553 0.0266001900116553 0.0266001900116553 0.0266001900116553 0.0266001900116553 0.0266001900116553 0.0266001900116553 0.0266001900116553 0.0266024219426193 0.0266001900116553 0.0266001900116553 0.0266001900116553 0.0266062218282025 0.0266062218282025 0.0266001900116553 0.0266001900116553 0.0266001900116553 0.0266040842404838 0.0266001900116553 0.0266001900116553 0.0266001900116553 0.0266001900116553
-9999 -9999 -9999 -9999 -9999 -9999 -9999 -9999 -9999 -9999 -9999 -9999 -9999 -9999 -9999 -9999 -9999 0.0266001900116553 0.0266001900116553 0.0266001900116553 0.0266001900116553 0.0266001900116553 0.0266001900116553 0.0266001900116553 0.0266001900116553 0.0266001900116553 0.0266001900116553 0.0266001900116553 0.0266001900116553 0.0266001900116553 0.0266001900116553 0.0266001900116553 0.0266001900116553 0.0266001900116553 0.0266001900116553 0.0266062218282025 0.0266040842404838 0.0266062218282025 0.0266062218282025 0.0266001900116553 0.0266062218282025 0.074763290664073 0.068893116326945 0.0854763338000874 0.026604369487025 0.026604369487025 0.0780378189109072 0.0655569083929961
-9999 -9999 -9999 -9999 -9999 -9999 -9999 -9999 -9999 -9999 -9999 -9999 -9999 -9999 -9999 -9999 -9999 0.0266001900116553 0.0266001900116553 0.0266001900116553 0.0266001900116553 0.0266001900116553 0.0266001900116553 0.0266001900116553 0.0266001900116553 0.0266001900116553 0.0266001900116553 0.0266001900116553 0.0266001900116553 0.0266001900116553 0.0266001900116553 0.0266001900116553 0.0266001900116553 0.0266001900116553 0.0266062218282025 0.0266001900116553 0.0266001900116553 0.0716217851506795 0.0727490391985235 0.0677399649450991 0.0710227384441087 0.0934403081781962 0.221400729283165 0.0842657247390527 0.0918671814830976 0.0866122072138071 0.074767955688936 0.0719511862842238
-9999 -9999 -9999 -9999 -9999 -9999 -9999 -9999 -9999 -9999 -9999 -9999 -9999 -9999 -9999 -9999 -9999 -9999 -9999 0.0266001900116553 0.0266001900116553 0.0266001900116553 0.0266001900116553 0.0266001900116553 0.0266001900116553 0.0266001900116553 0.0266001900116553 0.0266001900116553 0.0266001900116553 0.0266001900116553 0.0266001900116553 0.0266001900116553 0.0266015225608524 0.0266062218282025 0.0266062218282025 0.0718742129471212 0.0744892025128547 0.0813853325060579 0.0266001900116553 0.0474460031711547 0.0734819571900086 0.0714209494807117 0.075495166375087 0.0266024219426193 0.0747231418394887 0.0654851398678722 0.0266001900116553 0.0266062218282025
-9999 -9999 -9999 -9999 -9999 -9999 -9999 -9999 -9999 -9999 -9999 -9999 -9999 -9999 -9999 -9999 -9999 -9999 -9999 0.0266001900116553 0.0266001900116553 0.0266001900116553 0.0266001900116553 0.0266001900116553 0.0266024219426193 0.0266001900116553 0.0266001900116553 0.0266001900116553 0.0266001900116553 0.0266001900116553 0.0266001900116553 0.0266001900116553 0.0266001900116553 0.0266106543908148 0.0719163662782819 0.0759961587017807 0.0303679593537916 0.0266001900116553 0.0266040842404838 0.0266065358646853 0.0266001900116553 0.0266001900116553 0.0266001900116553 0.0266001900116553 0.0266001900116553 0.0266001900116553 0.0266001900116553 -9999
-9999 -9999 -9999 -9999 -9999 -9999 -9999 -9999 -9999 -9999 -9999 -9999 -9999 -9999 -9999 -9999 -9999 -9999 -9999 0.0266001900116553 0.0266001900116553 0.0266001900116553 0.0266001900116553 0.0266001900116553 0.0266015225608524 0.0266046182626978 0.0266001900116553 0.0266001900116553 0.0266001900116553 0.0266001900116553 0.0266001900116553 0.0266001900116553 0.0266001900116553 0.0266024219426193 0.165901402498133 0.0266001900116553 0.0266001900116553 0.0266001900116553 0.0266001900116553 0.0266001900116553 0.0266001900116553 0.0266001900116553 0.0266001900116553 0.0266001900116553 0.0266001900116553 -9999 -9999 -9999
-9999 -9999 -9999 -9999 -9999 -9999 -9999 -9999 -9999 -9999 -9999 -9999 -9999 -9999 -9999 -9999 -9999 -9999 -9999 0.0266001900116553 0.0266001900116553 0.0266001900116553 0.0266001900116553 0.0266001900116553 0.0266001900116553 0.0266001900116553 0.0266001900116553 0.0266001900116553 0.0266001900116553 0.0266024219426193 0.0266001900116553 0.0266001900116553 0.0266001900116553 0.0266085921019205 0.0646916336116061 0.0266062218282025 0.0266001900116553 0.0266001900116553 0.0266001900116553 0.0266001900116553 0.0266001900116553 0.0266001900116553 0.0266001900116553 0.0266001900116553 0.0266001900116553 0.0266001900116553 -9999 -9999
-9999 -9999 -9999 -9999 -9999 -9999 -9999 -9999 -9999 -9999 -9999 -9999 -9999 -9999 -9999 -9999 -9999 -9999 0.0266101826956638 0.0266001900116553 0.0266001900116553 0.0266001900116553 0.0266001900116553 0.0266001900116553 0.0266001900116553 0.0266001900116553 0.0266062218282025 0.0266062218282025 0.0266025559738035 0.0266062218282025 0.0266001900116553 0.0266001900116553 0.0266001900116553 0.0266001900116553 0.0266046182626978 0.0266040842404838 0.0266001900116553 0.0266001900116553 -9999 -9999 0.0266104300935138 0.0266001900116553 0.0266001900116553 0.0266001900116553 0.0266001900116553 0.0266001900116553 -9999 -9999
-9999 -9999 -9999 -9999 -9999 -9999 -9999 -9999 -9999 -9999 -9999 -9999 -9999 -9999 -9999 -9999 -9999 -9999 0.0266001900116553 0.0266001900116553 0.0266001900116553 0.0266001900116553 0.0266001900116553 0.0266001900116553 0.0266001900116553 0.0266001900116553 0.0266001900116553 0.0266040842404838 0.0266001900116553 0.0266001900116553 0.0266001900116553 0.0266040842404838 0.0266062218282025 0.0266062218282025 0.0266106543908148 0.029292790683358 -9999 -9999 -9999 -9999 -9999 -9999 0.0266001900116553 0.0266001900116553 0.0266001900116553 0.0266001900116553 0.0266001900116553 -9999
-9999 -9999 -9999 0.0266062218282025 0.0266062218282025 0.0266062218282025 0.0266084538142382 0.0268975433702486 0.0266001900116553 0.0266001900116553 0.0266001900116553 0.0266001900116553 0.0268356169338123 0.0266001900116553 0.0266001900116553 0.026906315342446 0.0267335104240138 0.0266062218282025 0.0266062218282025 0.0266001900116553 0.0266001900116553 0.0266001900116553 0.0266001900116553 0.0266001900116553 0.0266001900116553 0.0266001900116553 0.0266001900116553 0.0266001900116553 -9999 -9999 -9999 -9999 0.0266001900116553 0.0266001900116553 -9999 -9999 -9999 -9999 -9999 -9999 -9999 -9999 0.0266001900116553 0.0266001900116553 0.0266001900116553 0.0266001900116553 0.0266001900116553 0.0266001900116553
-9999 -9999 -9999 0.0266062218282025 0.0266062218282025 0.0266062218282025 0.0266084538142382 0.0266106543908148 0.0266084538142382 0.0266062218282025 0.0266062218282025 0.0266062218282025 0.0266062218282025 0.0266062218282025 0.0266062218282025 0.0266062218282025 0.0266062218282025 0.0266062218282025 0.0266062218282025 0.0266062218282025 0.0266001900116553 0.026679518160259 0.0266001900116553 0.0266001900116553 0.0266001900116553 0.0266001900116553 0.0266001900116553 -9999 -9999 -9999 -9999 -9999 -9999 -9999 -9999 -9999 -9999 -9999 -9999 -9999 -9999 -9999 -9999 0.0266001900116553 0.0266001900116553 0.0266001900116553 0.0266001900116553 0.0266001900116553
-9999 -9999 -9999 -9999 0.0266062218282025 0.0266062218282025 0.0266084538142382 0.0266062218282025 0.0266062218282025 0.0266032909457372 0.0266032909457372 0.0266032909457372 0.0266032909457372 0.0266001900116553 0.0266001900116553 0.0266001900116553 0.0266062218282025 0.0266032909457372 0.0266093341286319 0.0266062218282025 0.0266062218282025 0.0266062218282025 0.0266062218282025 0.0266062218282025 0.0266062218282025 0.0266001900116553 0.0266001900116553 0.0266001900116553 -9999 -9999 -9999 -9999 -9999 -9999 -9999 -9999 -9999 -9999 -9999 -9999 -9999 -9999 -9999 -9999 0.0266001900116553 0.0266001900116553 0.0266001900116553 0.0266001900116553
-9999 -9999 -9999 0.0266062218282025 0.0266062218282025 0.0266084538142382 0.0266062218282025 0.0266062218282025 0.0266001900116553 0.0266032909457372 0.0266032909457372 0.0266032909457372 0.0266032909457372 0.0266032909457372 0.0266001900116553 0.0266001900116553 0.0266001900116553 0.0266032909457372 0.0266032909457372 0.0266032909457372 0.0266032909457372 0.0266032909457372 0.0266032909457372 0.0266032909457372 0.0266062218282025 0.0266062218282025 0.0266001900116553 -9999 -9999 -9999 -9999 -9999 -9999 -9999 -9999 -9999 -9999 -9999 -9999 -9999 -9999 -9999 -9999 -9999 -9999 -9999 0.0266001900116553 0.0266001900116553
-9999 -9999 -9999 -9999 0.0266062218282025 0.0266062218282025 0.0266001900116553 0.0266001900116553 0.0266001900116553 0.0266032909457372 0.0266032909457372 0.0266032909457372 0.0266032909457372 0.0266001900116553 0.0266941468521404 0.0266032909457372 0.0266766973364421 0.0266032909457372 0.0266032909457372 0.0266032909457372 0.0266032909457372 0.0266032909457372 0.0266032909457372 0.0266032909457372 0.0266001900116553 -9999 -9999 -9999 -9999 -9999 -9999 -9999 -9999 -9999 -9999 -9999 -9999 -9999 -9999 -9999 -9999 -9999 -9999 -9999 -9999 -9999 -9999 -9999
-9999 -9999 -9999 -9999 0.0266106543908148 0.0266062218282025 0.0266001900116553 0.0266001900116553 0.0266001900116553 0.0266001900116553 0.0266032909457372 0.0266032909457372 0.0266001900116553 0.0266001900116553 0.0266032909457372 0.0266032909457372 0.0272574311846353 0.02669391468188 0.0266032909457372 0.0266766973364421 0.0266032909457372 0.0266001900116553 0.0266001900116553 -9999 -9999 -9999 -9999 -9999 -9999 -9999 -9999 -9999 -9999 -9999 -9999 -9999 -9999 0.0266001900116553 0.0266001900116553 0.0266001900116553 -9999 -9999 -9999 -9999 -9999 -9999 -9999 -9999
-9999 -9999 -9999 0.0266062218282025 0.0266084538142382 0.0266001900116553 0.0266001900116553 0.0266001900116553 0.0266001900116553 0.0266001900116553 0.0266001900116553 0.0266001900116553 0.0266032909457372 0.0266032909457372 0.0266032909457372 0.0266032909457372 0.0266001900116553 0.0272432411058774 0.0266032909457372 0.0267028766847761 0.0266001900116553 0.0266001900116553 -9999 -9999 -9999 -9999 -9999 -9999 -9999 -9999 -9999 -9999 -9999 -9999 -9999 -9999 -9999 -9999 0.0266001900116553 0.0266001900116553 -9999 -9999 -9999 -9999 -9999 -9999 -9999 -9999
