Scripts_&_data/BRT_projection_files/BRT_SCV2/B_confusus_2_projection.asc
NCOLS 79 
NROWS 71 
XLLCORNER -10.5 
YLLCORNER 36 
CELLSIZE 0.5 
NODATA_value -9999 
[rows 42 to 62 of 71, columns 0 to 47 of 79]
-9999 -9999 -9999 -9999 -9999 -9999 -9999 -9999 -9999 -9999 0.0420632853189171 -9999 -9999 0.0415125094787842 -9999 -9999 -9999 -9999 -9999 -9999 -9999 -9999 -9999 -9999 0.0421506710793413 0.0421506710793413 0.0421491269377404 0.0421633622966401 0.04219238384569 0.0421987144949954 0.0435576580771996 0.158189187601965 0.0417433130964917 0.041749477962891 0.0428796031796234 0.0454992664196161 0.0441404460122157 0.0444945920978004 0.0444260215354925 0.042819467966629 0.045809201242737 0.0590246979649742 0.0468009751123886 0.0456243479345394 0.0465412575706877 0.0461958912416036 0.145678029026789 0.238104767856147
-9999 -9999 -9999 -9999 -9999 -9999 -9999 -9999 -9999 -9999 -9999 -9999 -9999 -9999 -9999 -9999 -9999 -9999 -9999 -9999 -9999 -9999 0.0445634834816162 0.0421650187402988 0.0421571917570218 0.0421002056572059 0.0421134340092337 0.0421554198180627 0.042167662731572 0.042155363800314 0.0430682022088547 0.0428596057497077 0.0426006663988006 0.0423238651140313 0.0419426112685224 0.045121847272964 0.043842348120954 0.0425244467439299 0.0434479662417553 0.0436133914461733 0.0437738060115435 0.0432819884448715 0.0438493024066742 0.0454134528148295 0.046586192206965 0.0456125807036965 0.0433831270950512 0.0876012043618566
-9999 -9999 -9999 -9999 -9999 -9999 -9999 -9999 -9999 -9999 -9999 -9999 -9999 -9999 -9999 -9999 -9999 -9999 0.0421068288596976 0.0421504921597201 0.0421732733290039 0.0450855632190321 0.0421296652590354 0.042264762016388 0.0421268363665864 0.0421347730561723 0.0421462849245776 0.0421292661008811 0.0421724119422721 0.0421339766315587 0.0422090768490115 0.0422532084409047 0.0421569596699988 0.0421743934457611 0.0438424355555022 0.0437273430429826 0.042159758403148 0.0434800404452018 0.0434675716019177 0.0434938224001542 0.0446825056716012 0.0436528039863545 0.0438851068100067 0.0458609850233742 0.0466832235515822 0.0466986983999107 0.0461455176397148 0.149710170257066
-9999 -9999 -9999 -9999 -9999 -9999 -9999 -9999 -9999 -9999 -9999 -9999 -9999 -9999 0.0421162975636619 -9999 -9999 -9999 0.0421353662856027 0.0422109087278414 0.042185498515786 0.0422347861086569 0.0421724119422721 0.0421220896641702 0.046401199050757 0.0416628376891025 0.0421818103229032 0.0421245191295891 0.0421624569947788 0.0421405582267653 0.0421405582267653 0.0422321629947249 0.0422460596739216 0.0422844327359744 0.0425474658832034 0.0437414959874094 0.0426742224035448 0.0431118861438775 0.0451962038891924 0.0560711571924765 0.0451546502848983 0.0470387528944149 0.0437924536288777 0.0441052350466286 0.0441036127921996 0.0434992211350802 0.044566092182653 0.0434442364034496
-9999 -9999 -9999 -9999 -9999 -9999 -9999 -9999 -9999 -9999 -9999 -9999 0.0421097848594143 0.0421277184451345 0.0421623851988808 0.0420972463545832 0.0421067095184453 0.0421220896641702 0.0421081447728046 0.042107804189122 0.0422129274527541 0.0421268363665864 0.0421672064549703 0.0421312120465662 0.0421119710056623 0.0421268363665864 0.0421320586720711 0.0421229848904462 0.04220191835738 0.0421292661008811 0.0424242338906989 0.0422888159554727 0.0421975373050983 0.0434853655028524 0.0432044525468813 0.0441456487878875 0.0435836381909104 0.0413842575921026 0.0435201399471884 0.0465132689669379 0.0436623751554928 0.0453068280479352 0.045118362917721 0.0452457847524606 0.0841417202200121 0.0437343167731309 0.043686667933054 0.0435916301484451
-9999 -9999 -9999 -9999 -9999 -9999 -9999 -9999 -9999 -9999 -9999 -9999 -9999 -9999 0.0421585266690026 0.0421002056572059 0.0421117009578848 0.0421231985811889 0.042128463818946 0.0421210276202327 0.0421333418843177 0.0423287046763128 0.0421386071220748 0.0421292661008811 0.0426515180833592 0.0428953596321069 0.0421333418843177 0.04220191835738 0.0421386071220748 0.0422924840201509 0.042870958131759 0.0422951757360637 0.0422532084409047 0.0421305637754752 0.0413695591814543 0.0420999466223192 0.106423140809936 0.0428865455457732 0.0434758337306458 0.0430670083290979 0.042861543807051 0.0428242745330394 0.0427682728185251 0.0417499162898423 0.0416622737191376 0.0415770711946189 0.0414490567857048 0.0414551545248049
-9999 -9999 -9999 -9999 -9999 -9999 -9999 -9999 -9999 -9999 -9999 -9999 -9999 -9999 -9999 -9999 -9999 0.0421268363665864 0.0421220896641702 0.0421220896641702 0.0421220896641702 0.0422447502101683 0.0421268363665864 0.0421592810499248 0.0423523268138274 0.0436282622057036 0.04220191835738 0.0436842699184743 0.0435797607474973 0.0437908056939863 0.0427102234792022 0.042115286975197 0.0421774708545114 0.042424362712864 0.0417348983113778 0.0431576053775413 0.0422228570682482 0.0429149775468624 0.0417501798927283 0.0416474110568983 0.0414602017357589 0.0414285785318317 0.0414575146682014 0.0414551545248049 0.0414366322511431 0.0414366322511431 0.0414366322511431 0.0414366322511431
-9999 -9999 -9999 -9999 -9999 -9999 -9999 -9999 -9999 -9999 -9999 -9999 -9999 -9999 -9999 -9999 -9999 0.0421220896641702 0.0421209589669153 0.042128463818946 0.042133859699786 0.0421220896641702 0.042133859699786 0.0491303193748859 0.042133859699786 0.049556205309105 0.0422203892351713 0.0426024232275819 0.0426310715957823 0.0421316244226969 0.0427833334743606 0.0425879613446891 0.0422570547293382 0.0417022029386077 0.0434871932193824 0.0427505597672282 0.0414414826008633 0.0414575146682014 0.0414366322511431 0.0414366322511431 0.0414366322511431 0.041471638215462 0.041476334156488 0.041463489054386 0.041476334156488 0.0414848776688119 0.0414575146682014 0.0414575146682014
-9999 -9999 -9999 -9999 -9999 -9999 -9999 -9999 -9999 -9999 -9999 -9999 -9999 -9999 -9999 -9999 -9999 -9999 -9999 0.0421245191295891 0.0421245191295891 0.0451191415781006 0.0421917659515466 0.0422671404862932 0.042660736424708 0.0508798195670536 0.0423466612222155 0.0423175684714384 0.0495577754939597 0.043469584160888 0.0426800219152206 0.042578460652305 0.0415684261214877 0.0422073341063356 0.0416868339312002 0.0414551545248049 0.0414575146682014 0.0414575146682014 0.0414490567857048 0.0414575146682014 0.0414438427442598 0.0414575146682014 0.041451413367491 0.0414578379982458 0.041451413367491 0.0414547836853577 0.04287841218104 0.0432892113463153
-9999 -9999 -9999 -9999 -9999 -9999 -9999 -9999 -9999 -9999 -9999 -9999 -9999 -9999 -9999 -9999 -9999 -9999 -9999 0.0421220896641702 0.042133859699786 0.0421268363665864 0.0425879613446891 0.043443948918705 0.0412449425534011 0.0431045745051863 0.0454626397203145 0.0428100689376127 0.0438667253713201 0.0421813549058645 0.0421416112188074 0.0435690934023692 0.0419029469650375 0.0415186145261501 0.041451413367491 0.0414575146682014 0.0414929366622366 0.0414198228096032 0.0413943496904102 0.040784655534707 0.0420207505838783 0.0416793821039354 0.0416660647968942 0.0416793821039354 0.0420674215914458 0.0418278381394183 0.0418278381394183 -9999
-9999 -9999 -9999 -9999 -9999 -9999 -9999 -9999 -9999 -9999 -9999 -9999 -9999 -9999 -9999 -9999 -9999 -9999 -9999 0.0423532543916807 0.0422048237489249 0.0424202800330111 0.0436723305768943 0.0421171061462046 0.0413981503002754 0.0412493977777182 0.042807987404675 0.045279013617702 0.042798988934744 0.042574288439411 0.0421063871274931 0.0435714498612554 0.0412449425534011 0.0414931081387064 0.0414991262242918 0.041476334156488 0.0421399816074748 0.042010871810861 0.0418278381394183 0.0418369407079579 0.0421081321829848 0.0419680151681336 0.0420880884072859 0.0418278381394183 0.0419673338452274 -9999 -9999 -9999
-9999 -9999 -9999 -9999 -9999 -9999 -9999 -9999 -9999 -9999 -9999 -9999 -9999 -9999 -9999 -9999 -9999 -9999 -9999 0.0425866978403511 0.0425904304472001 0.0422488395091945 0.0426455744080207 0.0436304513074273 0.0495659884341784 0.0421314681028275 0.0446433662190647 0.0424563439971091 0.0416708036164666 0.04171997621649 0.0420396876565407 0.042624911060909 0.0413120322353666 0.0411058141118203 0.0415006265210351 0.0428863315000485 0.0421081321829848 0.0421035003704809 0.0419807877020777 0.0432665951198989 0.0421869141946764 0.0421347730561723 0.0421113826518564 0.0419930863108911 0.0421300291106477 0.0421147931994421 -9999 -9999
-9999 -9999 -9999 -9999 -9999 -9999 -9999 -9999 -9999 -9999 -9999 -9999 -9999 -9999 -9999 -9999 -9999 -9999 0.0413872138151601 0.0436168311801072 0.0427095605495393 0.0422848827113921 0.0421220896641702 0.0421388544811918 0.0423426478917634 0.0421215590508789 0.0422974199369069 0.0422553138480164 0.0413806929223745 0.0421163900443086 0.0421324067871962 0.0421868414707087 0.0415130315322641 0.041734212782713 0.0414637668887795 0.0417060325059003 0.0435184445117668 0.0412309977527297 -9999 -9999 0.040784655534707 0.0434293425427838 0.0453827101320441 0.043676325864408 0.0422551462819203 0.0420236170748154 -9999 -9999
-9999 -9999 -9999 -9999 -9999 -9999 -9999 -9999 -9999 -9999 -9999 -9999 -9999 -9999 -9999 -9999 -9999 -9999 0.0417425985350839 0.0421867834052438 0.0461457387358821 0.0421752374820651 0.042185733692689 0.0421268363665864 0.0421220896641702 0.0421418842432651 0.0421712089844154 0.0422379386020037 0.0420257474565617 0.0434115584623408 0.0435616158027063 0.0421528423694618 0.042056840755303 0.0414995446576181 0.0413684561362475 0.0412138543111389 -9999 -9999 -9999 -9999 -9999 -9999 0.041976854024275 0.0434922189478977 0.0444329026860845 0.0437377848076179 0.0433894715309766 -9999
-9999 -9999 -9999 0.0412309977527297 0.0414155382607776 0.0415137733262469 0.0412309977527297 0.0412369219258424 0.0479088059053101 0.0470513695342139 0.046391589092642 0.223167321082847 0.0467732748219291 0.0466569855670182 0.0468010680486948 0.0415306028570984 0.0415114195572959 0.0412309977527297 0.042226893974999 0.0421967372982503 0.0465256481674545 0.0425759788689597 0.0421556783582935 0.042331159565714 0.0421597031758114 0.0436152220125409 0.0436398981950833 0.0419999997476677 -9999 -9999 -9999 -9999 0.0423170970474104 0.0426838575905955 -9999 -9999 -9999 -9999 -9999 -9999 -9999 -9999 0.0437095319983443 0.0436545825367371 0.0421081321829848 0.0420909667539048 0.0426094869356711 0.0421347730561723
-9999 -9999 -9999 0.0415114195572959 0.0414997424529694 0.0420142430059857 0.0414222903998679 0.0412493977777182 0.0415788621370098 0.0430864175196321 0.0422179184304528 0.0439189012232426 0.0422982219873123 0.0422900825543995 0.0422878078896768 0.0422255977677468 0.0422982219873123 0.0421834178935118 0.042208948269473 0.0429572882958348 0.0707490586543606 0.0565470059496706 0.217857070121824 0.160293251690119 0.127043015511552 0.0427457425851044 0.0434432888621812 -9999 -9999 -9999 -9999 -9999 -9999 -9999 -9999 -9999 -9999 -9999 -9999 -9999 -9999 -9999 -9999 0.0421323197773401 0.0422640963517402 0.0422493967499224 0.0457830128403128 0.0434174791543655
-9999 -9999 -9999 -9999 0.0415058322787231 0.0415306028570984 0.0415655681294242 0.0417550038491617 0.0421975141301376 0.0484658769922477 0.0482677570337058 0.048000221651429 0.0473915786992435 0.0490245179900546 0.268483887306069 0.263923230799169 0.04216933457376 0.0548068434031615 0.0422305940916822 0.0422758334716872 0.04224848257488 0.0422297822482844 0.0422720215355769 0.0431659360162242 0.0430462051359279 0.30976888236907 0.0475831779160957 0.0448441387348691 -9999 -9999 -9999 -9999 -9999 -9999 -9999 -9999 -9999 -9999 -9999 -9999 -9999 -9999 -9999 -9999 0.0421856901980969 0.0421323529131396 0.0424705739009048 0.0425896947804398
-9999 -9999 -9999 0.0414155382607776 0.0414155382607776 0.0414172204584512 0.0421744606071097 0.0421386012210757 0.0456990881638128 0.0483424933160204 0.0477490475135974 0.0457964554310522 0.048092148616494 0.0484642422631895 0.0452478884736462 0.0451917552453256 0.0482017737188022 0.0480265746104594 0.0455692501533849 0.0467159528260356 0.0531603668191636 0.0624566135953782 0.0487537654986064 0.0625483799164112 0.0421699656514648 0.0417466612509546 0.0446419492827394 -9999 -9999 -9999 -9999 -9999 -9999 -9999 -9999 -9999 -9999 -9999 -9999 -9999 -9999 -9999 -9999 -9999 -9999 -9999 0.0421377125348457 0.0421466170251624
-9999 -9999 -9999 -9999 0.0421963300755711 0.0419844310229609 0.0455812122520706 0.0456401231769718 0.048076693530455 0.048395407160736 0.0482905106172907 0.0480089065191662 0.0452209557028265 0.0482536104880844 0.0470798801359554 0.04822818297622 0.0481878925239705 0.0480265746104594 0.0479224226261227 0.045363567301298 0.0591485752413602 0.0608507112423436 0.04536420121883 0.0457596080178528 0.0451389205952755 -9999 -9999 -9999 -9999 -9999 -9999 -9999 -9999 -9999 -9999 -9999 -9999 -9999 -9999 -9999 -9999 -9999 -9999 -9999 -9999 -9999 -9999 -9999
-9999 -9999 -9999 -9999 0.0411174053962517 0.0418698031138152 0.0471800387867401 0.0481694867535554 0.0508196961874943 0.0488477651262308 0.0481935183582273 0.0638503147777148 0.0496516930756621 0.0499066632196289 0.048751756129723 0.04526302309283 0.0451462034865287 0.0501569372565865 0.0610202206323397 0.0480913126361457 0.0452864089897127 0.0453028839764881 0.0454905432392108 -9999 -9999 -9999 -9999 -9999 -9999 -9999 -9999 -9999 -9999 -9999 -9999 -9999 -9999 0.043103636597299 0.0422071602075178 0.0436807474585989 -9999 -9999 -9999 -9999 -9999 -9999 -9999 -9999
-9999 -9999 -9999 0.0420103830136976 0.0412309977527297 0.0456031932670558 0.046951588223144 0.0487120429884203 0.0459508084418481 0.0495634301953456 0.0497820029124761 0.0500040847464383 0.048841398857235 0.0457818000496408 0.0457141351268933 0.0482805107234406 0.0457107468899449 0.156275073673544 0.045362934195211 0.0468348820711175 0.0452140042435966 0.0451957412667267 -9999 -9999 -9999 -9999 -9999 -9999 -9999 -9999 -9999 -9999 -9999 -9999 -9999 -9999 -9999 -9999 0.0482284203951823 0.0472130943123265 -9999 -9999 -9999 -9999 -9999 -9999 -9999 -9999
