Scripts_&_data/BRT_projection_files/BRT_SCV2/B_confusus_1_projection.asc
NCOLS 79 
NROWS 71 
XLLCORNER -10.5 
YLLCORNER 36 
CELLSIZE 0.5 
NODATA_value -9999 
[rows 44 to 65 of 71, columns 0 to 48 of 79]
-9999 -9999 -9999 -9999 -9999 -9999 -9999 -9999 -9999 -9999 -9999 -9999 -9999 -9999 -9999 -9999 -9999 -9999 0.136850118660738 0.14707040655373 0.177816095108817 0.193507885072409 0.192791103734936 0.22509190167357 0.181039285253412 0.180990332436903 0.181350810774922 0.183907072133901 0.224418167554075 0.183724773006564 0.169435060220156 0.186880724422343 0.176840875892067 0.214771428567672 0.412673123179213 0.396162700751548 0.173466150011485 0.392975928881275 0.415097337686132 0.361177568891321 0.445720766734298 0.345863575086323 0.472897868078307 0.498546296543156 0.488338666323795 0.490192356970082 0.453952289485702 0.520455960682211 0.479515361408192
-9999 -9999 -9999 -9999 -9999 -9999 -9999 -9999 -9999 -9999 -9999 -9999 -9999 -9999 0.135785160111262 -9999 -9999 -9999 0.168407085558564 0.223638587509437 0.222004533174447 0.221612013435534 0.240869361650177 0.18267361028171 0.202505753013207 0.188949312710808 0.244602273292667 0.174475835692292 0.180384175676297 0.179708940585528 0.159050781669544 0.188703456226698 0.184058751492557 0.303961096715765 0.257464932927212 0.228926002723453 0.350552445441098 0.242374879956168 0.472840373977556 0.372659282569928 0.50916722023215 0.488769470583036 0.461642706761383 0.484370813499652 0.484726570001435 0.467131080247597 0.467618451975579 0.343585567532358 0.320392546256542
-9999 -9999 -9999 -9999 -9999 -9999 -9999 -9999 -9999 -9999 -9999 -9999 0.154242509204556 0.157042521022758 0.153645112221463 0.163268662989048 0.138970216432593 0.133373402580111 0.154881477446009 0.168283450122215 0.206258926827201 0.182438212859603 0.217382928268403 0.193652491034857 0.155355370927034 0.156849042185413 0.165885717439876 0.161287686493827 0.183345819430733 0.179558872683371 0.19133115307785 0.192129544538793 0.209053888895239 0.296932736893439 0.270408077473488 0.203909647659173 0.346259448764854 0.284298401972864 0.329974593443086 0.50213025774287 0.282158115729357 0.44612160275785 0.46370456398786 0.437144547433928 0.479705421171548 0.408276625396022 0.307124675900412 0.329350266851137 0.29310613811668
-9999 -9999 -9999 -9999 -9999 -9999 -9999 -9999 -9999 -9999 -9999 -9999 -9999 -9999 0.141371454059557 0.136589377558369 0.135698621931603 0.131634561977999 0.137462152215273 0.138208814864907 0.161683858799951 0.181394168955494 0.159657536769414 0.168173006335457 0.181862023829806 0.172064870299508 0.164174298003992 0.164636090866266 0.175762518330529 0.253523538783446 0.261767245960305 0.180389177446035 0.192763978686642 0.227251184129918 0.14736930534394 0.228736740336398 0.494677915193667 0.400272314483516 0.336358294690241 0.234871453404647 0.180691349664244 0.128291512262603 0.166307563968744 0.268604490466862 0.310017871483801 0.255955950634317 0.311298685080843 0.314061990239935 0.296589097479811
-9999 -9999 -9999 -9999 -9999 -9999 -9999 -9999 -9999 -9999 -9999 -9999 -9999 -9999 -9999 -9999 -9999 0.171368212443108 0.137672067622623 0.133283027798645 0.157048298727635 0.16574628099627 0.164644830257714 0.161437170731611 0.171892513688704 0.183848976228051 0.158161671548061 0.198371042643625 0.201811132064012 0.281864024713001 0.270509707384115 0.172713115987185 0.226984168214617 0.26806659912069 0.299385961760139 0.350345683241145 0.334314385527114 0.364946082987658 0.372488177300575 0.333427229834418 0.262772628324894 0.116599702852113 0.239952800074255 0.244743076803858 0.154074422245111 0.129053720334873 0.130836179068604 0.152510183404271 0.242139386260299
-9999 -9999 -9999 -9999 -9999 -9999 -9999 -9999 -9999 -9999 -9999 -9999 -9999 -9999 -9999 -9999 -9999 0.140621276800681 0.138090605257091 0.138195096127862 0.138001548765314 0.137488782962137 0.137424720718374 0.158292902501886 0.13865116072471 0.155497572434921 0.17981642823358 0.20260950942103 0.192094691955663 0.2046982796589 0.202247680026739 0.173226072700452 0.177839981472674 0.348275115872616 0.349301861940466 0.378535694856123 0.336913783511263 0.230926545753326 0.118473397477814 0.119510100320276 0.127600673822507 0.127697702455308 0.196646537846498 0.164989054969309 0.242921311967924 0.213966503069588 0.241635701604686 0.290220530279155 0.27997523739232
-9999 -9999 -9999 -9999 -9999 -9999 -9999 -9999 -9999 -9999 -9999 -9999 -9999 -9999 -9999 -9999 -9999 -9999 -9999 0.138692117334176 0.142749611971301 0.138734783320498 0.135202656021175 0.183668249950598 0.252538732255294 0.224603578699191 0.250487259945539 0.245362407353756 0.247352437548744 0.269976359400326 0.203857281076646 0.197103288782699 0.295596719528645 0.332681793855203 0.305777133267816 0.302872886780239 0.210697569650499 0.156244038864949 0.302352202810378 0.263298641855216 0.150386678495126 0.244032895667347 0.239621176824953 0.279154952614504 0.277710482760141 0.278221961167498 0.42029216064475 0.340429112817164 0.0883311981465405
-9999 -9999 -9999 -9999 -9999 -9999 -9999 -9999 -9999 -9999 -9999 -9999 -9999 -9999 -9999 -9999 -9999 -9999 -9999 0.14090245853738 0.141352023504185 0.170150091471468 0.173224275036402 0.207894969516892 0.172745474932016 0.236112137622866 0.314335554122209 0.3148376737994 0.257948501608604 0.158900194229116 0.226926972524908 0.192100808217126 0.177839548148878 0.280342824475278 0.256761588974177 0.222058961640136 0.130803957642514 0.199147437389418 0.133719696475735 0.10568926599259 0.289129751582999 0.295102908379536 0.292933384727721 0.286151321644197 0.218485764988784 0.129201451682003 0.111745963877284 -9999 0.143400577055374
-9999 -9999 -9999 -9999 -9999 -9999 -9999 -9999 -9999 -9999 -9999 -9999 -9999 -9999 -9999 -9999 -9999 -9999 -9999 0.171850470321947 0.166433951064783 0.171313238047479 0.175820602503653 0.167608181822259 0.171766806889456 0.174137807906315 0.28492253148877 0.413312589380558 0.280805937483388 0.224625509021972 0.18548025858567 0.220862604757042 0.178104624635184 0.240952750061758 0.221944477371333 0.274262713835605 0.176966653639178 0.108294557591034 0.112188165223075 0.122688080294966 0.114708837709347 0.108559248677084 0.108870051363324 0.112081870627256 0.124462133621362 -9999 -9999 -9999 0.144540881717805
-9999 -9999 -9999 -9999 -9999 -9999 -9999 -9999 -9999 -9999 -9999 -9999 -9999 -9999 -9999 -9999 -9999 -9999 -9999 0.168659340252469 0.18168906488541 0.173809588199985 0.171723122740608 0.177475527608835 0.173196897410699 0.222097755777109 0.228562751641591 0.233074670778503 0.277632582498721 0.285552777299197 0.167117018924597 0.232981596330803 0.236217834156389 0.225711458171048 0.22532321298344 0.289398127430528 0.124570191648331 0.138717816724785 0.111948465545207 0.227077890842911 0.191062159937741 0.193395642999658 0.13210386497484 0.108137641612254 0.0964176635539043 0.092199294649071 -9999 -9999 -9999
-9999 -9999 -9999 -9999 -9999 -9999 -9999 -9999 -9999 -9999 -9999 -9999 -9999 -9999 -9999 -9999 -9999 -9999 0.13207284698876 0.158271991393692 0.148565271181731 0.170028557812056 0.137751357463643 0.168616289986364 0.173546712317315 0.141531730996293 0.195725819825238 0.214835571575186 0.242218806590617 0.163796416232011 0.164486228090177 0.20112850221745 0.166977718700956 0.235613167480269 0.224687060749556 0.262504013836051 0.257913378103434 0.159263653974392 -9999 -9999 0.0965222723239712 0.311422772082528 0.453736911178706 0.342087829632364 0.185250826169016 0.108877604729263 -9999 -9999 -9999
-9999 -9999 -9999 -9999 -9999 -9999 -9999 -9999 -9999 -9999 -9999 -9999 -9999 -9999 -9999 -9999 -9999 -9999 0.134877769163409 0.156170493050396 0.164828310277306 0.135014658523469 0.13311081828919 0.17808444870713 0.137204505282229 0.173974322147985 0.19064131001534 0.173447081836787 0.176057460264016 0.185145703435009 0.196313283341178 0.163250213716361 0.159566935167943 0.156578768704566 0.164499506381427 0.112434578590583 -9999 -9999 -9999 -9999 -9999 -9999 0.169615774443926 0.270193689778292 0.204287366305534 0.278025833548348 0.129094861962148 -9999 -9999
-9999 -9999 -9999 0.0999165332686675 0.158919761486327 0.159129141879475 0.107077253654412 0.0968221277429747 0.132940342620864 0.143726116985993 0.100013354102568 0.0898675841840817 0.129059377064208 0.129089682625253 0.129025040944358 0.159063692816376 0.152669086832333 0.105536226915777 0.163434896723993 0.178289267190271 0.187925410316977 0.185691568867621 0.166342880164307 0.173907519515646 0.164686612332814 0.18345569462174 0.171521464157505 0.175409266594584 -9999 -9999 -9999 -9999 0.153873351486998 0.168736755167463 -9999 -9999 -9999 -9999 -9999 -9999 -9999 -9999 0.182042413801315 0.172265341456462 0.148214511730177 0.14615629960455 0.203489608638264 0.169195309421369 0.0937371232645885
-9999 -9999 -9999 0.152902832055006 0.152986546155298 0.15972678352041 0.151674940293257 0.107305414430101 0.129007808417956 0.164141583655437 0.190162537858814 0.266026770678389 0.170569736618052 0.172238819308627 0.161503560896335 0.181828090210105 0.196425574525359 0.152138354130197 0.166705953673113 0.221803809245681 0.274091952009682 0.2662324372334 0.267027851015655 0.26834393795661 0.306298735934341 0.184726388336897 0.17546685646592 -9999 -9999 -9999 -9999 -9999 -9999 -9999 -9999 -9999 -9999 -9999 -9999 -9999 -9999 -9999 -9999 0.156462109940102 0.163140980978701 0.175502314191184 0.180414248437731 0.293330094132347 0.177466939012092
-9999 -9999 -9999 -9999 0.152568820956172 0.153497611631422 0.153654118014758 0.209845314786027 0.15298735144436 0.128894681391891 0.12377184043786 0.132812084368455 0.125615135736026 0.141598931162859 0.211422503079882 0.267382444208094 0.175689507260292 0.128656115120948 0.130367032464888 0.13495322003187 0.164172764356237 0.149325929647434 0.165452229051982 0.0998638392726729 0.221233269609905 0.297335711540037 0.127605815053566 0.123885698321518 -9999 -9999 -9999 -9999 -9999 -9999 -9999 -9999 -9999 -9999 -9999 -9999 -9999 -9999 -9999 -9999 0.140019860043398 0.178064092412526 0.18771342385304 0.168189630158906 0.295071058492343
-9999 -9999 -9999 0.100462820248786 0.102515414604429 0.101973311362108 0.158367003802122 0.153451854919624 0.142778503287184 0.12879157715309 0.129541550323603 0.132183102757993 0.145874094940055 0.134120298827898 0.128768588787902 0.133803496665836 0.145930830993584 0.128029373501125 0.128486346235332 0.162461424971462 0.123854422844274 0.142995393033362 0.128689884531094 0.12929598543671 0.149639341631604 0.100446069207661 0.0937967419946996 -9999 -9999 -9999 -9999 -9999 -9999 -9999 -9999 -9999 -9999 -9999 -9999 -9999 -9999 -9999 -9999 -9999 -9999 -9999 0.242066119692808 0.160394638221936 0.176794412525611
-9999 -9999 -9999 -9999 0.114814345686453 0.102186629337191 0.114834627229583 0.122356496448976 0.124240554656296 0.127086085444758 0.12485366030935 0.128052245459298 0.121303007026054 0.137149131765092 0.136999390589594 0.128016275255086 0.134369985776143 0.134427115806612 0.12808904528243 0.1237964900172 0.148224979752481 0.145746159948428 0.1252508746813 0.128635637772697 0.126230872671357 -9999 -9999 -9999 -9999 -9999 -9999 -9999 -9999 -9999 -9999 -9999 -9999 -9999 -9999 -9999 -9999 -9999 -9999 -9999 -9999 -9999 -9999 -9999 0.172978373607793
-9999 -9999 -9999 -9999 0.0922829929774124 0.0990264917169293 0.135553429695441 0.126746444903981 0.127378761657728 0.129487869150682 0.134209082258727 0.137557503551906 0.154148170839705 0.130680715407126 0.128929593007798 0.121323055659856 0.123039814783541 0.166115043666738 0.145618747236752 0.134881496895561 0.121318166286912 0.121096287301684 0.126711065728633 -9999 -9999 -9999 -9999 -9999 -9999 -9999 -9999 -9999 -9999 -9999 -9999 -9999 -9999 0.126575969949436 0.136153501392488 0.171955844351163 -9999 -9999 -9999 -9999 -9999 -9999 -9999 -9999 -9999
-9999 -9999 -9999 0.0998743388149058 0.0922657160315153 0.0907224840145247 0.14066149396797 0.123617820033282 0.125009357811876 0.12749823861545 0.124367160448303 0.137071782159754 0.128577937214239 0.145850575139267 0.128565497423821 0.123751582262277 0.123826544469097 0.171107522115285 0.140220956296502 0.200086449365794 0.122244942801976 0.124168625776139 -9999 -9999 -9999 -9999 -9999 -9999 -9999 -9999 -9999 -9999 -9999 -9999 -9999 -9999 -9999 -9999 0.157211563913 0.172526793785272 -9999 -9999 -9999 -9999 -9999 -9999 -9999 -9999 -9999
-9999 -9999 -9999 0.136119057963583 0.093960170180444 0.0921502356606165 0.13101438524518 0.120437002122765 0.123888839219088 0.125471754642532 0.126274259279612 0.12700231106407 0.128858142945685 0.128652166281066 0.130004904583123 0.129081671332622 0.121367712692736 0.121121374844117 0.122751929516406 0.128576096630584 0.161349544075682 -9999 -9999 -9999 -9999 -9999 -9999 -9999 -9999 -9999 -9999 -9999 -9999 -9999 -9999 -9999 -9999 -9999 0.164986768035653 0.175988385215629 -9999 -9999 -9999 -9999 -9999 -9999 -9999 -9999 -9999
-9999 -9999 0.137457754302553 0.130202212489648 0.131125794004034 0.13007961975022 0.133330218419779 0.123426770541155 0.128537005814658 0.128889779582883 0.124920524706456 0.121923199207372 0.121155607917088 0.128384813184601 0.130447241374421 0.12814951179493 0.130031633742499 0.130558206043776 0.123346912581561 0.128561787067015 -9999 -9999 -9999 -9999 -9999 -9999 -9999 -9999 -9999 -9999 -9999 -9999 -9999 -9999 -9999 -9999 -9999 -9999 0.166371550004721 0.165292941504008 -9999 -9999 -9999 -9999 -9999 -9999 -9999 -9999 -9999
-9999 -9999 0.104970838200213 0.128698897087066 0.125012666309832 0.129608595736704 0.128513262813179 0.128704531340612 0.128704235348161 0.128986882568979 0.123852514219554 0.121241357898318 0.127631811089377 0.128506121013914 0.128415216980862 0.122765645638946 0.121252660635125 0.128819198385832 0.126112434344084 0.128586653109038 0.103459658177504 -9999 -9999 -9999 -9999 -9999 -9999 -9999 -9999 -9999 -9999 -9999 -9999 -9999 -9999 -9999 -9999 -9999 -9999 -9999 -9999 -9999 -9999 -9999 -9999 -9999 -9999 -9999 -9999
