Scripts_&_data/BRT_projection_files/BRT_SCV2/B_consobrinus_2_projection.asc
NCOLS 79 
NROWS 71 
XLLCORNER -10.5 
YLLCORNER 36 
CELLSIZE 0.5 
NODATA_value -9999 
[rows 42 to 62 of 71, columns 0 to 47 of 79]
-9999 -9999 -9999 -9999 -9999 -9999 -9999 -9999 -9999 -9999 0.026150814579491 -9999 -9999 0.0261481971239346 -9999 -9999 -9999 -9999 -9999 -9999 -9999 -9999 -9999 -9999 0.0261454031296683 0.0261454031296683 0.0261454031296683 0.0261454031296683 0.0261454031296683 0.0261454031296683 0.0261454031296683 0.0261454031296683 0.0261454031296683 0.0261454031296683 0.0261454031296683 0.0261454031296683 0.0261454031296683 0.0261454031296683 0.0261454031296683 0.0261454031296683 0.0261454031296683 0.0261454031296683 0.0261454031296683 0.0261454031296683 0.0261454031296683 0.0261454031296683 0.0261454031296683 0.0261454031296683
-9999 -9999 -9999 -9999 -9999 -9999 -9999 -9999 -9999 -9999 -9999 -9999 -9999 -9999 -9999 -9999 -9999 -9999 -9999 -9999 -9999 -9999 0.0261454031296683 0.0261454031296683 0.0261454031296683 0.0261454031296683 0.0261454031296683 0.0261454031296683 0.0261454031296683 0.0261454031296683 0.0261454031296683 0.026150814579491 0.026150814579491 0.026150814579491 0.0261454031296683 0.0261454031296683 0.0261454031296683 0.0261454031296683 0.0261454031296683 0.0261454031296683 0.0261454031296683 0.0261454031296683 0.0261454031296683 0.0261454031296683 0.0261454031296683 0.0261454031296683 0.0261454031296683 0.0261454031296683
-9999 -9999 -9999 -9999 -9999 -9999 -9999 -9999 -9999 -9999 -9999 -9999 -9999 -9999 -9999 -9999 -9999 -9999 0.0261454031296683 0.0261454031296683 0.0261454031296683 0.0261454031296683 0.0261454031296683 0.0261454031296683 0.0261454031296683 0.0261454031296683 0.0261454031296683 0.0261454031296683 0.0261454031296683 0.0261454031296683 0.0261454031296683 0.0261454031296683 0.0261454031296683 0.0261454031296683 0.0261454031296683 0.0261454031296683 0.0261876006843843 0.0261454031296683 0.0261454031296683 0.0261454031296683 0.0261454031296683 0.0261454031296683 0.0261454031296683 0.0261454031296683 0.0261454031296683 0.0261454031296683 0.0261454031296683 0.0261454031296683
-9999 -9999 -9999 -9999 -9999 -9999 -9999 -9999 -9999 -9999 -9999 -9999 -9999 -9999 0.0261454031296683 -9999 -9999 -9999 0.0261454031296683 0.0261454031296683 0.0261454031296683 0.0261454031296683 0.0261454031296683 0.0261454031296683 0.0261454031296683 0.0261851209143527 0.0261454031296683 0.0261454031296683 0.0261454031296683 0.0261454031296683 0.0261454031296683 0.0261454031296683 0.0261454031296683 0.0261454031296683 0.0261454031296683 0.0261454031296683 0.0261454031296683 0.0261454031296683 0.0261454031296683 0.0261876006843843 0.0261454031296683 0.0261454031296683 0.0261454031296683 0.0261454031296683 0.0261454031296683 0.0261454031296683 0.0261454031296683 0.0261454031296683
-9999 -9999 -9999 -9999 -9999 -9999 -9999 -9999 -9999 -9999 -9999 -9999 0.0261454031296683 0.0261454031296683 0.0261454031296683 0.0261454031296683 0.0261454031296683 0.0261454031296683 0.0261454031296683 0.0261454031296683 0.0261454031296683 0.0261454031296683 0.0261454031296683 0.0261454031296683 0.0261454031296683 0.0261454031296683 0.0261454031296683 0.0261454031296683 0.0261454031296683 0.0261454031296683 0.0261454031296683 0.0261454031296683 0.0261454031296683 0.0261454031296683 0.0261454031296683 0.0261454031296683 0.0261454031296683 0.0262281916818465 0.0261454031296683 0.0261454031296683 0.0261454031296683 0.0261454031296683 0.0261454031296683 0.0261454031296683 0.0261454031296683 0.0261454031296683 0.0261454031296683 0.0261454031296683
-9999 -9999 -9999 -9999 -9999 -9999 -9999 -9999 -9999 -9999 -9999 -9999 -9999 -9999 0.026150814579491 0.0261454031296683 0.0261454031296683 0.0261454031296683 0.0261454031296683 0.0261454031296683 0.0261454031296683 0.0261454031296683 0.0261454031296683 0.0261454031296683 0.0261454031296683 0.0261454031296683 0.0261454031296683 0.0261454031296683 0.0261454031296683 0.0261454031296683 0.0261454031296683 0.0261454031296683 0.0261454031296683 0.0261454031296683 0.0261454031296683 0.0261454031296683 0.0261454031296683 0.0261454031296683 0.026150814579491 0.026150814579491 0.0261454031296683 0.0261454031296683 0.0261454031296683 0.026150814579491 0.0261454031296683 0.0261454031296683 0.0261454031296683 0.0261454031296683
-9999 -9999 -9999 -9999 -9999 -9999 -9999 -9999 -9999 -9999 -9999 -9999 -9999 -9999 -9999 -9999 -9999 0.0261454031296683 0.0261454031296683 0.0261454031296683 0.0261454031296683 0.0261454031296683 0.0261454031296683 0.0261454031296683 0.0261454031296683 0.0261454031296683 0.0261454031296683 0.0261454031296683 0.0261454031296683 0.0261454031296683 0.0261454031296683 0.0261454031296683 0.0261454031296683 0.0261454031296683 0.0261454031296683 0.026150814579491 0.026150814579491 0.026150814579491 0.026150814579491 0.0261454031296683 0.026150814579491 0.0514965460723805 0.0436902944544863 0.0456543504674297 0.026150814579491 0.026150814579491 0.0534968896672401 0.0309947752500979
-9999 -9999 -9999 -9999 -9999 -9999 -9999 -9999 -9999 -9999 -9999 -9999 -9999 -9999 -9999 -9999 -9999 0.0261454031296683 0.0261454031296683 0.0261454031296683 0.0261454031296683 0.0261454031296683 0.0261454031296683 0.0261454031296683 0.0261454031296683 0.0261454031296683 0.0261454031296683 0.0261454031296683 0.0261454031296683 0.0261454031296683 0.0261454031296683 0.0261454031296683 0.0261454031296683 0.0261454031296683 0.026150814579491 0.0261454031296683 0.0261454031296683 0.0336476042049401 0.0488088736571884 0.0450635592983122 0.0507505658947175 0.0511767952828458 0.0518267968545791 0.0434493092041148 0.0480398033576151 0.0466512307257964 0.0438731527779698 0.0387966101603911
-9999 -9999 -9999 -9999 -9999 -9999 -9999 -9999 -9999 -9999 -9999 -9999 -9999 -9999 -9999 -9999 -9999 -9999 -9999 0.0261454031296683 0.0261454031296683 0.0261454031296683 0.0261454031296683 0.0261454031296683 0.0261454031296683 0.0261454031296683 0.0261454031296683 0.0261454031296683 0.0261454031296683 0.0261454031296683 0.0261454031296683 0.0261454031296683 0.0261454031296683 0.026150814579491 0.026150814579491 0.0439361167915437 0.04651576193261 0.0423229453552426 0.0261481971239346 0.0331978856402053 0.0510711540736397 0.0496836103255899 0.0476098921411527 0.0261454031296683 0.043513327161323 0.030957589544728 0.0261454031296683 0.026150814579491
-9999 -9999 -9999 -9999 -9999 -9999 -9999 -9999 -9999 -9999 -9999 -9999 -9999 -9999 -9999 -9999 -9999 -9999 -9999 0.0261454031296683 0.0261454031296683 0.0261454031296683 0.0261454031296683 0.0261454031296683 0.0261454031296683 0.0261454031296683 0.0261454031296683 0.0261454031296683 0.0261454031296683 0.0261454031296683 0.0261454031296683 0.0261454031296683 0.0261454031296683 0.0261542394355073 0.0367371638642981 0.0491445233254937 0.0286887218651302 0.0261454031296683 0.0262064467017488 0.0262064467017488 0.0261454031296683 0.0261454031296683 0.0261454031296683 0.0261454031296683 0.0261454031296683 0.0261454031296683 0.0261454031296683 -9999
-9999 -9999 -9999 -9999 -9999 -9999 -9999 -9999 -9999 -9999 -9999 -9999 -9999 -9999 -9999 -9999 -9999 -9999 -9999 0.0261454031296683 0.0261454031296683 0.0261454031296683 0.0261454031296683 0.0261454031296683 0.0261454031296683 0.0261454031296683 0.0261454031296683 0.0261454031296683 0.0261454031296683 0.0261454031296683 0.0261454031296683 0.0261454031296683 0.0261454031296683 0.0261454031296683 0.0441089055394656 0.0261454031296683 0.0261454031296683 0.0261454031296683 0.0261454031296683 0.0261454031296683 0.0261454031296683 0.0261454031296683 0.0261468416516352 0.0261454031296683 0.0261454031296683 -9999 -9999 -9999
-9999 -9999 -9999 -9999 -9999 -9999 -9999 -9999 -9999 -9999 -9999 -9999 -9999 -9999 -9999 -9999 -9999 -9999 -9999 0.0261454031296683 0.0261454031296683 0.0261454031296683 0.0261454031296683 0.0261454031296683 0.0261454031296683 0.0261454031296683 0.0261454031296683 0.0261454031296683 0.0261454031296683 0.0261454031296683 0.0261454031296683 0.0261454031296683 0.0261466116229039 0.0262336285886155 0.0358404528612155 0.026150814579491 0.0261454031296683 0.0261454031296683 0.0261454031296683 0.0261454031296683 0.0261454031296683 0.0261454031296683 0.0261454031296683 0.0261454031296683 0.0261454031296683 0.0261454031296683 -9999 -9999
-9999 -9999 -9999 -9999 -9999 -9999 -9999 -9999 -9999 -9999 -9999 -9999 -9999 -9999 -9999 -9999 -9999 -9999 0.0261823091000026 0.0261454031296683 0.0261454031296683 0.0261454031296683 0.0261454031296683 0.0261454031296683 0.0261454031296683 0.0261454031296683 0.026150814579491 0.026150814579491 0.0262281916818465 0.026150814579491 0.0261454031296683 0.0261481971239346 0.0261468416516352 0.026150814579491 0.0261468416516352 0.026150814579491 0.0261454031296683 0.0261454031296683 -9999 -9999 0.026203681950528 0.0261454031296683 0.0261454031296683 0.0261454031296683 0.0261454031296683 0.0261454031296683 -9999 -9999
-9999 -9999 -9999 -9999 -9999 -9999 -9999 -9999 -9999 -9999 -9999 -9999 -9999 -9999 -9999 -9999 -9999 -9999 0.0261454031296683 0.0261454031296683 0.0261454031296683 0.0261454031296683 0.0261454031296683 0.0261454031296683 0.0261454031296683 0.0261454031296683 0.0261454031296683 0.026150814579491 0.0261454031296683 0.0261454031296683 0.0261454031296683 0.026150814579491 0.026150814579491 0.026150814579491 0.0261542394355073 0.0263143017342469 -9999 -9999 -9999 -9999 -9999 -9999 0.0261454031296683 0.0261454031296683 0.0261454031296683 0.0261454031296683 0.0261454031296683 -9999
-9999 -9999 -9999 0.026150814579491 0.026150814579491 0.026150814579491 0.026150814579491 0.0262336285886155 0.0261454031296683 0.0261454031296683 0.0261454031296683 0.0261454031296683 0.0263075727494474 0.0261454031296683 0.0261454031296683 0.026150814579491 0.026163241367455 0.026150814579491 0.026150814579491 0.0261454031296683 0.0261454031296683 0.0261454031296683 0.0261454031296683 0.0261454031296683 0.0261454031296683 0.0261454031296683 0.0261454031296683 0.0261454031296683 -9999 -9999 -9999 -9999 0.0261454031296683 0.0261454031296683 -9999 -9999 -9999 -9999 -9999 -9999 -9999 -9999 0.0261454031296683 0.0261454031296683 0.0261454031296683 0.0261454031296683 0.0261454031296683 0.0261454031296683
-9999 -9999 -9999 0.026150814579491 0.026150814579491 0.026150814579491 0.026150814579491 0.026150814579491 0.026150814579491 0.026150814579491 0.026150814579491 0.026150814579491 0.026150814579491 0.026150814579491 0.026150814579491 0.026150814579491 0.026150814579491 0.026150814579491 0.026150814579491 0.026150814579491 0.0261454031296683 0.0261465101762927 0.0261454031296683 0.0261454031296683 0.0261454031296683 0.0261454031296683 0.0261454031296683 -9999 -9999 -9999 -9999 -9999 -9999 -9999 -9999 -9999 -9999 -9999 -9999 -9999 -9999 -9999 -9999 0.0261454031296683 0.0261454031296683 0.0261454031296683 0.0261454031296683 0.0261454031296683
-9999 -9999 -9999 -9999 0.026150814579491 0.026150814579491 0.026150814579491 0.026150814579491 0.026150814579491 0.0261454031296683 0.0261454031296683 0.0261454031296683 0.0261454031296683 0.0261454031296683 0.0261454031296683 0.0261454031296683 0.026150814579491 0.0261454031296683 0.026150814579491 0.026150814579491 0.026150814579491 0.026150814579491 0.026150814579491 0.026150814579491 0.026150814579491 0.0261454031296683 0.0261454031296683 0.0261454031296683 -9999 -9999 -9999 -9999 -9999 -9999 -9999 -9999 -9999 -9999 -9999 -9999 -9999 -9999 -9999 -9999 0.0261454031296683 0.0261454031296683 0.0261454031296683 0.0261454031296683
-9999 -9999 -9999 0.026150814579491 0.026150814579491 0.026150814579491 0.026150814579491 0.026150814579491 0.0261454031296683 0.0261454031296683 0.0261454031296683 0.0261454031296683 0.0261454031296683 0.0261454031296683 0.0261454031296683 0.0261454031296683 0.0261454031296683 0.0261454031296683 0.0261454031296683 0.0261454031296683 0.0261454031296683 0.0261454031296683 0.0261454031296683 0.0261454031296683 0.026150814579491 0.026150814579491 0.0261454031296683 -9999 -9999 -9999 -9999 -9999 -9999 -9999 -9999 -9999 -9999 -9999 -9999 -9999 -9999 -9999 -9999 -9999 -9999 -9999 0.0261454031296683 0.0261454031296683
-9999 -9999 -9999 -9999 0.026150814579491 0.026150814579491 0.0261454031296683 0.0261454031296683 0.0261454031296683 0.0261454031296683 0.0261454031296683 0.0261454031296683 0.0261454031296683 0.0261454031296683 0.0261512380504064 0.0261454031296683 0.0261512380504064 0.0261454031296683 0.0261454031296683 0.0261454031296683 0.0261454031296683 0.0261454031296683 0.0261454031296683 0.0261454031296683 0.0261454031296683 -9999 -9999 -9999 -9999 -9999 -9999 -9999 -9999 -9999 -9999 -9999 -9999 -9999 -9999 -9999 -9999 -9999 -9999 -9999 -9999 -9999 -9999 -9999
-9999 -9999 -9999 -9999 0.0261542394355073 0.026150814579491 0.0261454031296683 0.0261454031296683 0.0261454031296683 0.0261454031296683 0.0261454031296683 0.0261454031296683 0.0261454031296683 0.0261454031296683 0.0261454031296683 0.0261454031296683 0.0366819964752659 0.0261512380504064 0.0261454031296683 0.0261512380504064 0.0261454031296683 0.0261454031296683 0.0261454031296683 -9999 -9999 -9999 -9999 -9999 -9999 -9999 -9999 -9999 -9999 -9999 -9999 -9999 -9999 0.0261454031296683 0.0261454031296683 0.0261454031296683 -9999 -9999 -9999 -9999 -9999 -9999 -9999 -9999
-9999 -9999 -9999 0.026150814579491 0.026150814579491 0.0261454031296683 0.0261454031296683 0.0261454031296683 0.0261454031296683 0.0261454031296683 0.0261454031296683 0.0261454031296683 0.0261454031296683 0.0261454031296683 0.0261454031296683 0.0261454031296683 0.0261454031296683 0.0375344187425994 0.0261454031296683 0.0261512380504064 0.0261454031296683 0.0261454031296683 -9999 -9999 -9999 -9999 -9999 -9999 -9999 -9999 -9999 -9999 -9999 -9999 -9999 -9999 -9999 -9999 0.0261454031296683 0.0261454031296683 -9999 -9999 -9999 -9999 -9999 -9999 -9999 -9999
