Scripts_&_data/BRT_projection_files/BRT_SCV2/B_cryptarum_2_projection.asc
NCOLS 79 
NROWS 71 
XLLCORNER -10.5 
YLLCORNER 36 
CELLSIZE 0.5 
NODATA_value -9999 
[rows 44 to 65 of 71, columns 0 to 48 of 79]
-9999 -9999 -9999 -9999 -9999 -9999 -9999 -9999 -9999 -9999 -9999 -9999 -9999 -9999 -9999 -9999 -9999 -9999 0.168433940112226 0.168463799303719 0.165376119866648 0.16842168047337 0.168423585819057 0.168762086060821 0.16798579476181 0.166421609108512 0.166102945820658 0.166661674245602 0.193931163262359 0.190387027395277 0.201185064238959 0.209121723178401 0.208410129691439 0.207932196494155 0.209444189503924 0.208514414918152 0.205166384550209 0.165694585203065 0.208237150750694 0.209808495183094 0.22279300166033 0.254092979516677 0.221254288960348 0.221311923052555 0.225762232546745 0.230275551556078 0.249842746365391 0.295289219298571 0.254937455045216
-9999 -9999 -9999 -9999 -9999 -9999 -9999 -9999 -9999 -9999 -9999 -9999 -9999 -9999 0.168463799303719 -9999 -9999 -9999 0.168483431355844 0.212485179813836 0.206325767699068 0.210992517934251 0.196995498735546 0.164890925084677 0.165310799806702 0.165256982317482 0.165699035263464 0.166697126705808 0.16768592748079 0.185549713413415 0.190944246778684 0.208972566212146 0.208994722542254 0.206488234668208 0.209898859607436 0.205310974170707 0.168813011681767 0.205098042102965 0.207883013319469 0.207580474530827 0.235573160772794 0.230874367487207 0.217191838275923 0.218135744012132 0.226130153883256 0.218451068176619 0.221854737697178 0.239203681471022 0.292445033485966
-9999 -9999 -9999 -9999 -9999 -9999 -9999 -9999 -9999 -9999 -9999 -9999 0.168402080440703 0.172176994213613 0.168402029068036 0.168435341126967 0.168435341126967 0.165637360925272 0.168402029068036 0.168402029068036 0.172176994213613 0.166649203917984 0.169662145855535 0.167814720624952 0.164890925084677 0.165316334358613 0.165501661690256 0.166649203917984 0.166697126705808 0.168214933888986 0.194526696284963 0.209020173508667 0.209150598472435 0.20982778955064 0.20402075598026 0.204490375233548 0.172459279976798 0.258835237093558 0.222944272916803 0.227409834902927 0.225155653158367 0.223950530684718 0.221301715169098 0.220687431797024 0.223979358636513 0.226336726285489 0.226915940597044 0.226499251094855 0.227567092278632
-9999 -9999 -9999 -9999 -9999 -9999 -9999 -9999 -9999 -9999 -9999 -9999 -9999 -9999 0.168400123722349 0.168435341126967 0.168435341126967 0.166649203917984 0.168402029068036 0.168480648232878 0.166697126705808 0.166158783437733 0.165316334358613 0.165316334358613 0.166588102637093 0.167812214244823 0.166649203917984 0.167918900201502 0.168007339243131 0.201100301235908 0.209106445687254 0.209107032515016 0.209181060195532 0.208962283485503 0.22515258162327 0.208838281929416 0.219468970815893 0.222525514032671 0.219210080309054 0.219591196479221 0.222601975193897 0.260193813173867 0.261819578049622 0.300990202070116 0.314523357463874 0.304617362499871 0.274476858649472 0.313730124014964 0.312943156622816
-9999 -9999 -9999 -9999 -9999 -9999 -9999 -9999 -9999 -9999 -9999 -9999 -9999 -9999 -9999 -9999 -9999 0.1687341935746 0.168464755823751 0.166747009452115 0.164890925084677 0.16490377724739 0.165613609824722 0.166649203917984 0.166662095839726 0.168049993443377 0.168456897877988 0.168520371117285 0.173326568065495 0.209698997215573 0.209647304086773 0.16815831915637 0.17198413045673 0.210921446765097 0.22862822639895 0.219169819144144 0.219230084396724 0.220238095165413 0.249690339580719 0.27063796765146 0.211095830534725 0.324417220000896 0.270767187900545 0.340565458003548 0.350326636665752 0.350116378347008 0.376117759961676 0.272226504221099 0.2651694963487
-9999 -9999 -9999 -9999 -9999 -9999 -9999 -9999 -9999 -9999 -9999 -9999 -9999 -9999 -9999 -9999 -9999 0.168402029068036 0.168464755823751 0.16841944871784 0.166697126705808 0.166649203917984 0.166697126705808 0.168260240994898 0.168435341126967 0.168481544693106 0.168007390486524 0.168278320742145 0.168456685475062 0.209270775623948 0.168520371117285 0.168456685475062 0.208646319753469 0.320405572852239 0.254042950035547 0.349652711407158 0.324361306537502 0.334555722328988 0.375825348133772 0.308149176449622 0.379867127254198 0.37706979779523 0.328788918961546 0.283208694815579 0.302451126869988 0.285815568729861 0.281355289891854 0.280868439022465 0.273901207539059
-9999 -9999 -9999 -9999 -9999 -9999 -9999 -9999 -9999 -9999 -9999 -9999 -9999 -9999 -9999 -9999 -9999 -9999 -9999 0.168435341126967 0.168402029068036 0.168480648232878 0.168402029068036 0.168456685475062 0.196597889931781 0.210621501527727 0.211161535269237 0.169768222607686 0.196698314001055 0.209896711664418 0.172294944583152 0.168456685475062 0.231446072865631 0.219553197399053 0.309128571257115 0.271010332189912 0.266834991130073 0.344105851655733 0.271987826427715 0.349521939264351 0.353439040653715 0.331733284528797 0.327685123546392 0.2740413930225 0.272570084702138 0.273055437675279 0.227946528605448 0.198258148498276 0.219265357790269
-9999 -9999 -9999 -9999 -9999 -9999 -9999 -9999 -9999 -9999 -9999 -9999 -9999 -9999 -9999 -9999 -9999 -9999 -9999 0.168405481935474 0.168435341126967 0.168423585819057 0.168456685475062 0.168456685475062 0.21057302579524 0.213765346260252 0.249496565914752 0.193459434966981 0.215696607496249 0.210048563609649 0.168835015738975 0.168647380157201 0.209543417212852 0.307214106900171 0.344622227084584 0.33806793840951 0.328288884731301 0.211162719841629 0.168568886331471 0.168542381054036 0.209206675365503 0.257673657665722 0.308092708410841 0.268529559419471 0.209516601921868 0.168723754857165 0.16839028870496 -9999 0.168304635095364
-9999 -9999 -9999 -9999 -9999 -9999 -9999 -9999 -9999 -9999 -9999 -9999 -9999 -9999 -9999 -9999 -9999 -9999 -9999 0.168456685475062 0.16842709004015 0.168615217366832 0.168456685475062 0.168253269610169 0.168051253639715 0.210931207601828 0.269765795726425 0.219849267409726 0.209726562744958 0.210018468372376 0.168253269610169 0.168456685475062 0.211015967738998 0.274887762783911 0.333719886581188 0.275528069603929 0.168076247301401 0.168233086795033 0.168549080415126 0.168514322920522 0.168566367422121 0.168423569300886 0.166421609108512 0.166889707085062 0.16712805380043 -9999 -9999 -9999 0.168051253639715
-9999 -9999 -9999 -9999 -9999 -9999 -9999 -9999 -9999 -9999 -9999 -9999 -9999 -9999 -9999 -9999 -9999 -9999 -9999 0.168734942600504 0.168520371117285 0.16666021013613 0.168040400588846 0.168520371117285 0.168456685475062 0.20862835560852 0.208780568356591 0.255879523103213 0.27110390923683 0.224682820183137 0.168253269610169 0.222742689012702 0.320923125843487 0.315796665569699 0.357929995515054 0.261268544457311 0.167991148154918 0.165563406780822 0.168119942046211 0.208054062107972 0.168068481645979 0.168486093021538 0.165738254052257 0.165055127660747 0.164251218003057 0.164188029841335 -9999 -9999 -9999
-9999 -9999 -9999 -9999 -9999 -9999 -9999 -9999 -9999 -9999 -9999 -9999 -9999 -9999 -9999 -9999 -9999 -9999 0.168219395907258 0.168210991568204 0.168258701357412 0.165933232643276 0.165316334358613 0.165961893117638 0.168373082655308 0.168435392480621 0.221102329750962 0.21974868594556 0.252844078497968 0.168068481645979 0.168323780064195 0.172251486352605 0.211298922486484 0.325052010062171 0.318556726667242 0.309522291484423 0.205197462204102 0.168059651872841 -9999 -9999 0.168068538767272 0.224241028367264 0.215569883101812 0.195061066972552 0.166115814102081 0.165106643823664 -9999 -9999 -9999
-9999 -9999 -9999 -9999 -9999 -9999 -9999 -9999 -9999 -9999 -9999 -9999 -9999 -9999 -9999 -9999 -9999 -9999 0.168051253639715 0.168253269610169 0.168423585819057 0.166147791365097 0.164876933919801 0.164698575676675 0.165316334358613 0.168458642193417 0.168253269610169 0.168253269610169 0.168209672284141 0.168223033445936 0.165023119049068 0.165436010204422 0.168197813655604 0.168051253639715 0.168091889531135 0.168560176781128 -9999 -9999 -9999 -9999 -9999 -9999 0.168544798645878 0.168782697133046 0.204619600315166 0.204774757649014 0.168226814005444 -9999 -9999
-9999 -9999 -9999 0.168047048736372 0.168513204208207 0.168068481645979 0.168074604403578 0.171620157105823 0.207184933934143 0.197421475768695 0.206757753789499 0.206668408485307 0.168206344132919 0.168408538238316 0.168322256730353 0.168582252817221 0.168053904181935 0.168205461605144 0.168253269610169 0.168253269610169 0.168305949210222 0.168456685475062 0.168441005468861 0.168042351147135 0.168503152797782 0.168456685475062 0.168507445689015 0.164844466605962 -9999 -9999 -9999 -9999 0.168473515236671 0.168219395907258 -9999 -9999 -9999 -9999 -9999 -9999 -9999 -9999 0.167812214244823 0.166711122636141 0.168251240276571 0.167873199355608 0.168520371117285 0.164189893107494 0.164188029841335
-9999 -9999 -9999 0.168064276742636 0.168253269610169 0.168253269610169 0.168051253639715 0.198811006600613 0.202499248957996 0.191367708774958 0.196767759597805 0.196522074579468 0.189631788245295 0.190229669825045 0.188347873368694 0.168803030650475 0.196515212433816 0.168488215415889 0.168253269610169 0.200209063526978 0.292855420840695 0.249061183143642 0.277597860806321 0.224780492737213 0.24449778064986 0.171788056494899 0.165928030009799 -9999 -9999 -9999 -9999 -9999 -9999 -9999 -9999 -9999 -9999 -9999 -9999 -9999 -9999 -9999 -9999 0.165302578363274 0.168520371117285 0.168263405579877 0.166588102637093 0.216126521015342 0.166737288473718
-9999 -9999 -9999 -9999 0.168249059611747 0.168068481645979 0.198114655830743 0.208779817517217 0.189554261124554 0.164234358207252 0.164234307495134 0.164234307495134 0.164234307495134 0.164234307495134 0.203755378320517 0.203640153300378 0.164232444381062 0.164234358207252 0.164234307495134 0.164232444381062 0.164808293897258 0.166534797275871 0.187804174232793 0.190089603742942 0.191611486306081 0.225845237053247 0.167723549373062 0.164188029841335 -9999 -9999 -9999 -9999 -9999 -9999 -9999 -9999 -9999 -9999 -9999 -9999 -9999 -9999 -9999 -9999 0.168215195149058 0.16839348199051 0.1683133507723 0.205120675918947 0.208033832589544
-9999 -9999 -9999 0.168051253639715 0.168047048736372 0.171596296795573 0.16830103188766 0.168287076325836 0.164232444381062 0.164234307495134 0.164234307495134 0.16436915170318 0.164234307495134 0.164234307495134 0.164232444381062 0.164232444381062 0.164234358207252 0.164232444381062 0.164189893107494 0.164490930514782 0.164234307495134 0.164234307495134 0.164234358207252 0.164234358207252 0.164367285235925 0.165177287000146 0.164322845045413 -9999 -9999 -9999 -9999 -9999 -9999 -9999 -9999 -9999 -9999 -9999 -9999 -9999 -9999 -9999 -9999 -9999 -9999 -9999 0.168749748082219 0.168185656049414 0.168085016726659
-9999 -9999 -9999 -9999 0.168664253679423 0.168051253639715 0.164232444381062 0.164232444381062 0.16429277557928 0.164294642579692 0.164234307495134 0.164234307495134 0.164234358207252 0.164232444381062 0.194849163405224 0.164232444381062 0.164232444381062 0.164232444381062 0.164232444381062 0.164189893107494 0.164189893107494 0.164232444381062 0.164232444381062 0.164293768989349 0.1646521991028 -9999 -9999 -9999 -9999 -9999 -9999 -9999 -9999 -9999 -9999 -9999 -9999 -9999 -9999 -9999 -9999 -9999 -9999 -9999 -9999 -9999 -9999 -9999 0.168197939793865
-9999 -9999 -9999 -9999 0.168070399500235 0.168051253639715 0.165499785003709 0.164232444381062 0.1648943827224 0.164232444381062 0.164232444381062 0.16429277557928 0.164687926355745 0.164696705559648 0.164232444381062 0.164232444381062 0.164188029841335 0.194963924934789 0.18478064991718 0.185569346540972 0.164232444381062 0.164232444381062 0.164188029841335 -9999 -9999 -9999 -9999 -9999 -9999 -9999 -9999 -9999 -9999 -9999 -9999 -9999 -9999 0.164188029841335 0.168221799184886 0.168585315830205 -9999 -9999 -9999 -9999 -9999 -9999 -9999 -9999 -9999
-9999 -9999 -9999 0.168132042273398 0.168043910493542 0.168206344132919 0.168400123722349 0.168400123722349 0.168400123722349 0.168400123722349 0.168400123722349 0.168400123722349 0.164234307495134 0.164626203038849 0.164369202440654 0.164234307495134 0.164232444381062 0.194241704977579 0.166168613546442 0.19595185274034 0.164232444381062 0.164232444381062 -9999 -9999 -9999 -9999 -9999 -9999 -9999 -9999 -9999 -9999 -9999 -9999 -9999 -9999 -9999 -9999 0.168582159022641 0.168615217366832 -9999 -9999 -9999 -9999 -9999 -9999 -9999 -9999 -9999
-9999 -9999 -9999 0.166960036646818 0.168356230260088 0.166571584909135 0.164232444381062 0.16431835182144 0.165314460062451 0.168558645553266 0.165918436104949 0.164234358207252 0.164234307495134 0.164234307495134 0.164234307495134 0.164234307495134 0.164234307495134 0.164232444381062 0.164232444381062 0.164232444381062 0.1646521991028 -9999 -9999 -9999 -9999 -9999 -9999 -9999 -9999 -9999 -9999 -9999 -9999 -9999 -9999 -9999 -9999 -9999 0.165501712546259 0.168602291938561 -9999 -9999 -9999 -9999 -9999 -9999 -9999 -9999 -9999
-9999 -9999 0.164232444381062 0.164709343539888 0.164232444381062 0.164889057880519 0.164769797575572 0.164232444381062 0.164232444381062 0.16429277557928 0.164868768731095 0.164808293897258 0.164232444381062 0.164234307495134 0.164234307495134 0.164234307495134 0.164234307495134 0.164234307495134 0.164232444381062 0.164232444381062 -9999 -9999 -9999 -9999 -9999 -9999 -9999 -9999 -9999 -9999 -9999 -9999 -9999 -9999 -9999 -9999 -9999 -9999 0.164232444381062 0.164322845045413 -9999 -9999 -9999 -9999 -9999 -9999 -9999 -9999 -9999
-9999 -9999 0.164626203038849 0.164232444381062 0.16429277557928 0.164769797575572 0.164234358207252 0.164234307495134 0.164234358207252 0.164232444381062 0.16429277557928 0.164234358207252 0.164234307495134 0.164294642579692 0.164294642579692 0.164294642579692 0.164232444381062 0.164234307495134 0.164189893107494 0.164189893107494 0.164301178003021 -9999 -9999 -9999 -9999 -9999 -9999 -9999 -9999 -9999 -9999 -9999 -9999 -9999 -9999 -9999 -9999 -9999 -9999 -9999 -9999 -9999 -9999 -9999 -9999 -9999 -9999 -9999 -9999
