Scripts_&_data/BRT_projection_files/BRT_SCV2/B_distinguendus_1_projection.asc
NCOLS 79 
NROWS 71 
XLLCORNER -10.5 
YLLCORNER 36 
CELLSIZE 0.5 
NODATA_value -9999 
[rows 44 to 65 of 71, columns 0 to 48 of 79]
-9999 -9999 -9999 -9999 -9999 -9999 -9999 -9999 -9999 -9999 -9999 -9999 -9999 -9999 -9999 -9999 -9999 -9999 0.164504724560895 0.170459020521158 0.159786842206479 0.174238000289407 0.167446341036022 0.177873592554086 0.157880885599751 0.13776430979006 0.156791186813143 0.168875189839006 0.304643454617437 0.307584246343917 0.418504335574324 0.408479060233157 0.423519665564634 0.559672989720691 0.584673984405567 0.582777491054207 0.474391158306586 0.384639162289655 0.585203129489551 0.583484694746067 0.487130879762471 0.535646243448018 0.508250429752351 0.584896256792683 0.475425874962096 0.427354688990505 0.471795897900016 0.386171232459395 0.323125025970012
-9999 -9999 -9999 -9999 -9999 -9999 -9999 -9999 -9999 -9999 -9999 -9999 -9999 -9999 0.137483219542498 -9999 -9999 -9999 0.163613242053796 0.496582898283215 0.505907636853496 0.453159203014657 0.42219368586747 0.169501198826676 0.157052288727258 0.139721167257013 0.140342545224705 0.158004283191419 0.169525261285039 0.168972038912298 0.167567741290806 0.384927536551829 0.406967429881857 0.583257518316957 0.464370847698688 0.369927840853294 0.383607832762545 0.541811780966064 0.584305715679861 0.606682128134485 0.53810879241671 0.474506330523549 0.508261649856704 0.506531408341575 0.473324328846088 0.477160151668852 0.469046050151267 0.420091303781536 0.438809235286202
-9999 -9999 -9999 -9999 -9999 -9999 -9999 -9999 -9999 -9999 -9999 -9999 0.157808016671804 0.169827808435055 0.170264261339005 0.166194205663412 0.158182726257841 0.141538377087924 0.155178117927485 0.164598675034819 0.227440015208714 0.171043003602483 0.32026806104969 0.221654082637349 0.166018223565282 0.137571144393925 0.137556667931296 0.137565093551609 0.15849510465401 0.158113755168509 0.166672861140942 0.403484729776697 0.399630388715831 0.374475397460697 0.389488410662843 0.408218786882749 0.583564912200827 0.360341834739159 0.575529384051361 0.443390269243049 0.598173278048135 0.611631555155821 0.609293701800194 0.585908426208069 0.585867097946828 0.530071620950719 0.460024158519097 0.456304528609415 0.480663926621188
-9999 -9999 -9999 -9999 -9999 -9999 -9999 -9999 -9999 -9999 -9999 -9999 -9999 -9999 0.137622582985199 0.137494872866961 0.140831356920697 0.140841591921737 0.140899235854468 0.13753354804187 0.140848543612467 0.161202294709707 0.162595408551151 0.158020927753604 0.157249483706911 0.137556667931296 0.137577672533467 0.157842095913001 0.158057392020603 0.290632234320552 0.40917430782934 0.408856392552845 0.301650431632153 0.352753957558748 0.396672697675356 0.358501781285128 0.438975798697403 0.366577470814077 0.573787809524969 0.486681101520409 0.495555865122709 0.49505072851962 0.48171017558217 0.390190271401602 0.413280527835509 0.417860401836104 0.370572219156686 0.39125505904042 0.361446502868796
-9999 -9999 -9999 -9999 -9999 -9999 -9999 -9999 -9999 -9999 -9999 -9999 -9999 -9999 -9999 -9999 -9999 0.142664091269539 0.140886316365288 0.140828672561164 0.137576199094071 0.137556667931296 0.137570482422207 0.137571144393925 0.137556667931296 0.137613066566348 0.15807558927554 0.166689163454709 0.161971526883224 0.370629178527751 0.283023281113226 0.162557916890712 0.194968730767031 0.356150447731189 0.359167985281893 0.536255952359972 0.536519287570977 0.543602802255449 0.533351271605648 0.456918319115342 0.407400262512469 0.478830978022761 0.401683959804119 0.403178181962453 0.444322477960047 0.449881712738704 0.440852858410335 0.344630160108847 0.397829281623549
-9999 -9999 -9999 -9999 -9999 -9999 -9999 -9999 -9999 -9999 -9999 -9999 -9999 -9999 -9999 -9999 -9999 0.137602000647853 0.13753354804187 0.137564645352029 0.137483695522315 0.137576861065789 0.137576861065789 0.138426390076644 0.158506208740906 0.158180708958062 0.162598417956391 0.161140745641296 0.167924529497285 0.401197529360935 0.172084597543679 0.158329967802672 0.351675084025388 0.368926858568816 0.408265419309536 0.469357772354061 0.471633536576121 0.409252433609296 0.478136256916088 0.486298245685699 0.517909527195031 0.366181997361359 0.332698751698159 0.328831906868509 0.324590656330251 0.312440648657782 0.34398984439798 0.3705977906499 0.362317123750269
-9999 -9999 -9999 -9999 -9999 -9999 -9999 -9999 -9999 -9999 -9999 -9999 -9999 -9999 -9999 -9999 -9999 -9999 -9999 0.13753354804187 0.137551973659626 0.13753354804187 0.140906187642837 0.161585053077963 0.285020031065213 0.515309337115929 0.476748276624789 0.228239041241067 0.312295960980926 0.459775826168127 0.16676429351229 0.162207047016081 0.371120243871057 0.517144448233328 0.365529651987301 0.43459580873547 0.413062993286823 0.306938403308072 0.36345182328043 0.344932498625023 0.313196166487506 0.306466448612527 0.295344644341701 0.37297855104888 0.295899627366634 0.319880784819543 0.358144179130915 0.338724150178523 0.325870292693735
-9999 -9999 -9999 -9999 -9999 -9999 -9999 -9999 -9999 -9999 -9999 -9999 -9999 -9999 -9999 -9999 -9999 -9999 -9999 0.137620426108501 0.13753354804187 0.137641663897081 0.138449485666687 0.153665541784589 0.378796974374926 0.400332700117144 0.375609266725592 0.57762658996252 0.41256767257908 0.474577543249695 0.174211825432723 0.153981884965551 0.354572237426272 0.30249297547736 0.296248569662464 0.326068287893887 0.338269666922865 0.357764462777149 0.140010013321984 0.140010013321984 0.510111628462425 0.510259553605845 0.363265197354717 0.509963862481442 0.523905216820732 0.140103793822057 0.14007962149866 -9999 0.140010973826521
-9999 -9999 -9999 -9999 -9999 -9999 -9999 -9999 -9999 -9999 -9999 -9999 -9999 -9999 -9999 -9999 -9999 -9999 -9999 0.137620678600268 0.140890688979923 0.137665745752024 0.137616064302665 0.137710830376831 0.151512007059044 0.381760834184823 0.361897080352836 0.467261024157795 0.397062092081829 0.400000286477612 0.157405202939648 0.159771954524344 0.381812601082444 0.319415842064283 0.333068118341042 0.332918921376265 0.140211617763235 0.137558433591218 0.140205581135108 0.140236181677709 0.140212010050698 0.140222528872612 0.140222528872612 0.140193233582356 0.140217405209367 -9999 -9999 -9999 0.137555044022227
-9999 -9999 -9999 -9999 -9999 -9999 -9999 -9999 -9999 -9999 -9999 -9999 -9999 -9999 -9999 -9999 -9999 -9999 -9999 0.140152361620467 0.141385935226713 0.140879525336724 0.137613066566348 0.137613066566348 0.142110075446115 0.329007269818759 0.360544441356812 0.408948874526405 0.360034800181716 0.357021187972826 0.13751575385685 0.355795578273986 0.372479247679311 0.304787759316267 0.366030745212819 0.451407080341489 0.140193909530648 0.137473980644444 0.137497840244718 0.381881858229778 0.153176642096596 0.140126882738295 0.140217405209367 0.140246700499623 0.137520278841234 0.1375270117666 -9999 -9999 -9999
-9999 -9999 -9999 -9999 -9999 -9999 -9999 -9999 -9999 -9999 -9999 -9999 -9999 -9999 -9999 -9999 -9999 -9999 0.137689095807466 0.137620678600268 0.137626876039767 0.137613066566348 0.138409254277954 0.140855209837673 0.141940379627135 0.141042774276139 0.442568642393718 0.345408699017984 0.32342165368432 0.137516415114982 0.137447665320287 0.389219645906701 0.39368822780311 0.402892559413867 0.304630628381355 0.336947991976467 0.413572093602315 0.137471633429609 -9999 -9999 0.137596859698299 0.335525215372937 0.374055897479099 0.339602890533095 0.137601712167385 0.140222528872612 -9999 -9999 -9999
-9999 -9999 -9999 -9999 -9999 -9999 -9999 -9999 -9999 -9999 -9999 -9999 -9999 -9999 -9999 -9999 -9999 -9999 0.137527212946289 0.13754721249557 0.137746269321551 0.137536356470905 0.137477167382773 0.140331448351563 0.137640952865245 0.137657592380157 0.151440014008817 0.137516415114982 0.13751575385685 0.137612404370511 0.139697023762334 0.139162263136916 0.137399654201087 0.154086839165523 0.137555948566667 0.140034710228899 -9999 -9999 -9999 -9999 -9999 -9999 0.140083261515402 0.140176533943864 0.440493627854619 0.415154349251442 0.137668222077133 -9999 -9999
-9999 -9999 -9999 0.137597520919276 0.139985840998587 0.158673242983496 0.1596409682515 0.232700028941141 0.284958795097057 0.337223556346323 0.300330643947126 0.307845338733033 0.149153102679886 0.137519579776038 0.137489945445472 0.140055728722507 0.137560433469263 0.137549876321772 0.150494261789535 0.137516415114982 0.137630528853516 0.137620016771604 0.140869799815363 0.137720260547625 0.140896462121477 0.137620678600268 0.137613066566348 0.137566818052106 -9999 -9999 -9999 -9999 0.137637984069816 0.13766714691162 -9999 -9999 -9999 -9999 -9999 -9999 -9999 -9999 0.137616064302665 0.137613066566348 0.137535093588854 0.137504213547094 0.16212395751446 0.137666297005537 0.137526349832058
-9999 -9999 -9999 0.137526551725311 0.137516415114982 0.153058002900566 0.163523816292144 0.326403472966597 0.37562641263437 0.388650976311728 0.334687287765878 0.336684820722211 0.390310468613326 0.382227969207352 0.391157391500331 0.378469122139183 0.334656331333928 0.151085817135031 0.243372378804934 0.363655621941836 0.381262035941529 0.369408337534903 0.409579197208565 0.302196647251937 0.373077149799106 0.204221473556155 0.137612404370511 -9999 -9999 -9999 -9999 -9999 -9999 -9999 -9999 -9999 -9999 -9999 -9999 -9999 -9999 -9999 -9999 0.137576861065789 0.137577672533467 0.137632300991737 0.137615402106828 0.427846062366556 0.140312105594637
-9999 -9999 -9999 -9999 0.137556192768643 0.137508937310405 0.292336152834631 0.305618193488574 0.399248241533339 0.13731211232562 0.13731211232562 0.151145090694012 0.1373060607431 0.15307211995617 0.314291514745923 0.310888427023629 0.371353369845277 0.13731211232562 0.137428029071342 0.1373741262684 0.268835706945483 0.137399654201087 0.376563186343271 0.494980968201088 0.404920139984237 0.327468356544776 0.137397612441031 0.137393615167727 -9999 -9999 -9999 -9999 -9999 -9999 -9999 -9999 -9999 -9999 -9999 -9999 -9999 -9999 -9999 -9999 0.137634041835006 0.139361266558182 0.139153446768919 0.376907667529291 0.412142014601994
-9999 -9999 -9999 0.137568111610197 0.155531305464826 0.16386048123564 0.137410454834903 0.137410454834903 0.13738281123768 0.13731211232562 0.1373060607431 0.137305399686238 0.151206422921583 0.153048633647099 0.153169573744271 0.222601308789167 0.305337039115158 0.15185633138304 0.137393615167727 0.139394366546774 0.13738281123768 0.137395205400915 0.137367131393737 0.137466809189749 0.137336144427295 0.140119170579909 0.1374115007582 -9999 -9999 -9999 -9999 -9999 -9999 -9999 -9999 -9999 -9999 -9999 -9999 -9999 -9999 -9999 -9999 -9999 -9999 -9999 0.140121983238721 0.137812119688308 0.137516415114982
-9999 -9999 -9999 -9999 0.140010013321984 0.137568111610197 0.137322912821233 0.137373912350143 0.141122645442229 0.140748875318208 0.1373060607431 0.1373060607431 0.13731211232562 0.22347974736604 0.312235154295104 0.152998362251351 0.305984806583256 0.306168043140817 0.153018081259513 0.137393615167727 0.13738186873958 0.137395117982653 0.13738281123768 0.137311451268759 0.1393462734904 -9999 -9999 -9999 -9999 -9999 -9999 -9999 -9999 -9999 -9999 -9999 -9999 -9999 -9999 -9999 -9999 -9999 -9999 -9999 -9999 -9999 -9999 -9999 0.13764625712401
-9999 -9999 -9999 -9999 0.137568111610197 0.137568111610197 0.137449928348982 0.13731211232562 0.140788434792013 0.140748202289161 0.154058440666726 0.158399169231414 0.286108452895719 0.153664852814811 0.13731211232562 0.13731211232562 0.32798682867319 0.317023068361254 0.315096268074255 0.311008592197061 0.148621054237147 0.13731211232562 0.137322912821233 -9999 -9999 -9999 -9999 -9999 -9999 -9999 -9999 -9999 -9999 -9999 -9999 -9999 -9999 0.137483219542498 0.137639328356601 0.137668750923652 -9999 -9999 -9999 -9999 -9999 -9999 -9999 -9999 -9999
-9999 -9999 -9999 0.137549876321772 0.137568111610197 0.137523602648187 0.137500874225463 0.13748116357548 0.137479808711235 0.152192242404041 0.152598303743698 0.137386812263435 0.13731211232562 0.139346921745136 0.137311451268759 0.13731211232562 0.148600504521027 0.335305970098445 0.311152847981448 0.315652218431855 0.13731211232562 0.13731211232562 -9999 -9999 -9999 -9999 -9999 -9999 -9999 -9999 -9999 -9999 -9999 -9999 -9999 -9999 -9999 -9999 0.140890345031321 0.137620678600268 -9999 -9999 -9999 -9999 -9999 -9999 -9999 -9999 -9999
-9999 -9999 -9999 0.140024922994319 0.137497533767264 0.137412162001859 0.13738281123768 0.142043001396622 0.137343178404501 0.137368395911753 0.13731211232562 0.13731211232562 0.1373060607431 0.1373060607431 0.137316853401045 0.1373060607431 0.13731211232562 0.13731211232562 0.13731211232562 0.13731211232562 0.139394366546774 -9999 -9999 -9999 -9999 -9999 -9999 -9999 -9999 -9999 -9999 -9999 -9999 -9999 -9999 -9999 -9999 -9999 0.137589440047647 0.137627562046582 -9999 -9999 -9999 -9999 -9999 -9999 -9999 -9999 -9999
-9999 -9999 0.137384266521646 0.137311451268759 0.13738281123768 0.137389337912718 0.13731211232562 0.137343178404501 0.13742643114191 0.140748875318208 0.140748875318208 0.137328704075872 0.13731211232562 0.13731211232562 0.1373060607431 0.1373060607431 0.1373060607431 0.1373060607431 0.13731211232562 0.137311451268759 -9999 -9999 -9999 -9999 -9999 -9999 -9999 -9999 -9999 -9999 -9999 -9999 -9999 -9999 -9999 -9999 -9999 -9999 0.137556005959578 0.137559878283439 -9999 -9999 -9999 -9999 -9999 -9999 -9999 -9999 -9999
-9999 -9999 0.139403289453701 0.13731211232562 0.13738281123768 0.137373912350143 0.13731211232562 0.137364061261474 0.13731211232562 0.140748875318208 0.140748875318208 0.13731211232562 0.13731211232562 0.137343178404501 0.1373060607431 0.13742643114191 0.13731211232562 0.1373060607431 0.137322912821233 0.137322912821233 0.137330915105554 -9999 -9999 -9999 -9999 -9999 -9999 -9999 -9999 -9999 -9999 -9999 -9999 -9999 -9999 -9999 -9999 -9999 -9999 -9999 -9999 -9999 -9999 -9999 -9999 -9999 -9999 -9999 -9999
