Scripts_&_data/BRT_projection_files/BRT_SCV2/B_flavidus_1_projection.asc
NCOLS 79 
NROWS 71 
XLLCORNER -10.5 
YLLCORNER 36 
CELLSIZE 0.5 
NODATA_value -9999 
[rows 42 to 62 of 71, columns 0 to 47 of 79]
-9999 -9999 -9999 -9999 -9999 -9999 -9999 -9999 -9999 -9999 0.0382452563925898 -9999 -9999 0.0382452563925898 -9999 -9999 -9999 -9999 -9999 -9999 -9999 -9999 -9999 -9999 0.0381849557957267 0.0381849557957267 0.0381849557957267 0.0381849557957267 0.0382152894431276 0.0381849557957267 0.0381849557957267 0.0382963883063225 0.0658061331787091 0.0657657081275854 0.039344874749765 0.0381849557957267 0.0381849557957267 0.0381849557957267 0.0381849557957267 0.0388517970225407 0.0381849557957267 0.0381849557957267 0.0381849557957267 0.0381849557957267 0.0381849557957267 0.0381849557957267 0.0381849557957267 0.0381849557957267
-9999 -9999 -9999 -9999 -9999 -9999 -9999 -9999 -9999 -9999 -9999 -9999 -9999 -9999 -9999 -9999 -9999 -9999 -9999 -9999 -9999 -9999 0.0382963883063225 0.0381849557957267 0.0381849557957267 0.0381849557957267 0.0381849557957267 0.0381849557957267 0.0381849557957267 0.0381849557957267 0.0387530808911672 0.0382452563925898 0.0387367835361161 0.0382056031850502 0.0386757447056389 0.0381849557957267 0.0381849557957267 0.0381849557957267 0.0381849557957267 0.0381849557957267 0.0381849557957267 0.0381849557957267 0.0381849557957267 0.0381849557957267 0.0381849557957267 0.0381849557957267 0.0382430823145714 0.0381849557957267
-9999 -9999 -9999 -9999 -9999 -9999 -9999 -9999 -9999 -9999 -9999 -9999 -9999 -9999 -9999 -9999 -9999 -9999 0.0381849557957267 0.0381849557957267 0.0381849557957267 0.0381849557957267 0.0381849557957267 0.0381849557957267 0.0381849557957267 0.0381849557957267 0.0381849557957267 0.0381849557957267 0.0381849557957267 0.0381849557957267 0.0381849557957267 0.0382152894431276 0.0381870006875452 0.0386915072120514 0.0381849557957267 0.0381849557957267 0.0578301291360223 0.0381849557957267 0.0381849557957267 0.0381849557957267 0.0381849557957267 0.0381849557957267 0.0381849557957267 0.0381849557957267 0.0381849557957267 0.0381849557957267 0.0381849557957267 0.0383606241149765
-9999 -9999 -9999 -9999 -9999 -9999 -9999 -9999 -9999 -9999 -9999 -9999 -9999 -9999 0.0381849557957267 -9999 -9999 -9999 0.0382452563925898 0.0382452563925898 0.0381849557957267 0.0381849557957267 0.0381849557957267 0.0381849557957267 0.0381849557957267 0.0381849557957267 0.0381849557957267 0.0381849557957267 0.0381849557957267 0.0381849557957267 0.0381849557957267 0.0382465475142483 0.0387458000221862 0.0381849557957267 0.0381849557957267 0.0382374090114998 0.0381849557957267 0.0382452563925898 0.0381849557957267 0.0381849557957267 0.0383094213345703 0.0381849557957267 0.0381849557957267 0.0381849557957267 0.0381849557957267 0.0381849557957267 0.0381849557957267 0.0383733089074936
-9999 -9999 -9999 -9999 -9999 -9999 -9999 -9999 -9999 -9999 -9999 -9999 0.0381849557957267 0.0382452563925898 0.0381849557957267 0.0381849557957267 0.0381849557957267 0.0381849557957267 0.0382452563925898 0.0382452563925898 0.0381849557957267 0.0381849557957267 0.0381849557957267 0.0381849557957267 0.0381849557957267 0.0381849557957267 0.0381849557957267 0.0381849557957267 0.0381849557957267 0.0381849557957267 0.0381849557957267 0.0382280245677646 0.0386928141925796 0.0382452563925898 0.0637216551926204 0.0382577096719591 0.0381849557957267 0.106020964646137 0.0392974641564905 0.0381849557957267 0.0381849557957267 0.0381849557957267 0.0381849557957267 0.0381849557957267 0.0381849557957267 0.0381849557957267 0.0382452563925898 0.0382452563925898
-9999 -9999 -9999 -9999 -9999 -9999 -9999 -9999 -9999 -9999 -9999 -9999 -9999 -9999 0.0382452563925898 0.0381849557957267 0.0381849557957267 0.0381849557957267 0.0381849557957267 0.0381849557957267 0.0381849557957267 0.0381849557957267 0.0381849557957267 0.0381849557957267 0.0381849557957267 0.0381849557957267 0.0381849557957267 0.0381849557957267 0.0381849557957267 0.0381995427106662 0.0381995427106662 0.0382152894431276 0.0382641275379087 0.0387367835361161 0.0600585810293754 0.0387367835361161 0.0383606241149765 0.0390796724869338 0.0381870006875452 0.0381849557957267 0.0382452563925898 0.0388697656875514 0.0383887475330458 0.123738284337468 0.11839282250547 0.11374987812882 0.131333723303311 0.112043023229224
-9999 -9999 -9999 -9999 -9999 -9999 -9999 -9999 -9999 -9999 -9999 -9999 -9999 -9999 -9999 -9999 -9999 0.0381849557957267 0.0381849557957267 0.0381849557957267 0.0381849557957267 0.0381849557957267 0.0381849557957267 0.0381849557957267 0.0381849557957267 0.0381849557957267 0.0381849557957267 0.0381849557957267 0.0382452563925898 0.0382598454166628 0.0381849557957267 0.0382152894431276 0.0387367835361161 0.0566988819379786 0.0396814267039964 0.038344657550339 0.0382452563925898 0.0383404141590162 0.0384284163803545 0.0387835441684589 0.0399408136973872 0.338016523219517 0.268044446293789 0.254898138984117 0.232245678571476 0.317231234607627 0.477170947763456 0.46988251443981
-9999 -9999 -9999 -9999 -9999 -9999 -9999 -9999 -9999 -9999 -9999 -9999 -9999 -9999 -9999 -9999 -9999 0.0381849557957267 0.0381849557957267 0.0381849557957267 0.0381849557957267 0.0381849557957267 0.0381849557957267 0.0381849557957267 0.0381849557957267 0.0381849557957267 0.0381849557957267 0.0381849557957267 0.0382374090114998 0.0391537552200613 0.0381849557957267 0.0382452563925898 0.0388624975449726 0.0397455498194059 0.0382997164671439 0.038884687521333 0.038856333655758 0.290624705425235 0.31301428153271 0.238824098193113 0.13973947628678 0.422682727105116 0.427219935662804 0.301027772436882 0.286261557170592 0.434206187569885 0.472189154372984 0.356928113102637
-9999 -9999 -9999 -9999 -9999 -9999 -9999 -9999 -9999 -9999 -9999 -9999 -9999 -9999 -9999 -9999 -9999 -9999 -9999 0.0381849557957267 0.0381849557957267 0.0381849557957267 0.0381849557957267 0.0381849557957267 0.0382452563925898 0.0381849557957267 0.0381849557957267 0.0381849557957267 0.0381849557957267 0.0381849557957267 0.0381849557957267 0.0382452563925898 0.103828979255769 0.0388884090252426 0.0873758146493408 0.103242673581979 0.33746476184077 0.385591099948139 0.0744400009261332 0.296611972395245 0.34275162522575 0.296124469322791 0.38030765650715 0.111384431531744 0.250656746559354 0.278920004481697 0.0395583450153991 0.0396511939095095
-9999 -9999 -9999 -9999 -9999 -9999 -9999 -9999 -9999 -9999 -9999 -9999 -9999 -9999 -9999 -9999 -9999 -9999 -9999 0.0381849557957267 0.0381849557957267 0.0381849557957267 0.0382452563925898 0.0382452563925898 0.0389365401522194 0.0382577096719591 0.0383094213345703 0.0381849557957267 0.0629199304043978 0.0382691680111222 0.0386834998091737 0.0382452563925898 0.0387367835361161 0.105536988244645 0.353214745398002 0.350904083950148 0.276808827381873 0.0387367835361161 0.0388624975449726 0.0388624975449726 0.0388912267598533 0.0396814267039964 0.101850368705179 0.0389955718507974 0.0383661681503351 0.0382452563925898 0.0383490775820567 -9999
-9999 -9999 -9999 -9999 -9999 -9999 -9999 -9999 -9999 -9999 -9999 -9999 -9999 -9999 -9999 -9999 -9999 -9999 -9999 0.0382374090114998 0.0381849557957267 0.0381849557957267 0.0381849557957267 0.0391092494889598 0.0565418857988859 0.0573032508936483 0.0400770597367488 0.0381849557957267 0.0386757447056389 0.0386757447056389 0.0387288666579942 0.0382452563925898 0.0563587996770468 0.266965593327815 0.37469116875968 0.129197024921062 0.0382036394046502 0.0381849557957267 0.0381849557957267 0.0381849557957267 0.0381849557957267 0.0381849557957267 0.0381849557957267 0.0381849557957267 0.0381849557957267 -9999 -9999 -9999
-9999 -9999 -9999 -9999 -9999 -9999 -9999 -9999 -9999 -9999 -9999 -9999 -9999 -9999 -9999 -9999 -9999 -9999 -9999 0.0382577096719591 0.0381849557957267 0.0381849557957267 0.0381849557957267 0.0381849557957267 0.0382963883063225 0.0387494380099584 0.0388596863524729 0.0394875017662284 0.0389955718507974 0.0818793115672492 0.0387367835361161 0.0388263403741102 0.0934338979004632 0.134347676588325 0.381338101827008 0.0393398762251701 0.0381849557957267 0.0381849557957267 0.0382280245677646 0.0387367835361161 0.0387489820748598 0.0382452563925898 0.0381849557957267 0.0381849557957267 0.0381849557957267 0.0381849557957267 -9999 -9999
-9999 -9999 -9999 -9999 -9999 -9999 -9999 -9999 -9999 -9999 -9999 -9999 -9999 -9999 -9999 -9999 -9999 -9999 0.062971675656367 0.038795018278062 0.0585551049201447 0.0381849557957267 0.0381849557957267 0.0381849557957267 0.0381849557957267 0.0382374090114998 0.0382452563925898 0.0388657381040418 0.079080181644758 0.0387367835361161 0.0386834998091737 0.0386757447056389 0.0555207332824603 0.0904351622064246 0.135168374476705 0.112045790302724 0.0381849557957267 0.0568619083514957 -9999 -9999 0.0550559208470912 0.0774810410148882 0.0383490775820567 0.0382452563925898 0.0381849557957267 0.0381849557957267 -9999 -9999
-9999 -9999 -9999 -9999 -9999 -9999 -9999 -9999 -9999 -9999 -9999 -9999 -9999 -9999 -9999 -9999 -9999 -9999 0.0388657381040418 0.0387444045448641 0.0381849557957267 0.0381849557957267 0.0381849557957267 0.0381849557957267 0.0381849557957267 0.0382452563925898 0.0387396565201479 0.0387367835361161 0.0388912267598533 0.0381849557957267 0.0381849557957267 0.038679316530393 0.0386757447056389 0.0564253602429721 0.0596754091089177 0.0558994683545357 -9999 -9999 -9999 -9999 -9999 -9999 0.0382600784988306 0.0382452563925898 0.0381849557957267 0.0381849557957267 0.0381849557957267 -9999
-9999 -9999 -9999 0.0541321168493955 0.0562042523159798 0.0543982047619245 0.0547485774644126 0.0558183446054222 0.0491689497628863 0.0492081456770996 0.0473576972464167 0.0474666785888265 0.0490446616762573 0.0486945935157427 0.0494608757756552 0.0574044796662097 0.055349750445874 0.0537479084997812 0.0388624975449726 0.0388624975449726 0.0384291355725097 0.0382452563925898 0.0381849557957267 0.0381849557957267 0.0381849557957267 0.0382452563925898 0.0381849557957267 0.0381849557957267 -9999 -9999 -9999 -9999 0.0582047640135826 0.0614517755439247 -9999 -9999 -9999 -9999 -9999 -9999 -9999 -9999 0.0381849557957267 0.0381849557957267 0.0381849557957267 0.0381997501346935 0.0382452563925898 0.0381849557957267
-9999 -9999 -9999 0.056302843205127 0.0556062505636633 0.0386757447056389 0.0561306451544001 0.055750828717982 0.0608691499470361 0.0386757447056389 0.0387231466631175 0.0387396565201479 0.0386869370602316 0.038689944203083 0.0386898096293868 0.0386834998091737 0.0387396565201479 0.0387444045448641 0.0388686138394565 0.0395204579921795 0.117401070899049 0.23923236993711 0.0985550817003662 0.0997933541952466 0.107631015039684 0.0684678480390183 0.0381849557957267 -9999 -9999 -9999 -9999 -9999 -9999 -9999 -9999 -9999 -9999 -9999 -9999 -9999 -9999 -9999 -9999 0.0381849557957267 0.0381849557957267 0.0381849557957267 0.0381849557957267 0.085468900374803
-9999 -9999 -9999 -9999 0.0567043392189695 0.0560068962225636 0.0589310659181276 0.0866094048422081 0.0387277931733815 0.0381849557957267 0.0381877832121816 0.0381849557957267 0.0381877832121816 0.0381849557957267 0.0381877832121816 0.0381877832121816 0.0386870716339277 0.0381849557957267 0.0382025775511484 0.0386943797812066 0.0386943797812066 0.0386786172747942 0.0386786172747942 0.0387352387794788 0.0810620485285669 0.0976566289571633 0.0495024168970432 0.038237770486209 -9999 -9999 -9999 -9999 -9999 -9999 -9999 -9999 -9999 -9999 -9999 -9999 -9999 -9999 -9999 -9999 0.0382374090114998 0.0382452563925898 0.0382452563925898 0.0390926133995422
-9999 -9999 -9999 0.0532751897343527 0.0539980501022488 0.0547282930030289 0.0386757447056389 0.0386786172747942 0.0381877832121816 0.0381849557957267 0.0381849557957267 0.0381849557957267 0.0381877832121816 0.0381849557957267 0.0381877832121816 0.0381877832121816 0.0381849557957267 0.0381877832121816 0.0381849557957267 0.0381849557957267 0.0381877832121816 0.0381849557957267 0.0381849557957267 0.0381849557957267 0.038679316530393 0.0393356849946816 0.0472253318281407 -9999 -9999 -9999 -9999 -9999 -9999 -9999 -9999 -9999 -9999 -9999 -9999 -9999 -9999 -9999 -9999 -9999 -9999 -9999 0.0382452563925898 0.0388628037100964
-9999 -9999 -9999 -9999 0.0388905700553184 0.0389784996343206 0.0381849557957267 0.0381877832121816 0.0381877832121816 0.0381849557957267 0.0381877832121816 0.0381849557957267 0.0381877832121816 0.0381877832121816 0.0381877832121816 0.0381877832121816 0.0381877832121816 0.0381877832121816 0.0381877832121816 0.0381877832121816 0.0381849557957267 0.0381877832121816 0.0381877832121816 0.0381849557957267 0.0481330106258607 -9999 -9999 -9999 -9999 -9999 -9999 -9999 -9999 -9999 -9999 -9999 -9999 -9999 -9999 -9999 -9999 -9999 -9999 -9999 -9999 -9999 -9999 -9999
-9999 -9999 -9999 -9999 0.0538875484560161 0.0387812081655945 0.0381849557957267 0.0381849557957267 0.0381877832121816 0.0381849557957267 0.0381849557957267 0.0381849557957267 0.0381849557957267 0.0381849557957267 0.0381849557957267 0.0381877832121816 0.0381877832121816 0.0381877832121816 0.0381877832121816 0.0381877832121816 0.0381877832121816 0.0381877832121816 0.0381849557957267 -9999 -9999 -9999 -9999 -9999 -9999 -9999 -9999 -9999 -9999 -9999 -9999 -9999 -9999 0.0381849557957267 0.0381849557957267 0.0381849557957267 -9999 -9999 -9999 -9999 -9999 -9999 -9999 -9999
-9999 -9999 -9999 0.0387445438119413 0.0548184722218845 0.0489729789201714 0.0382963883063225 0.0488870572365517 0.0478771611951106 0.0478149590257748 0.0382992161316475 0.0381849557957267 0.0381849557957267 0.0381849557957267 0.0381849557957267 0.0381877832121816 0.0381877832121816 0.0482756728792462 0.0381877832121816 0.0381877832121816 0.0381877832121816 0.0381849557957267 -9999 -9999 -9999 -9999 -9999 -9999 -9999 -9999 -9999 -9999 -9999 -9999 -9999 -9999 -9999 -9999 0.0381849557957267 0.0382832409107764 -9999 -9999 -9999 -9999 -9999 -9999 -9999 -9999
