Scripts_&_data/BRT_projection_files/BRT_SCV2/B_gerstaeckeri_1_projection.asc
NCOLS 79 
NROWS 71 
XLLCORNER -10.5 
YLLCORNER 36 
CELLSIZE 0.5 
NODATA_value -9999 
[rows 42 to 62 of 71, columns 0 to 47 of 79]
-9999 -9999 -9999 -9999 -9999 -9999 -9999 -9999 -9999 -9999 0.0259131416893433 -9999 -9999 0.0259751143381446 -9999 -9999 -9999 -9999 -9999 -9999 -9999 -9999 -9999 -9999 0.0199000530358561 0.0199000530358561 0.0198867360585751 0.0194588791660753 0.0198996535907389 0.0199000530358561 0.0199000530358561 0.0506548672005847 0.0268878432879679 0.0236810714074685 0.0204940832130157 0.0194588791660753 0.0198471777422976 0.0198485427550272 0.0194602202167921 0.0230687716203539 0.0199631733084146 0.0194588791660753 0.0199186882194147 0.0199631733084146 0.0199803225412136 0.0199644606256743 0.0199884415516435 0.0199210694388235
-9999 -9999 -9999 -9999 -9999 -9999 -9999 -9999 -9999 -9999 -9999 -9999 -9999 -9999 -9999 -9999 -9999 -9999 -9999 -9999 -9999 -9999 0.0505850891788955 0.0244169476498138 0.0199100077221342 0.0194602202167921 0.0198485427550272 0.0198881031624259 0.0198867360585751 0.0199116231984526 0.0232588046086291 0.0261455260530045 0.0261309349126253 0.0199999502232547 0.0200688713456451 0.0198996535907389 0.0194732973795381 0.0194588791660753 0.0199014247964374 0.0222141284071874 0.0194588791660753 0.0194588791660753 0.0194588791660753 0.019960298484268 0.0199646013417076 0.0199644606256743 0.0199644606256743 0.0194588791660753
-9999 -9999 -9999 -9999 -9999 -9999 -9999 -9999 -9999 -9999 -9999 -9999 -9999 -9999 -9999 -9999 -9999 -9999 0.0199116231984526 0.0199052834990233 0.0194588791660753 0.0238492935841205 0.0199000530358561 0.0198471777422976 0.0198471777422976 0.0194602202167921 0.0198485427550272 0.0198867360585751 0.0194588791660753 0.0194588791660753 0.0199640121059163 0.0199000530358561 0.0199000530358561 0.0200546661195776 0.0199000530358561 0.0234732566270415 0.0257488166819295 0.0194602202167921 0.0198996535907389 0.0198996535907389 0.0199754193653065 0.0199650465859658 0.019479138053496 0.0194588791660753 0.0194702300384206 0.0195052105495435 0.0199918432044897 0.109440985334838
-9999 -9999 -9999 -9999 -9999 -9999 -9999 -9999 -9999 -9999 -9999 -9999 -9999 -9999 0.0198485427550272 -9999 -9999 -9999 0.0292691831029101 0.02583101010844 0.0198646709995111 0.0199112237736438 0.0194588791660753 0.0194588791660753 0.0194602202167921 0.0202932436447082 0.0194602202167921 0.0198867360585751 0.0198471777422976 0.0198471777422976 0.0199000530358561 0.0291927965999513 0.0199068498677242 0.0198867360585751 0.0199056830498368 0.0296288908036659 0.0199010250394592 0.0308713888516823 0.0199620772504859 0.0198881031624259 0.0517178173406782 0.0199719344575921 0.0194732973795381 0.0194732973795381 0.0194791405703607 0.0195052105495435 0.0199738100827379 0.0510658669532288
-9999 -9999 -9999 -9999 -9999 -9999 -9999 -9999 -9999 -9999 -9999 -9999 0.0228532793235138 0.025796077850427 0.0199056830498368 0.0198867360585751 0.0198867360585751 0.0194588791660753 0.0257964181175071 0.025784983275038 0.0244538578380552 0.0194732973795381 0.0194702300384206 0.0194602202167921 0.0194602202167921 0.0194588791660753 0.0194588791660753 0.0194588791660753 0.0198942666892238 0.0198867360585751 0.0200124533924615 0.0199075849900803 0.0210583751793398 0.0258962126830458 0.0274954070672764 0.0373770798329636 0.0198996535907389 0.0570862791016424 0.0203367559809506 0.0199892719908022 0.0199750182837356 0.0199750182837356 0.0199754193653065 0.019960298484268 0.0199606995860694 0.0199722535345397 0.0260714057582638 0.0260349427921219
-9999 -9999 -9999 -9999 -9999 -9999 -9999 -9999 -9999 -9999 -9999 -9999 -9999 -9999 0.0259131416893433 0.0198471777422976 0.0194702300384206 0.0194702300384206 0.0199056830498368 0.0198867360585751 0.0194702300384206 0.0194702300384206 0.0194702300384206 0.0194588791660753 0.0194602202167921 0.0198471777422976 0.0198471777422976 0.0199325108590654 0.0198867360585751 0.0200612324382444 0.0200666588195666 0.0199075849900803 0.0247410909318665 0.0259809761570114 0.0293690793120156 0.0264824683987394 0.0995356154877627 0.0453732638003374 0.0200493559673796 0.0199694705162629 0.0259601918725838 0.0449754462554728 0.0479041860759714 0.0646972195609704 0.0457791450725292 0.0466187727403642 0.502774549296252 0.0658645034954749
-9999 -9999 -9999 -9999 -9999 -9999 -9999 -9999 -9999 -9999 -9999 -9999 -9999 -9999 -9999 -9999 -9999 0.0199143817996592 0.0199084415250388 0.0194732973795381 0.0194588791660753 0.0194588791660753 0.0194588791660753 0.0194588791660753 0.0194625835914572 0.0198881031624259 0.0198996535907389 0.0198996535907389 0.0258928792218895 0.0263655551432938 0.0199000530358561 0.0199000530358561 0.0259809761570114 0.0260696431733761 0.04785505602625 0.0261459249678596 0.0260263038924452 0.0278648088398713 0.0496979755403291 0.0483269053215345 0.611469133334523 0.464541101961668 0.281811086296555 0.390899620582823 0.50025403425428 0.434071626297143 0.552223059501904 0.503575065138558
-9999 -9999 -9999 -9999 -9999 -9999 -9999 -9999 -9999 -9999 -9999 -9999 -9999 -9999 -9999 -9999 -9999 0.0199000530358561 0.0199000530358561 0.0199000530358561 0.0198867360585751 0.0194588791660753 0.0194588791660753 0.0199028978878344 0.0198996535907389 0.0199064593861903 0.0198942216992309 0.0199052834990233 0.0292634998149621 0.0264843124956422 0.0199084415250388 0.0258257243434342 0.0261885585209509 0.0453676385233041 0.0518198586174525 0.0460722960885935 0.513910271457649 0.523229662302891 0.485319768900569 0.486492382558341 0.408474512987502 0.0216762679783437 0.0203988327167431 0.0499651825371416 0.0210434958756794 0.0522462101815441 0.455760762506035 0.496385284372588
-9999 -9999 -9999 -9999 -9999 -9999 -9999 -9999 -9999 -9999 -9999 -9999 -9999 -9999 -9999 -9999 -9999 -9999 -9999 0.0199000530358561 0.0228204936657629 0.0198996535907389 0.0199496127729737 0.0228760214959626 0.025825863069582 0.0199116231984526 0.0199112237736438 0.0198942216992309 0.0199116231984526 0.0238386619066234 0.0199000530358561 0.0257829099940186 0.0475918343324814 0.0283364308291067 0.0588517734106982 0.204481962798245 0.286606344286289 0.295953632513764 0.573856497316393 0.441301688094017 0.322025850213454 0.159811247450337 0.138721171629852 0.0577211514205835 0.135909375398147 0.319284379693082 0.0415454444867853 0.0595420655915351
-9999 -9999 -9999 -9999 -9999 -9999 -9999 -9999 -9999 -9999 -9999 -9999 -9999 -9999 -9999 -9999 -9999 -9999 -9999 0.0199000530358561 0.0199000530358561 0.0199000530358561 0.025825863069582 0.0290155912026487 0.0266588338576727 0.031655362408806 0.0547219453495347 0.0198867360585751 0.0301218690136311 0.0199451548679291 0.0200681031863341 0.0290394813683211 0.0260586710259512 0.0635728898463897 0.275531793182002 0.0212041605850629 0.0210199223809039 0.0261560559753803 0.0290027387157479 0.0290051745402805 0.0282651503324009 0.0487244530544755 0.0510110212139875 0.0509906872715174 0.0263980213624557 0.0265827316896378 0.0284794004452476 -9999
-9999 -9999 -9999 -9999 -9999 -9999 -9999 -9999 -9999 -9999 -9999 -9999 -9999 -9999 -9999 -9999 -9999 -9999 -9999 0.0292677488531644 0.0228394683283503 0.0199376008087271 0.0199000530358561 0.0300633320163441 0.0267579452507507 0.0269834695960856 0.0462495294676426 0.0199547948998149 0.0201387617810746 0.020069273600909 0.0294765886928325 0.0260674100582223 0.0289909279571281 0.143209339291396 0.0207908010025117 0.0209090473138229 0.0198881031624259 0.0199010250394592 0.0235328414621866 0.0244729186463945 0.0244729186463945 0.0199014247964374 0.019941807246606 0.0199014247964374 0.0199014247964374 -9999 -9999 -9999
-9999 -9999 -9999 -9999 -9999 -9999 -9999 -9999 -9999 -9999 -9999 -9999 -9999 -9999 -9999 -9999 -9999 -9999 -9999 0.0345524942417562 0.019914781224468 0.0198942216992309 0.0198996535907389 0.0198996535907389 0.0507405603371888 0.0260389354444822 0.0258695145067394 0.052402458740225 0.054818132248591 0.0266499101228133 0.0291961481849046 0.0269597121156766 0.0713602823871139 0.146975537230827 0.0216740123042833 0.0206445110852344 0.0194602202167921 0.0194588791660753 0.0199014247964374 0.0264776584093117 0.0278226381152984 0.0262925830004152 0.0199014247964374 0.0198881031624259 0.0194602202167921 0.0194602202167921 -9999 -9999
-9999 -9999 -9999 -9999 -9999 -9999 -9999 -9999 -9999 -9999 -9999 -9999 -9999 -9999 -9999 -9999 -9999 -9999 0.0273405958004558 0.0332555865973087 0.0305465011730355 0.0198905282157476 0.0198587310961717 0.0198942216992309 0.0199744841270711 0.0291981879766623 0.025916359559567 0.0260693490637092 0.0496844046204072 0.0261209057270467 0.0200677005944216 0.0201841401520338 0.023982885251388 0.0661757647645602 0.184731320394759 0.0688398437112047 0.0199000530358561 0.0203343653314113 -9999 -9999 0.029075809091702 0.030093532145093 0.0260852684195669 0.0292478877357283 0.0199014247964374 0.0198881031624259 -9999 -9999
-9999 -9999 -9999 -9999 -9999 -9999 -9999 -9999 -9999 -9999 -9999 -9999 -9999 -9999 -9999 -9999 -9999 -9999 0.0265815093868986 0.0259824497300465 0.0238542015349179 0.0199712476139732 0.0194588791660753 0.0194588791660753 0.0198867360585751 0.0258205809989584 0.0261060213297604 0.0259690266140754 0.0286820625029638 0.0199014247964374 0.0194588791660753 0.0196766344226354 0.0201293226979023 0.0243015432376999 0.0305088691194807 0.0302694075891898 -9999 -9999 -9999 -9999 -9999 -9999 0.0262776568860038 0.0263182171871953 0.0256728450834824 0.0198996535907389 0.0199014247964374 -9999
-9999 -9999 -9999 0.0270409855536063 0.0272520168697647 0.0269338034272016 0.0304729468463051 0.027397653140712 0.0538753021915701 0.0530741361612664 0.0528037768149363 0.0528563301915026 0.0598835591520549 0.0516649451543491 0.0544418684405299 0.0271867097686101 0.0289696666793192 0.0290956057974485 0.0262936845200767 0.0261877499559883 0.054182805942185 0.0258307199256824 0.0199114465869574 0.0199104072729476 0.0199056830498368 0.0258506846217822 0.0198996535907389 0.0194602202167921 -9999 -9999 -9999 -9999 0.019963643897144 0.0298233528118142 -9999 -9999 -9999 -9999 -9999 -9999 -9999 -9999 0.0244107072753792 0.0199010250394592 0.0198881031624259 0.0199010250394592 0.0260222390098277 0.0199010250394592
-9999 -9999 -9999 0.0291435943710706 0.0266977101476137 0.0201269738771654 0.0203757671253011 0.0293203422871437 0.0624962802257596 0.0202113384701637 0.0304073499459306 0.0271638397547282 0.0200139628120105 0.0202647523623583 0.0196285209916541 0.0201201594551088 0.0266753162373727 0.0260803275115524 0.0268034090837763 0.0575201570389282 0.10315348260671 0.528223886859252 0.145009570564535 0.115971681556452 0.154853162600009 0.0763579809598034 0.0235483193322127 -9999 -9999 -9999 -9999 -9999 -9999 -9999 -9999 -9999 -9999 -9999 -9999 -9999 -9999 -9999 -9999 0.0194602202167921 0.0198867360585751 0.0199014247964374 0.0254859818531011 0.0263503126787451
-9999 -9999 -9999 -9999 0.0265022448184947 0.0308499635012984 0.0275907773108806 0.0616606296598522 0.0197506498207246 0.019462869532328 0.0194729677825247 0.0194602202167921 0.0194729677825247 0.0194588791660753 0.0202537720302047 0.0202375889822752 0.0196697694656746 0.0194588791660753 0.0195297486348603 0.0196900163176382 0.0196900163176382 0.0203406336487609 0.0203258650131205 0.0203058814850725 0.0208835116878531 0.128870385845172 0.0243391096103458 0.0195104460162547 -9999 -9999 -9999 -9999 -9999 -9999 -9999 -9999 -9999 -9999 -9999 -9999 -9999 -9999 -9999 -9999 0.0297941907158022 0.0263416403224028 0.0263093984441562 0.0265432332425897
-9999 -9999 -9999 0.0290710680298313 0.0291585802568506 0.0272168549544418 0.0201383819725391 0.0204157603402655 0.0194783021942721 0.0194588791660753 0.0194722878295976 0.0194602202167921 0.0194729677825247 0.0194709467788808 0.019476959492912 0.0194783021942721 0.0194665753018445 0.019476959492912 0.0194642122336881 0.0194642122336881 0.0194729677825247 0.0194588791660753 0.019462869532328 0.0194748186043437 0.0196748213453849 0.0201296508733599 0.0199393304537131 -9999 -9999 -9999 -9999 -9999 -9999 -9999 -9999 -9999 -9999 -9999 -9999 -9999 -9999 -9999 -9999 -9999 -9999 -9999 0.0295512734730567 0.0260931330259181
-9999 -9999 -9999 -9999 0.0291366922602499 0.0270218795380389 0.0194803768965783 0.0194783021942721 0.0194887502379247 0.0194725418997288 0.0194729677825247 0.0194588791660753 0.019476959492912 0.019476959492912 0.019476959492912 0.019476959492912 0.019476959492912 0.019476959492912 0.019476959492912 0.0194783021942721 0.0194712915511201 0.019476959492912 0.0194749384892681 0.0194642122336881 0.0196518923924695 -9999 -9999 -9999 -9999 -9999 -9999 -9999 -9999 -9999 -9999 -9999 -9999 -9999 -9999 -9999 -9999 -9999 -9999 -9999 -9999 -9999 -9999 -9999
-9999 -9999 -9999 -9999 0.0291481239341928 0.027018016209949 0.0199096740062007 0.0194665753018445 0.0194872512818928 0.0194702300384206 0.0194725418997288 0.0194702300384206 0.019462869532328 0.0195028222724426 0.019462869532328 0.019476959492912 0.0195374523458382 0.019476959492912 0.0194729677825247 0.019476959492912 0.019476959492912 0.019476959492912 0.0194602202167921 -9999 -9999 -9999 -9999 -9999 -9999 -9999 -9999 -9999 -9999 -9999 -9999 -9999 -9999 0.019463924642174 0.0198996535907389 0.0244894596479075 -9999 -9999 -9999 -9999 -9999 -9999 -9999 -9999
-9999 -9999 -9999 0.0302881426602199 0.0270739708508545 0.0525685249224268 0.0524217826370947 0.0523885200106218 0.0592867189182316 0.0525615902642678 0.0581771579831806 0.0199397961220514 0.019462869532328 0.0194642122336881 0.019462869532328 0.0194729677825247 0.019476959492912 0.0197062684615175 0.019476959492912 0.0194907762462118 0.0194887470878207 0.0194642122336881 -9999 -9999 -9999 -9999 -9999 -9999 -9999 -9999 -9999 -9999 -9999 -9999 -9999 -9999 -9999 -9999 0.0199056830498368 0.0486359245549959 -9999 -9999 -9999 -9999 -9999 -9999 -9999 -9999
