Scripts_&_data/BRT_projection_files/BRT_SCV2/B_hortorum_1_projection.asc
NCOLS 79 
NROWS 71 
XLLCORNER -10.5 
YLLCORNER 36 
CELLSIZE 0.5 
NODATA_value -9999 
[rows 44 to 65 of 71, columns 0 to 48 of 79]
-9999 -9999 -9999 -9999 -9999 -9999 -9999 -9999 -9999 -9999 -9999 -9999 -9999 -9999 -9999 -9999 -9999 -9999 0.576400873961026 0.596561885199892 0.595668094343816 0.596658703578228 0.593671636794976 0.593290860745882 0.593012756311698 0.571723427647362 0.576968193727029 0.595531906085791 0.595741110876817 0.595101167770726 0.713092878552074 0.715063481664965 0.713757627393629 0.713783125957506 0.714053866117597 0.72148623229416 0.721772924038088 0.593426340339147 0.713948128656007 0.714003475907265 0.714013189365352 0.713819752395618 0.71067772165257 0.710737403235874 0.710676284498848 0.710717603520751 0.714051069381568 0.72215808760652 0.703004382483177
-9999 -9999 -9999 -9999 -9999 -9999 -9999 -9999 -9999 -9999 -9999 -9999 -9999 -9999 0.572734441909823 -9999 -9999 -9999 0.600367859748323 0.718488853821333 0.709717743724422 0.708360397154632 0.709082616881736 0.594251654766276 0.591940747517103 0.604127359232045 0.570195246293073 0.595089252528409 0.59422445941965 0.59355418660552 0.595216711671222 0.718683376959563 0.713875596022365 0.713925187317834 0.721425105517741 0.722290922208256 0.594683953245558 0.72230207981384 0.713987082060315 0.714267855461971 0.722004936571112 0.713983983331958 0.710705283452538 0.710705283452538 0.710705283452538 0.710705283452538 0.713573749905336 0.72198368340401 0.722136753526605
-9999 -9999 -9999 -9999 -9999 -9999 -9999 -9999 -9999 -9999 -9999 -9999 0.598111836544659 0.599979513776275 0.597222018005705 0.595734027854188 0.576393042915889 0.573908473654265 0.599793630069554 0.599655086626669 0.598325107715219 0.594028607885434 0.595213955855332 0.592216138866303 0.592220825973731 0.569711104195824 0.570581830434532 0.572513552295861 0.594959805946345 0.595532273095495 0.592993249888994 0.721023191034157 0.721470830645623 0.721972626718465 0.724289938544871 0.72230207981384 0.714019195676508 0.722390350624679 0.713939277915302 0.714005343072246 0.713854395741948 0.713948009381062 0.714013189365352 0.713912939350099 0.714186683875362 0.71363465218614 0.719001985048857 0.719088307023631 0.719028581159999
-9999 -9999 -9999 -9999 -9999 -9999 -9999 -9999 -9999 -9999 -9999 -9999 -9999 -9999 0.578620898344488 0.572850980330611 0.572334521176387 0.572450544520349 0.573073165939256 0.573076807903219 0.572608683547306 0.573761505668827 0.589070362406472 0.589765006875636 0.572527698835553 0.569275279792478 0.572724616731393 0.571974668367216 0.595471137283099 0.707098518087403 0.713706605490758 0.713800737683495 0.599708628800116 0.722047137519394 0.724283258236771 0.722182392604177 0.707162978535035 0.72205536142451 0.719336124958134 0.713842555679827 0.721928569222764 0.724003519304228 0.722139113935381 0.722506587282638 0.724233864163144 0.724537776604446 0.724468323547062 0.724596648315284 0.724535822559325
-9999 -9999 -9999 -9999 -9999 -9999 -9999 -9999 -9999 -9999 -9999 -9999 -9999 -9999 -9999 -9999 -9999 0.55634611583498 0.573682420036688 0.573129490071391 0.571938965324366 0.570610728004055 0.573121518974244 0.571545297998826 0.569746123581129 0.570032381133973 0.575949093016248 0.592116308874356 0.596576090809415 0.721990373476273 0.593599538552888 0.595904715064504 0.608777849536374 0.721666996745361 0.723238647434054 0.719596150206916 0.719098894873723 0.721119704883983 0.724298015771721 0.724282215302984 0.724596648315284 0.724412595529672 0.722211135408829 0.722227997754328 0.723443380074122 0.72222564666872 0.724213701634857 0.722630458783975 0.723311989501538
-9999 -9999 -9999 -9999 -9999 -9999 -9999 -9999 -9999 -9999 -9999 -9999 -9999 -9999 -9999 -9999 -9999 0.502534712640139 0.527697398510065 0.572708125436802 0.572708125436802 0.572646286350265 0.571754240418797 0.572290790957518 0.576198660461096 0.575718741642261 0.595038500617817 0.593660325544586 0.597472090975535 0.721760198810825 0.594891550517089 0.594958252164598 0.724321560213284 0.724513684187425 0.719216781712178 0.7204446212672 0.724354429666826 0.724577681176593 0.724486370430286 0.724006279556713 0.72201273496868 0.68931378009536 0.694935111599998 0.721519508335774 0.711972789750311 0.721250533888641 0.723547336371955 0.724122457420046 0.722172878909393
-9999 -9999 -9999 -9999 -9999 -9999 -9999 -9999 -9999 -9999 -9999 -9999 -9999 -9999 -9999 -9999 -9999 -9999 -9999 0.502639779637536 0.561530992802352 0.572813362944128 0.57253045504204 0.59600316112495 0.600190700069359 0.713912345995465 0.713948287223207 0.595216986144311 0.596065470404034 0.721460061190129 0.595198004859012 0.617671765363116 0.724355961316188 0.723606161049052 0.724765901256518 0.722052673552417 0.722099368176687 0.724567210150426 0.724481188600567 0.724570655863916 0.724186665157859 0.722018861380882 0.721443252589025 0.721464778628125 0.721738432618922 0.723050803828306 0.724337699383011 0.724710350598036 0.725404880064081
-9999 -9999 -9999 -9999 -9999 -9999 -9999 -9999 -9999 -9999 -9999 -9999 -9999 -9999 -9999 -9999 -9999 -9999 -9999 0.50117638271971 0.502441347431909 0.524275220333016 0.57552341147611 0.598129721103803 0.722343435189067 0.722309671390195 0.722052737713176 0.710807156177916 0.721782860163957 0.713545022575139 0.598133163426359 0.578386014584849 0.721831727927153 0.722083179731111 0.723078231994472 0.712110656871304 0.712057721656388 0.722213066556653 0.613219398363709 0.645046707403303 0.724326788369383 0.723591454269522 0.722247067659572 0.721971831137789 0.719573562027067 0.602155431194774 0.537273873570712 -9999 0.606232391766757
-9999 -9999 -9999 -9999 -9999 -9999 -9999 -9999 -9999 -9999 -9999 -9999 -9999 -9999 -9999 -9999 -9999 -9999 -9999 0.500690667729869 0.499292755245371 0.500070450046678 0.527656959882682 0.609322897400463 0.656002422531868 0.723222812733061 0.724112685049033 0.713982900154949 0.71394605415369 0.721394319288858 0.637786768113315 0.619705634048667 0.723981082391089 0.722041582928506 0.711524140732211 0.711552947643647 0.563926105147672 0.503945701823316 0.506383190938306 0.506410438702283 0.506383190938306 0.50584912089965 0.506134974356175 0.50708186428995 0.506134974356175 -9999 -9999 -9999 0.545321996298385
-9999 -9999 -9999 -9999 -9999 -9999 -9999 -9999 -9999 -9999 -9999 -9999 -9999 -9999 -9999 -9999 -9999 -9999 -9999 0.548780341737984 0.503318244991743 0.499218132657971 0.497631417644329 0.540179753371746 0.576554078802243 0.7172589797748 0.723984640048576 0.72205665502124 0.722121573046688 0.723965487874144 0.63931282752198 0.721965593223736 0.722121900328284 0.718072301470502 0.704159490864244 0.713897653340216 0.505727096461189 0.505514389272603 0.525417384511487 0.722144224978245 0.621326112205907 0.53199174763293 0.505875753510435 0.505844600952859 0.50561273521777 0.501324421689598 -9999 -9999 -9999
-9999 -9999 -9999 -9999 -9999 -9999 -9999 -9999 -9999 -9999 -9999 -9999 -9999 -9999 -9999 -9999 -9999 -9999 0.544805127503829 0.544587829326618 0.542446365313794 0.498916820172057 0.501365383554291 0.501217769490482 0.498856882923615 0.575166526917383 0.718837995081808 0.722165781206441 0.718788905796353 0.584531321534208 0.514847795579028 0.713674712645572 0.721417266497204 0.721509574492258 0.708238204744269 0.722021781672183 0.714046595379249 0.56405860480315 -9999 -9999 0.598301848085996 0.724314076294657 0.723984439259239 0.599667168817226 0.504306958035989 0.505875753510435 -9999 -9999 -9999
-9999 -9999 -9999 -9999 -9999 -9999 -9999 -9999 -9999 -9999 -9999 -9999 -9999 -9999 -9999 -9999 -9999 -9999 0.582884484203576 0.52857325153416 0.499233036201391 0.500565188609493 0.500760138464742 0.503407909780623 0.50126270381941 0.501480904218207 0.657569296200606 0.634899133651946 0.577968789878379 0.501454061418409 0.503920675674716 0.557858140186488 0.570588076386021 0.623601706498955 0.620827314800551 0.540269583907111 -9999 -9999 -9999 -9999 -9999 -9999 0.508165434602284 0.50483187763086 0.71417260190933 0.713941271388578 0.506958767307477 -9999 -9999
-9999 -9999 -9999 0.595137546507048 0.593558629420473 0.660056754490999 0.640186815347033 0.65884741189843 0.683192455692147 0.684174248523549 0.684377547030099 0.685333470418476 0.624762802440357 0.629100923185643 0.613981999024752 0.636351906959837 0.59744104677211 0.647991989258121 0.628020553168539 0.60716282893781 0.60254037481825 0.500502306565003 0.499157798461674 0.499107319386219 0.499799052071623 0.501960532849027 0.498496763129617 0.501627792723032 -9999 -9999 -9999 -9999 0.544715555260875 0.539973157911042 -9999 -9999 -9999 -9999 -9999 -9999 -9999 -9999 0.498635566568048 0.498337282051551 0.502074706270908 0.529071343301037 0.597736114456434 0.573719314531445 0.503925322188549
-9999 -9999 -9999 0.598769767589449 0.616386223680225 0.636318640257412 0.635221512616823 0.71544030642896 0.722072782475561 0.713564655354343 0.721538229255566 0.722236576954418 0.708368950489793 0.708364899633375 0.707191061076175 0.713899064715035 0.722371654643031 0.585179758596079 0.659564304352185 0.723834948451532 0.715840953073225 0.683092594911747 0.711459584275262 0.706901173168361 0.722370126171969 0.631036730741013 0.542554388173943 -9999 -9999 -9999 -9999 -9999 -9999 -9999 -9999 -9999 -9999 -9999 -9999 -9999 -9999 -9999 -9999 0.498119444994251 0.499021478641084 0.499956304959782 0.499071212874824 0.721789274523928 0.505011590637535
-9999 -9999 -9999 -9999 0.614875903860939 0.619198102875291 0.717953455884881 0.722101003116064 0.706316025318456 0.493379228327908 0.504446117123595 0.516154698401221 0.51080343040967 0.541595404454814 0.682139645977956 0.689060394657459 0.704311006638477 0.492467215676952 0.500193513128349 0.570487885685149 0.594432895306123 0.575036828973599 0.712120075906389 0.69922573060978 0.713472254703775 0.703077139992727 0.545480804325284 0.542918990446671 -9999 -9999 -9999 -9999 -9999 -9999 -9999 -9999 -9999 -9999 -9999 -9999 -9999 -9999 -9999 -9999 0.498565920842352 0.528697020208112 0.505750331769994 0.722020687155267 0.721408559047765
-9999 -9999 -9999 0.598321525509651 0.659792488737 0.661245154188284 0.580767413421477 0.569124883162892 0.501730722137402 0.483946712717231 0.485584065330367 0.502054139488226 0.517250863479795 0.548394272674942 0.573993512259853 0.574427480228812 0.674303253583746 0.550952086420159 0.471884705411583 0.475186397058215 0.470791906152211 0.469938877496873 0.474027762095417 0.497443701631149 0.560140964068449 0.568128182343088 0.547148052818539 -9999 -9999 -9999 -9999 -9999 -9999 -9999 -9999 -9999 -9999 -9999 -9999 -9999 -9999 -9999 -9999 -9999 -9999 -9999 0.503102078899031 0.532533183594394 0.517980132772725
-9999 -9999 -9999 -9999 0.592301849665374 0.618194882736045 0.52413663885547 0.501856950115273 0.500139419222033 0.498152897063642 0.483977169815506 0.484738949238515 0.531154727727858 0.674646333864168 0.658518091820473 0.551165652692212 0.578583744486028 0.580003398509891 0.513154684978667 0.471478156672109 0.470815388433153 0.469367488858131 0.474295949552451 0.494156125262966 0.546107160872531 -9999 -9999 -9999 -9999 -9999 -9999 -9999 -9999 -9999 -9999 -9999 -9999 -9999 -9999 -9999 -9999 -9999 -9999 -9999 -9999 -9999 -9999 -9999 0.503601109310362
-9999 -9999 -9999 -9999 0.598187905004519 0.58591739437105 0.502552801225322 0.501425079167607 0.501468194747245 0.550955717292484 0.558990534952818 0.552105807350508 0.6812560171762 0.611330252521167 0.492249279246553 0.539673001206091 0.647622514797716 0.668406780089137 0.599170136452924 0.645242172537587 0.541881166832597 0.497660478594034 0.530176266664739 -9999 -9999 -9999 -9999 -9999 -9999 -9999 -9999 -9999 -9999 -9999 -9999 -9999 -9999 0.533554547699952 0.497857764632127 0.499169234019121 -9999 -9999 -9999 -9999 -9999 -9999 -9999 -9999 -9999
-9999 -9999 -9999 0.550350353140924 0.567521130911902 0.577011198755398 0.529104005848193 0.54716719368859 0.547485740524646 0.618647128382746 0.63676460923252 0.559871548725946 0.493445628981837 0.475076544594211 0.474200461291352 0.494295502670214 0.560201175295465 0.644273452254757 0.593100408820857 0.586364761549739 0.579829356698709 0.529902288976933 -9999 -9999 -9999 -9999 -9999 -9999 -9999 -9999 -9999 -9999 -9999 -9999 -9999 -9999 -9999 -9999 0.497772187629004 0.499864862384136 -9999 -9999 -9999 -9999 -9999 -9999 -9999 -9999 -9999
-9999 -9999 -9999 0.538961229899169 0.54322795694952 0.542462140652065 0.498745369596656 0.54126995905902 0.541342330393171 0.541382484425052 0.497481996941283 0.500154298983642 0.476324742519889 0.472253650902184 0.471682304199559 0.489928429581606 0.497094894903084 0.539677641523347 0.506034128565358 0.47263056331676 0.509961954813327 -9999 -9999 -9999 -9999 -9999 -9999 -9999 -9999 -9999 -9999 -9999 -9999 -9999 -9999 -9999 -9999 -9999 0.497857764632127 0.496560672987266 -9999 -9999 -9999 -9999 -9999 -9999 -9999 -9999 -9999
-9999 -9999 0.502630971867094 0.501728513268428 0.501434145830915 0.497384565567737 0.497273083096805 0.498206697836941 0.500637807973859 0.497992880945589 0.500418171909913 0.502587823356514 0.497269390685871 0.470889897254101 0.471682986637878 0.47121998686227 0.475737067166115 0.471533220327539 0.470729159933591 0.47079814985766 -9999 -9999 -9999 -9999 -9999 -9999 -9999 -9999 -9999 -9999 -9999 -9999 -9999 -9999 -9999 -9999 -9999 -9999 0.495005216958637 0.536887402917402 -9999 -9999 -9999 -9999 -9999 -9999 -9999 -9999 -9999
-9999 -9999 0.539041610581505 0.498168274476788 0.497346441409624 0.497579780616106 0.497552420608891 0.497484721522527 0.490842424745415 0.490097146451135 0.4965596889929 0.497347640858718 0.491632057770997 0.470653785610483 0.471418787722412 0.49965491602059 0.499737080018313 0.472002966453349 0.471397444662726 0.471598111114904 0.498373394289789 -9999 -9999 -9999 -9999 -9999 -9999 -9999 -9999 -9999 -9999 -9999 -9999 -9999 -9999 -9999 -9999 -9999 -9999 -9999 -9999 -9999 -9999 -9999 -9999 -9999 -9999 -9999 -9999
