Scripts_&_data/BRT_projection_files/BRT_SCV2/B_humilis_2_projection.asc
NCOLS 79 
NROWS 71 
XLLCORNER -10.5 
YLLCORNER 36 
CELLSIZE 0.5 
NODATA_value -9999 
[rows 44 to 65 of 71, columns 0 to 48 of 79]
-9999 -9999 -9999 -9999 -9999 -9999 -9999 -9999 -9999 -9999 -9999 -9999 -9999 -9999 -9999 -9999 -9999 -9999 0.348577048807058 0.335366768963012 0.345036671651069 0.356540834770512 0.29576113721034 0.303871372993739 0.291726350557706 0.302463239230034 0.302369445091781 0.291647710186375 0.300399507078277 0.310615905932288 0.304196477834977 0.363254858481295 0.306729626962272 0.368941240677912 0.360806039337363 0.364623168343641 0.36315774175722 0.344859851582644 0.358917352273188 0.362734180984507 0.37632812554529 0.35749864757868 0.375797285823591 0.380201451134012 0.35966158830887 0.37893076825383 0.366157762791921 0.387080169978135 0.37558391266242
-9999 -9999 -9999 -9999 -9999 -9999 -9999 -9999 -9999 -9999 -9999 -9999 -9999 -9999 0.330560670106966 -9999 -9999 -9999 0.324237613373777 0.365486455001599 0.341880685670264 0.340387006326237 0.303072688948994 0.292413226159012 0.294851108918164 0.330571629535109 0.303421687624101 0.291513968736824 0.298691546824622 0.299945966506246 0.300181196357907 0.342414847542515 0.363703659462673 0.345416452293947 0.348874754086793 0.363734904588566 0.334826321714806 0.36511566707559 0.375704050381227 0.366128233090057 0.38236929723241 0.380382431120983 0.363353232574673 0.374165533920874 0.36022809997343 0.324241422996029 0.325927515994327 0.403321356888619 0.389256248221269
-9999 -9999 -9999 -9999 -9999 -9999 -9999 -9999 -9999 -9999 -9999 -9999 0.307724463685146 0.311021802362329 0.30758648270555 0.294333781045875 0.292990627455194 0.306824848614813 0.296636193443388 0.296988718641584 0.307904907604053 0.302832958320067 0.302985370529646 0.299675721592481 0.289061553277733 0.291508447532321 0.302543014897954 0.291589582219309 0.29133554393694 0.291611810763055 0.303912941702246 0.357376222620779 0.37777306482338 0.354721431848603 0.362340426043135 0.375521596957846 0.356008122719682 0.402080600235285 0.401636429330552 0.380517686003303 0.392122182859649 0.38895862190669 0.384870728767078 0.374694591675657 0.376903297455382 0.357015346891169 0.397304493843216 0.435648319850602 0.330332870897973
-9999 -9999 -9999 -9999 -9999 -9999 -9999 -9999 -9999 -9999 -9999 -9999 -9999 -9999 0.346525097396199 0.310727736140344 0.294847295221927 0.293383559859116 0.295746083921211 0.293212078130088 0.292914208672869 0.315321671677409 0.291699669308421 0.291654953572621 0.322721654685487 0.320758630410086 0.291837708831142 0.29195723031353 0.291840706474461 0.304219649605636 0.34179685483134 0.358311098650936 0.376054951385662 0.370536774167798 0.403921871276717 0.382119689776251 0.389489177336943 0.405251887034871 0.409359856268904 0.40399499255736 0.426214869545095 0.456610245645246 0.429704510438451 0.412035519509736 0.41588183930832 0.439992783203235 0.440877142750804 0.461533099960752 0.439405450316566
-9999 -9999 -9999 -9999 -9999 -9999 -9999 -9999 -9999 -9999 -9999 -9999 -9999 -9999 -9999 -9999 -9999 0.312777733649168 0.310885617975497 0.302185398422533 0.298104799032846 0.291916345657251 0.302389215864587 0.291825356103493 0.291969591748338 0.320990190688853 0.292634769895029 0.329036468050648 0.345527591285515 0.352256622286492 0.342758169671746 0.312441013426355 0.368178456970321 0.391243727808872 0.405245378018267 0.41431095887686 0.408760067335263 0.425766856436087 0.43684994473195 0.459193837886731 0.469028855442868 0.345347116633465 0.482871564563395 0.493552706619868 0.495490904973737 0.494640676532223 0.492834419847255 0.48632614450949 0.439895340818819
-9999 -9999 -9999 -9999 -9999 -9999 -9999 -9999 -9999 -9999 -9999 -9999 -9999 -9999 -9999 -9999 -9999 0.295215097383504 0.295046293127852 0.294093752439775 0.292308156939999 0.293030006795023 0.29136013544043 0.292730936347126 0.293151678817699 0.293033013729535 0.313915539123952 0.331133398535779 0.334144045075112 0.382263421544815 0.330326128146752 0.332713938215269 0.383025649152588 0.418618614034434 0.442982909997006 0.461496731976784 0.483963784781765 0.470058537645466 0.383184879069734 0.364311075472502 0.376816332924133 0.446015617835602 0.467419748147506 0.453329286591007 0.454198891994859 0.445316520895168 0.484191974799216 0.459460150467612 0.43666747376009
-9999 -9999 -9999 -9999 -9999 -9999 -9999 -9999 -9999 -9999 -9999 -9999 -9999 -9999 -9999 -9999 -9999 -9999 -9999 0.292039524934382 0.294777368059683 0.29293011604502 0.296100531855796 0.347128543111352 0.35523933492554 0.3767765804993 0.377943740600717 0.331314072599096 0.377763567932555 0.355064816056938 0.357441800297841 0.335919665676828 0.398049799759569 0.395148646224463 0.417443261385955 0.455535928433548 0.456473649638415 0.469740194026578 0.441872337224692 0.469291120603096 0.492218700623322 0.464476033547696 0.410147054246464 0.429184772921004 0.424902778446484 0.432027374563977 0.396620217505413 0.414596322986444 0.429612888874062
-9999 -9999 -9999 -9999 -9999 -9999 -9999 -9999 -9999 -9999 -9999 -9999 -9999 -9999 -9999 -9999 -9999 -9999 -9999 0.293868397590269 0.291570183659771 0.295163596385364 0.33225449748454 0.343435545512276 0.364669578213248 0.36507492468143 0.368492504430464 0.358083933974971 0.363800563001532 0.416238079089695 0.361337383426015 0.341980648433247 0.380215449507302 0.413605087464139 0.444704783451148 0.464915638401374 0.490585207737982 0.383184451550002 0.358837708223417 0.361461555634969 0.380727442899047 0.405353386451544 0.411791318494235 0.403249171101291 0.357180975205021 0.305507625808394 0.303496844933644 -9999 0.359057849632981
-9999 -9999 -9999 -9999 -9999 -9999 -9999 -9999 -9999 -9999 -9999 -9999 -9999 -9999 -9999 -9999 -9999 -9999 -9999 0.299538563133332 0.293863722784377 0.298123027045972 0.328748906876985 0.351589483886709 0.354020614503013 0.37339656772242 0.388370831893028 0.378253384471533 0.390257550862765 0.396091877952346 0.361809524549415 0.334291368934831 0.379256778919574 0.432937889763772 0.413530731982688 0.437530271888445 0.347409454893873 0.302010910788023 0.302647806397332 0.301248706612211 0.303545723227114 0.302108535295784 0.300527127853598 0.30088647430279 0.300400026277382 -9999 -9999 -9999 0.315278638266662
-9999 -9999 -9999 -9999 -9999 -9999 -9999 -9999 -9999 -9999 -9999 -9999 -9999 -9999 -9999 -9999 -9999 -9999 -9999 0.31155214287667 0.308679853228625 0.296754088737765 0.295844510086239 0.324339548988233 0.348573309547888 0.3720475401358 0.381208776762901 0.404124538332019 0.39848020593474 0.397064707152326 0.355552663368418 0.384451986104557 0.394869793098251 0.428020860710285 0.427111891532114 0.429561945594175 0.300178285313133 0.301903639294982 0.313945048067382 0.389766683827541 0.351222918603309 0.303702652661192 0.30049889906031 0.292951179410668 0.292814710805534 0.289428546179311 -9999 -9999 -9999
-9999 -9999 -9999 -9999 -9999 -9999 -9999 -9999 -9999 -9999 -9999 -9999 -9999 -9999 -9999 -9999 -9999 -9999 0.302754483903787 0.29774109723693 0.297986802462551 0.295755094528613 0.290273505148863 0.290675543558597 0.312672222045049 0.317789808224814 0.38062597233162 0.366451177526867 0.375340251144526 0.316167140946714 0.322824008927277 0.36754804203075 0.366464695823733 0.376081423428683 0.356128251295296 0.412311414193843 0.353991296251515 0.332212157144139 -9999 -9999 0.359033015261899 0.383225551071174 0.367224355655508 0.360811757011612 0.302171521256411 0.293291192879834 -9999 -9999 -9999
-9999 -9999 -9999 -9999 -9999 -9999 -9999 -9999 -9999 -9999 -9999 -9999 -9999 -9999 -9999 -9999 -9999 -9999 0.312862558854168 0.315286592945639 0.29366843493054 0.290631108484342 0.287537746989775 0.293421839184755 0.29123339520013 0.293636103328237 0.340003964188525 0.351689154493772 0.322449289986679 0.307134970059031 0.296635715578331 0.323569250178224 0.345115820642411 0.353914203470797 0.36003385966531 0.327409901585733 -9999 -9999 -9999 -9999 -9999 -9999 0.318717181882076 0.310406022976682 0.358141781157271 0.350396694232436 0.301558290422466 -9999 -9999
-9999 -9999 -9999 0.316307243521974 0.321996748625071 0.353767419784087 0.347678482118116 0.338886445687336 0.372454104191233 0.382715466268531 0.370969214351682 0.379858123726126 0.359361272113756 0.349301648806522 0.344952953117264 0.357810983266968 0.326972467556781 0.356338454221601 0.35092834733204 0.321813965563343 0.3398683971514 0.299872290122012 0.293765481272527 0.295895822735238 0.290772407511057 0.305155481361533 0.296688468731339 0.307595229986058 -9999 -9999 -9999 -9999 0.309269966114125 0.312348390629089 -9999 -9999 -9999 -9999 -9999 -9999 -9999 -9999 0.296074838931027 0.29673470103349 0.294307867720424 0.348139528468478 0.324732665293926 0.294470121265189 0.295775052071852
-9999 -9999 -9999 0.323663044943323 0.347028632001317 0.3582683435028 0.34688117092778 0.383112627901519 0.379337571219416 0.395255122972211 0.366595297053179 0.370276252294374 0.364078799516446 0.371744516843127 0.349667389249058 0.376364647793778 0.367995812185143 0.342710571915836 0.338375614493713 0.37802172685516 0.391679955993319 0.326130249911297 0.3735365509124 0.36208049735903 0.363753814970321 0.343903500526233 0.307334811004037 -9999 -9999 -9999 -9999 -9999 -9999 -9999 -9999 -9999 -9999 -9999 -9999 -9999 -9999 -9999 -9999 0.290285338671192 0.296452155207042 0.291401065669388 0.335375982560861 0.359846909521276 0.302167292207107
-9999 -9999 -9999 -9999 0.357705502198198 0.35644977975861 0.368740909870114 0.377803481753933 0.368965953544963 0.294067359591871 0.291132633490217 0.290264070396353 0.289877768722951 0.291600291318927 0.360816197755692 0.369159233677676 0.350210512964796 0.289316047213705 0.289638976492886 0.308101221114381 0.333361191149721 0.331357915558982 0.345987009338403 0.3484741575723 0.395517350793018 0.384983459601868 0.303640385466773 0.288557584833548 -9999 -9999 -9999 -9999 -9999 -9999 -9999 -9999 -9999 -9999 -9999 -9999 -9999 -9999 -9999 -9999 0.300412539541805 0.303911881363246 0.308016942901847 0.3875953313374 0.351745101463533
-9999 -9999 -9999 0.323384075910987 0.359101064842924 0.364060088518842 0.349551600394104 0.340291482128273 0.313110964008324 0.291065169761305 0.289523115218131 0.294942845476786 0.290805420130572 0.29149930409698 0.316681721623681 0.314261908451791 0.311547988480952 0.318467719936747 0.288368350238044 0.29371381520119 0.288398045532521 0.289178775042726 0.301022764087888 0.292160507455335 0.312222328434295 0.31063872003257 0.297691867850158 -9999 -9999 -9999 -9999 -9999 -9999 -9999 -9999 -9999 -9999 -9999 -9999 -9999 -9999 -9999 -9999 -9999 -9999 -9999 0.311474624160229 0.323330235395487 0.31559273364955
-9999 -9999 -9999 -9999 0.322545382574208 0.350228130873744 0.327173773057267 0.288924091764679 0.287412634218732 0.291764486638246 0.289914823781176 0.28951390731418 0.289899368626019 0.342074806244325 0.242628154208329 0.339160699162669 0.30671830864538 0.318346431802624 0.306476678666547 0.288360486620503 0.2883681107059 0.299556892674867 0.287725579485284 0.293819366243318 0.294283560848729 -9999 -9999 -9999 -9999 -9999 -9999 -9999 -9999 -9999 -9999 -9999 -9999 -9999 -9999 -9999 -9999 -9999 -9999 -9999 -9999 -9999 -9999 -9999 0.311173303062723
-9999 -9999 -9999 -9999 0.320967915104997 0.3146633363199 0.297106428952617 0.302811752720211 0.27716329760435 0.350053687112851 0.336535944399874 0.346828769977587 0.379349957487285 0.358379132753094 0.298427597452832 0.312651352255813 0.24144131796203 0.305710765006393 0.364031009620962 0.316561750737986 0.317402298055485 0.287994770558017 0.288485556699636 -9999 -9999 -9999 -9999 -9999 -9999 -9999 -9999 -9999 -9999 -9999 -9999 -9999 -9999 0.289164940606083 0.297054139140727 0.299609033362697 -9999 -9999 -9999 -9999 -9999 -9999 -9999 -9999 -9999
-9999 -9999 -9999 0.319811982908652 0.321261105404886 0.307728154122657 0.300127136892739 0.309185762769271 0.299244140393664 0.355101153289884 0.351245219636984 0.348225490844589 0.299038405429048 0.295715338502705 0.29495930202596 0.289099212695806 0.305167722600652 0.245136035998905 0.346570896581665 0.305088215111789 0.296223240981285 0.288590924629762 -9999 -9999 -9999 -9999 -9999 -9999 -9999 -9999 -9999 -9999 -9999 -9999 -9999 -9999 -9999 -9999 0.298082202741789 0.29785366582378 -9999 -9999 -9999 -9999 -9999 -9999 -9999 -9999 -9999
-9999 -9999 -9999 0.310106394494708 0.305321378286791 0.303446645003085 0.302975761797289 0.275749408092543 0.308322709093891 0.308783769182884 0.297376666456919 0.287901136875529 0.288934846258096 0.288208010443927 0.288104945326536 0.289656988671826 0.288593737210671 0.274012959582422 0.288699946090748 0.293421617397542 0.294432701922981 -9999 -9999 -9999 -9999 -9999 -9999 -9999 -9999 -9999 -9999 -9999 -9999 -9999 -9999 -9999 -9999 -9999 0.290564048988487 0.297247338641284 -9999 -9999 -9999 -9999 -9999 -9999 -9999 -9999 -9999
-9999 -9999 0.298334050113963 0.312114347457344 0.294863895788529 0.308406790051273 0.304679097704467 0.30113897298691 0.302509097636886 0.28126790567917 0.30375743491016 0.272286227988722 0.289391958336173 0.288968007770486 0.288117228517174 0.288718488910693 0.288809400916627 0.288117242006664 0.28823577314938 0.293519221841368 -9999 -9999 -9999 -9999 -9999 -9999 -9999 -9999 -9999 -9999 -9999 -9999 -9999 -9999 -9999 -9999 -9999 -9999 0.287965075715034 0.294524351107362 -9999 -9999 -9999 -9999 -9999 -9999 -9999 -9999 -9999
-9999 -9999 0.296337144498665 0.296443631387776 0.302949587178141 0.294347495471433 0.290067304925745 0.290227175701608 0.291504812935016 0.292254610014326 0.278376955091333 0.288659982580469 0.290067304925745 0.288795761460232 0.289582510622772 0.28765961548997 0.284777284212149 0.288356433309036 0.288449580458053 0.293106927027528 0.293082218317953 -9999 -9999 -9999 -9999 -9999 -9999 -9999 -9999 -9999 -9999 -9999 -9999 -9999 -9999 -9999 -9999 -9999 -9999 -9999 -9999 -9999 -9999 -9999 -9999 -9999 -9999 -9999 -9999
