Scripts_&_data/BRT_projection_files/BRT_SCV2/B_hypnorum_1_projection.asc
NCOLS 79 
NROWS 71 
XLLCORNER -10.5 
YLLCORNER 36 
CELLSIZE 0.5 
NODATA_value -9999 
[rows 44 to 65 of 71, columns 0 to 48 of 79]
-9999 -9999 -9999 -9999 -9999 -9999 -9999 -9999 -9999 -9999 -9999 -9999 -9999 -9999 -9999 -9999 -9999 -9999 0.272812830192428 0.279568286366544 0.288847202895002 0.329582228452544 0.329899376914697 0.327780702336456 0.289933699440873 0.307092937597469 0.29096617165631 0.347070635336894 0.366313947293544 0.356810922252065 0.439969854197159 0.474278093198456 0.477947090720854 0.555746446562103 0.576698553257843 0.57611410840968 0.496034451853201 0.438296569682599 0.576827468166451 0.575113979417842 0.445332033879982 0.432169694699554 0.516491247596892 0.568993508655855 0.507179400371579 0.529809892532341 0.449673764220146 0.554777123860765 0.49583018122847
-9999 -9999 -9999 -9999 -9999 -9999 -9999 -9999 -9999 -9999 -9999 -9999 -9999 -9999 0.281587550268309 -9999 -9999 -9999 0.27535647831116 0.327489192956667 0.400484571227066 0.333266074849874 0.444235367183109 0.343262683237179 0.307052670027841 0.326083541067756 0.328554805718486 0.287856489578052 0.32563376072392 0.333940047400604 0.318589345653059 0.474175347607056 0.476688782202251 0.575582270220675 0.488825352222741 0.499458961184347 0.436985557443516 0.580003165919481 0.576476682424689 0.583440169774165 0.572130341036036 0.555992492921679 0.514158430529108 0.551221833299192 0.515222650544043 0.529495947915986 0.518741778836761 0.493279384531677 0.554623313261813
-9999 -9999 -9999 -9999 -9999 -9999 -9999 -9999 -9999 -9999 -9999 -9999 0.281922767088662 0.279465961525562 0.27944342884528 0.281940552521 0.281496814561369 0.286746710962738 0.281293408415526 0.320059204795617 0.355640893695322 0.289852582866379 0.363230438651223 0.352337367370034 0.281315298304132 0.286092378507528 0.288652365175821 0.287066108575395 0.288237537172772 0.290215697796704 0.345288014017754 0.452192903126686 0.474596357395064 0.497764483748014 0.489822008030156 0.510911746255681 0.57596637542324 0.527138536767813 0.561803466240331 0.540839230524329 0.467770362983697 0.482776596277301 0.554835924673567 0.573159480297702 0.573212242651 0.425542369022208 0.438211839275185 0.492503492526243 0.433834665669632
-9999 -9999 -9999 -9999 -9999 -9999 -9999 -9999 -9999 -9999 -9999 -9999 -9999 -9999 0.280528916909318 0.280741849703116 0.280244658567468 0.281173575383432 0.280489504470196 0.280870171888355 0.288483340665205 0.288779417404894 0.286629489935687 0.287817956030283 0.291882044219974 0.28759054625532 0.287638396712197 0.287754801459377 0.287979653102042 0.367555469186229 0.466792511931722 0.473815238572385 0.357600561276608 0.474968465080594 0.516747182481301 0.537281806886489 0.55094873919072 0.513128393962161 0.559008947667102 0.505926186863684 0.308291354886554 0.30135869427253 0.420379046021242 0.51875632128305 0.55672271202072 0.540947274370827 0.566097699265833 0.565287446505305 0.568406174134717
-9999 -9999 -9999 -9999 -9999 -9999 -9999 -9999 -9999 -9999 -9999 -9999 -9999 -9999 -9999 -9999 -9999 0.306959715617949 0.28251633527012 0.282383127176575 0.282301139630319 0.287645510953518 0.289205157170124 0.286742447630483 0.287109718117949 0.29082522526653 0.287408133852838 0.289127391984769 0.345261696566942 0.485128057054715 0.367026199371767 0.283087001121138 0.360357368596869 0.488189220507583 0.519379273747986 0.558407058252739 0.558028490389896 0.558828898093647 0.565759944655719 0.446521678442225 0.571266227586366 0.327292855381523 0.534287350123043 0.534581446240363 0.465879080681051 0.461188654701674 0.465030987425067 0.46467176984226 0.563235834067286
-9999 -9999 -9999 -9999 -9999 -9999 -9999 -9999 -9999 -9999 -9999 -9999 -9999 -9999 -9999 -9999 -9999 0.249296830985247 0.257914010704125 0.279323315025711 0.279656785297567 0.282443932702933 0.280728570594756 0.286920823607693 0.282693259805196 0.281345080518719 0.287885207741813 0.290277982291404 0.3259413706026 0.458469543844306 0.290936536053693 0.288930041972289 0.473274909024561 0.561067496606943 0.544351575394662 0.571906041935647 0.480985470744917 0.548913579604724 0.326597980155665 0.326489828836409 0.322315731386859 0.45043397761489 0.466602629161347 0.45377809736986 0.524697677686912 0.460092540428548 0.476192817880555 0.562674142776824 0.562548968097879
-9999 -9999 -9999 -9999 -9999 -9999 -9999 -9999 -9999 -9999 -9999 -9999 -9999 -9999 -9999 -9999 -9999 -9999 -9999 0.249400721557906 0.27441256338264 0.279809612739962 0.280436774177949 0.287650762364141 0.366818516000099 0.399537281307422 0.409614492489493 0.367360759221887 0.333555226428341 0.466046281066022 0.351381321568861 0.28778432960631 0.518316952034316 0.562933875266635 0.557340460135152 0.476657758439442 0.542772100574205 0.458953587191602 0.562999576267395 0.473289023254424 0.449401566784558 0.468590737590392 0.544638897868805 0.560092972410913 0.546787181986804 0.559135913883055 0.509792354635385 0.538849252291784 0.611330553481421
-9999 -9999 -9999 -9999 -9999 -9999 -9999 -9999 -9999 -9999 -9999 -9999 -9999 -9999 -9999 -9999 -9999 -9999 -9999 0.243089259201745 0.249216830286007 0.263641211977511 0.287260228403147 0.290893321914833 0.464436425146611 0.491852433419457 0.51327186271563 0.433969334646875 0.500227088168247 0.390823527588456 0.362966955945251 0.31095565047675 0.488143270732998 0.513667641692329 0.555213176724841 0.470515274401261 0.445194511730942 0.516040676404865 0.31446351788642 0.314119829635413 0.560124848945582 0.567657847713542 0.538082115636364 0.561720427550574 0.562493007615358 0.314782089913984 0.252193313391421 -9999 0.298967239083659
-9999 -9999 -9999 -9999 -9999 -9999 -9999 -9999 -9999 -9999 -9999 -9999 -9999 -9999 -9999 -9999 -9999 -9999 -9999 0.245210003029675 0.245210003029675 0.252140165840885 0.26290100320728 0.280006609372554 0.283101254410118 0.480749789459081 0.514853751869788 0.493951650188713 0.485447494527021 0.530142909578084 0.282915672294725 0.2902820360109 0.505624632461525 0.547076241339564 0.545655278513093 0.546554502851754 0.300942844719007 0.243409548428682 0.252473485662998 0.252495967570194 0.252155569354571 0.252228875660559 0.25224760074575 0.260532684721583 0.252388827438451 -9999 -9999 -9999 0.242304367646674
-9999 -9999 -9999 -9999 -9999 -9999 -9999 -9999 -9999 -9999 -9999 -9999 -9999 -9999 -9999 -9999 -9999 -9999 -9999 0.260823046783325 0.246557080828439 0.246596850435743 0.245444057171517 0.261393229013584 0.278864070731452 0.359927175745612 0.472958399934418 0.487577432217377 0.508649513824795 0.501680101744674 0.282355624956252 0.504806733508263 0.560220841878365 0.556029529742794 0.549289801850133 0.488805759706243 0.251326335286816 0.248871432399291 0.265619122710475 0.48552639324973 0.283263481785057 0.281919340793762 0.251916696896782 0.252472057030478 0.2445214989197 0.242786799384541 -9999 -9999 -9999
-9999 -9999 -9999 -9999 -9999 -9999 -9999 -9999 -9999 -9999 -9999 -9999 -9999 -9999 -9999 -9999 -9999 -9999 0.245196527925448 0.245191718055811 0.245196527925448 0.245238776313175 0.243019367685918 0.246808594575891 0.245491406770221 0.279249836325789 0.432977457998529 0.47351106252622 0.517698628982752 0.242972721615098 0.243152096510536 0.425125068239429 0.474469242110756 0.538728669612596 0.54969310824772 0.504036688716592 0.48877100849792 0.249650419094183 -9999 -9999 0.25007954869882 0.502588435853728 0.493881259399106 0.435685035004826 0.256366532023576 0.251830514614448 -9999 -9999 -9999
-9999 -9999 -9999 -9999 -9999 -9999 -9999 -9999 -9999 -9999 -9999 -9999 -9999 -9999 -9999 -9999 -9999 -9999 0.242284160989849 0.24230228161569 0.245437426031698 0.242402895938113 0.242556379857468 0.25628956908569 0.243245703456962 0.246580281156726 0.280578712366026 0.272784874310653 0.243070508099632 0.246557080828439 0.259472191184896 0.251492448518162 0.2495140747921 0.28105089644237 0.28380676236645 0.251769772122169 -9999 -9999 -9999 -9999 -9999 -9999 0.252052793285274 0.261168715098555 0.491751102867592 0.489518263475819 0.253892589143324 -9999 -9999
-9999 -9999 -9999 0.24228892008386 0.251943605748664 0.326460600106403 0.323097019169488 0.360392247608958 0.416969017794582 0.469619194775202 0.414622880061823 0.416535171253683 0.266105118839594 0.264866576956771 0.262299909753816 0.301641137951524 0.243075275164835 0.287352125518247 0.280268593277902 0.273932542180148 0.290258576062458 0.246557080828439 0.245271078621995 0.245210003029675 0.246649353201241 0.253818468935303 0.245238776313175 0.245735694697849 -9999 -9999 -9999 -9999 0.246610875255835 0.246494009990771 -9999 -9999 -9999 -9999 -9999 -9999 -9999 -9999 0.246567914503385 0.24654882049518 0.243494754642595 0.258779802746404 0.29044973340457 0.294096288578956 0.243524216963619
-9999 -9999 -9999 0.243075275164835 0.258107838824119 0.282343349211205 0.341376389674977 0.485336633792036 0.525572357650712 0.490271238856979 0.48091630061964 0.493370643471728 0.4679468881012 0.468207911221502 0.467280998056864 0.4602514698509 0.480148353299767 0.282443151214103 0.360361495743095 0.518520847076691 0.556637794564434 0.550680481651495 0.542010049731391 0.488301889352418 0.503685376422783 0.367989778411017 0.24656764057614 -9999 -9999 -9999 -9999 -9999 -9999 -9999 -9999 -9999 -9999 -9999 -9999 -9999 -9999 -9999 -9999 0.245393079522819 0.245265423635917 0.247164209840007 0.246637623163328 0.502975321129218 0.265424779077034
-9999 -9999 -9999 -9999 0.256715466529823 0.301081506724344 0.479070458242355 0.521228939409178 0.478053792037078 0.24585473779689 0.249745118510814 0.262190013537524 0.258404966954748 0.296763041234157 0.441206783028609 0.465326877825952 0.355851788523125 0.242407873125562 0.242321355812785 0.280112934198728 0.356738023192021 0.273469278575418 0.474176206341573 0.488805349739833 0.50783389518629 0.496209397591457 0.242000399096254 0.242195662639839 -9999 -9999 -9999 -9999 -9999 -9999 -9999 -9999 -9999 -9999 -9999 -9999 -9999 -9999 -9999 -9999 0.242248540633448 0.25582571499055 0.253026067189629 0.476196805402123 0.489345920514728
-9999 -9999 -9999 0.243404874271057 0.285469742741026 0.340267790067599 0.283270105180622 0.273897898587331 0.242286186993185 0.249912721585672 0.262061222190585 0.264567123857467 0.262113529864025 0.283520823484606 0.300988560483133 0.322104055103484 0.393047890849653 0.262154005632786 0.24206505654274 0.253786216855759 0.24216470405352 0.242254590345611 0.242446331405631 0.242005262645008 0.245595895498713 0.252032096105199 0.242827645218382 -9999 -9999 -9999 -9999 -9999 -9999 -9999 -9999 -9999 -9999 -9999 -9999 -9999 -9999 -9999 -9999 -9999 -9999 -9999 0.258494424345804 0.246531543889635 0.243119185159519
-9999 -9999 -9999 -9999 0.251998487036762 0.285303167391156 0.251375656895562 0.242038694789935 0.242055800678727 0.25845297912917 0.25797873089713 0.249876501365154 0.25831471819953 0.310913769727313 0.410852499755915 0.294159239063153 0.393672505802588 0.391440768169166 0.262188107946939 0.242145384858828 0.24464038219048 0.244628913919564 0.242038694789935 0.242388419883111 0.250697993299164 -9999 -9999 -9999 -9999 -9999 -9999 -9999 -9999 -9999 -9999 -9999 -9999 -9999 -9999 -9999 -9999 -9999 -9999 -9999 -9999 -9999 -9999 -9999 0.246736551066988
-9999 -9999 -9999 -9999 0.243648810066181 0.243215431843371 0.242920993823591 0.241993086041974 0.241993086041974 0.260055240212303 0.262236613837678 0.284104806241709 0.318304140747231 0.312980939175013 0.242396331847235 0.262808743034625 0.41260619471288 0.42153854329993 0.417239801265762 0.412236603889212 0.266155303916157 0.241993086041974 0.241993086041974 -9999 -9999 -9999 -9999 -9999 -9999 -9999 -9999 -9999 -9999 -9999 -9999 -9999 -9999 0.242161126385981 0.243227634689944 0.245210003029675 -9999 -9999 -9999 -9999 -9999 -9999 -9999 -9999 -9999
-9999 -9999 -9999 0.243105310952224 0.244341544701538 0.243306182785841 0.242046007844215 0.242046007844215 0.242000399096254 0.267265653896742 0.268834119358539 0.26302900081302 0.242396331847235 0.250942162081086 0.242388419883111 0.245357025668387 0.262756254791952 0.430589982811124 0.420949179478879 0.446855995142949 0.262308310913629 0.241993086041974 -9999 -9999 -9999 -9999 -9999 -9999 -9999 -9999 -9999 -9999 -9999 -9999 -9999 -9999 -9999 -9999 0.243021110562283 0.245193086510863 -9999 -9999 -9999 -9999 -9999 -9999 -9999 -9999 -9999
-9999 -9999 -9999 0.251464102204085 0.242959462970533 0.242371074844722 0.242038694789935 0.242038694789935 0.241993086041974 0.242028905717777 0.241993086041974 0.242005262645008 0.242089053399221 0.242308653360635 0.242334312373924 0.242334312373924 0.242036534141501 0.263342969912857 0.262201491854542 0.242384124422349 0.250972111683661 -9999 -9999 -9999 -9999 -9999 -9999 -9999 -9999 -9999 -9999 -9999 -9999 -9999 -9999 -9999 -9999 -9999 0.246795029632419 0.245210003029675 -9999 -9999 -9999 -9999 -9999 -9999 -9999 -9999 -9999
-9999 -9999 0.242971335057304 0.242659139129104 0.242038694789935 0.242074514465738 0.24201555690511 0.241993086041974 0.241993086041974 0.241993086041974 0.241993086041974 0.242038694789935 0.241993086041974 0.242019428252709 0.242334312373924 0.242334312373924 0.242334312373924 0.242334312373924 0.241993086041974 0.242388419883111 -9999 -9999 -9999 -9999 -9999 -9999 -9999 -9999 -9999 -9999 -9999 -9999 -9999 -9999 -9999 -9999 -9999 -9999 0.245343216730403 0.2475168413702 -9999 -9999 -9999 -9999 -9999 -9999 -9999 -9999 -9999
-9999 -9999 0.250988590545448 0.242384124422349 0.242038694789935 0.24206505654274 0.242019428252709 0.242414828755102 0.24241053329434 0.241993086041974 0.241993086041974 0.241993086041974 0.242019428252709 0.242019428252709 0.242019428252709 0.242019428252709 0.242010191930766 0.242089053399221 0.242019428252709 0.24241053329434 0.242730177974795 -9999 -9999 -9999 -9999 -9999 -9999 -9999 -9999 -9999 -9999 -9999 -9999 -9999 -9999 -9999 -9999 -9999 -9999 -9999 -9999 -9999 -9999 -9999 -9999 -9999 -9999 -9999 -9999
