Scripts_&_data/BRT_projection_files/BRT_SCV2/B_hypnorum_2_projection.asc
NCOLS 79 
NROWS 71 
XLLCORNER -10.5 
YLLCORNER 36 
CELLSIZE 0.5 
NODATA_value -9999 
[rows 44 to 65 of 71, columns 0 to 48 of 79]
-9999 -9999 -9999 -9999 -9999 -9999 -9999 -9999 -9999 -9999 -9999 -9999 -9999 -9999 -9999 -9999 -9999 -9999 0.427355691442815 0.428415305130848 0.448257750541157 0.432857359608152 0.429076835315985 0.463477732708411 0.42487860170489 0.439738235523186 0.426283253436539 0.427642459579397 0.554730847258336 0.603061137273828 0.517635795301919 0.528169249046292 0.553596097416739 0.677129530925721 0.731684901089615 0.724366354332006 0.669361793797674 0.567602146630467 0.731591212695653 0.681119758831319 0.629785695826177 0.588638524051099 0.665698975019063 0.731136477958622 0.554869047321457 0.659652637046799 0.553521667169122 0.631520845887142 0.54860895515916
-9999 -9999 -9999 -9999 -9999 -9999 -9999 -9999 -9999 -9999 -9999 -9999 -9999 -9999 0.424447657193506 -9999 -9999 -9999 0.431297860353689 0.554707228252524 0.554751895033449 0.546857746550775 0.553703814500886 0.428274546322409 0.454265751213327 0.38204134046381 0.382079877472729 0.423205833099914 0.472125175295287 0.508644846854874 0.506694177164496 0.516008382331535 0.550377526892797 0.666994584141555 0.555302563480469 0.588839215966421 0.465217862864693 0.684683269522054 0.73165825349312 0.734453393343019 0.680520803136656 0.66549100240659 0.589390094486961 0.665747981147872 0.60347500433682 0.660762289457621 0.63336518508344 0.607408215017094 0.633055996439505
-9999 -9999 -9999 -9999 -9999 -9999 -9999 -9999 -9999 -9999 -9999 -9999 0.434511697404444 0.475626437714764 0.410449034963799 0.431503352582683 0.428024157458171 0.448116454380387 0.429375885629353 0.431535159947816 0.503757199786225 0.43190414156018 0.504387849731723 0.472862375193154 0.42145366132055 0.381509564803847 0.380978014662911 0.419642713668852 0.417992378193909 0.42725194948294 0.477503612911695 0.518530031933354 0.544490580889299 0.554233356642833 0.579936135080926 0.644304125837264 0.559313967867463 0.607145474261196 0.666739999365292 0.665459811100936 0.664282294870764 0.666252449133896 0.723205066303355 0.731649638907499 0.728523333546983 0.570350319255102 0.632209570601262 0.63282364011269 0.557433868722877
-9999 -9999 -9999 -9999 -9999 -9999 -9999 -9999 -9999 -9999 -9999 -9999 -9999 -9999 0.380502736106192 0.384795552723519 0.425072246820333 0.424971375934083 0.425143340820317 0.424042283181774 0.42280543619042 0.425592338610408 0.418390613842626 0.420884094076462 0.427077753070715 0.416141854711864 0.417513252153853 0.415833927123507 0.426789034962073 0.518895767282138 0.517652020197105 0.521888073320318 0.516941567549456 0.550780919644723 0.609912610413341 0.668997777301468 0.72873927341214 0.621504691000429 0.667640725935997 0.664898612942148 0.66461120858722 0.633534587899717 0.586255982507457 0.590024286347574 0.644041051300835 0.68635366761773 0.667452137954644 0.686282388049506 0.634356139825434
-9999 -9999 -9999 -9999 -9999 -9999 -9999 -9999 -9999 -9999 -9999 -9999 -9999 -9999 -9999 -9999 -9999 0.385731297337472 0.385086904068389 0.385741944336488 0.382962221010743 0.380691223121728 0.382129108451546 0.38208877851572 0.379841908341398 0.380585683548255 0.418212934497154 0.42071697323665 0.476441768298554 0.517701419199875 0.55329697665378 0.434622275391811 0.508407677989755 0.562519730521606 0.620077824813671 0.664660350515197 0.723444493732778 0.728739074520451 0.726045271953312 0.625181056336493 0.688973296548372 0.550261931821975 0.629235719674313 0.674797400047426 0.633527120604733 0.623254272405356 0.621988761733443 0.627739066357242 0.619738870426914
-9999 -9999 -9999 -9999 -9999 -9999 -9999 -9999 -9999 -9999 -9999 -9999 -9999 -9999 -9999 -9999 -9999 0.38233344375157 0.383754159157402 0.38410566350866 0.420730348079874 0.423709509084772 0.382041246536938 0.376590492950427 0.424314098104752 0.395724355994392 0.404080786561151 0.424618944567714 0.407488304434609 0.553055572306653 0.430651336152486 0.42354960285523 0.549290562140541 0.633954622891309 0.665494360354203 0.692826906972825 0.675422687748376 0.632557725026201 0.559632842868086 0.527063096573421 0.478206955310414 0.596504915346368 0.596905569295151 0.632808895651321 0.630315075081109 0.601600078770423 0.622032408684006 0.626468289017383 0.634067324321976
-9999 -9999 -9999 -9999 -9999 -9999 -9999 -9999 -9999 -9999 -9999 -9999 -9999 -9999 -9999 -9999 -9999 -9999 -9999 0.38250702878053 0.382038881489609 0.414047000433538 0.40423604254015 0.405664575567567 0.483274406556381 0.515486726499272 0.554641281934709 0.477088400000373 0.497585397185262 0.555949739001274 0.486374735518977 0.423638930457001 0.579019543279611 0.728616319970125 0.624765382198636 0.629660288298075 0.628690240999836 0.628613951941078 0.634662759518504 0.634412759905858 0.629373142560046 0.624701705684985 0.603363985139706 0.687887180459701 0.625257683418746 0.657884971403843 0.549514610233601 0.639702033275898 0.695639539448897
-9999 -9999 -9999 -9999 -9999 -9999 -9999 -9999 -9999 -9999 -9999 -9999 -9999 -9999 -9999 -9999 -9999 -9999 -9999 0.380891036108167 0.380712442801944 0.382283870635382 0.414867694244979 0.429727254135578 0.557401572451051 0.563826987866671 0.516357086349816 0.592884013999332 0.569096722531322 0.608392548405794 0.464801987099931 0.438209488072194 0.620997158047768 0.652298408473605 0.633644353067897 0.628944267553836 0.627724950931414 0.654685975090411 0.382194542239768 0.382212513036321 0.731036344583256 0.713921124786749 0.632129188362151 0.652767944400167 0.731131181895556 0.383024657408813 0.379597872411096 -9999 0.381562110428426
-9999 -9999 -9999 -9999 -9999 -9999 -9999 -9999 -9999 -9999 -9999 -9999 -9999 -9999 -9999 -9999 -9999 -9999 -9999 0.377843972007939 0.380531492031564 0.379304429085989 0.379792180519269 0.379197212582509 0.422018176613969 0.555312656361814 0.512274165448827 0.544636999596252 0.5482352722701 0.650767503645022 0.428303439161437 0.425576557167631 0.6643392405129 0.62330398262904 0.621541198093375 0.634418730617419 0.381863174387821 0.379244956344216 0.380326656532148 0.380420841972656 0.380326656532148 0.379647341023082 0.380326656532148 0.381746796622701 0.380420841972656 -9999 -9999 -9999 0.377853795688016
-9999 -9999 -9999 -9999 -9999 -9999 -9999 -9999 -9999 -9999 -9999 -9999 -9999 -9999 -9999 -9999 -9999 -9999 -9999 0.379579820145763 0.38131762218209 0.380170303199524 0.377801013543703 0.37857739848376 0.376128065381197 0.549843220770453 0.515892326379005 0.513213947567102 0.513339462408248 0.574061743116085 0.380085888272399 0.551143820114066 0.6601379536206 0.665040535535397 0.621021761058247 0.585663335775941 0.379597872411096 0.379201922054289 0.380949100984697 0.578397241447887 0.42259957679699 0.38155395321704 0.380420841972656 0.380420841972656 0.379597872411096 0.377751411084974 -9999 -9999 -9999
-9999 -9999 -9999 -9999 -9999 -9999 -9999 -9999 -9999 -9999 -9999 -9999 -9999 -9999 -9999 -9999 -9999 -9999 0.377592489493123 0.377599590749423 0.377592489493123 0.377840326120542 0.382095107293437 0.381455465156431 0.380743364943909 0.418928062081393 0.552396958496742 0.5165065160395 0.563481621359925 0.378464572283319 0.378558080890639 0.506639457495073 0.515367166437944 0.514305244787077 0.621563783001231 0.515406935038001 0.550687359885107 0.378689410537105 -9999 -9999 0.380105924285592 0.60520639502449 0.55080728682209 0.664225918297011 0.380303128325994 0.380138880997835 -9999 -9999 -9999
-9999 -9999 -9999 -9999 -9999 -9999 -9999 -9999 -9999 -9999 -9999 -9999 -9999 -9999 -9999 -9999 -9999 -9999 0.378279234294001 0.377674840701067 0.379262691094025 0.38147997126523 0.38115262038281 0.380289859481036 0.380928774153981 0.380252371705043 0.39984569386823 0.378917758650157 0.378891188913707 0.378636728061635 0.378734112797907 0.378722038847223 0.379551392738767 0.399617364021125 0.380312499405773 0.379663801971184 -9999 -9999 -9999 -9999 -9999 -9999 0.379744645455478 0.379859381982714 0.586993069606076 0.553506730336594 0.381334175371216 -9999 -9999
-9999 -9999 -9999 0.377665224872489 0.379663801971184 0.421056173738081 0.407719641389994 0.469479929392932 0.543582031756136 0.648622108858755 0.547121834460228 0.559533587706106 0.414880739792005 0.372621903887036 0.373525903343871 0.381659037682091 0.378891188913707 0.381627981775197 0.379204685920944 0.378646785514682 0.379471493177527 0.378430148918101 0.380958202567592 0.378607391371195 0.380233278785506 0.378612362149464 0.37811073475802 0.378304364378831 -9999 -9999 -9999 -9999 0.379314835136601 0.378244841984234 -9999 -9999 -9999 -9999 -9999 -9999 -9999 -9999 0.378309673935721 0.378272490124995 0.380515182028512 0.380222215234139 0.42657456447784 0.381808367621051 0.378139515538004
-9999 -9999 -9999 0.378306882434762 0.379091086218932 0.419976921228836 0.410071030535322 0.577172957653234 0.554190595675259 0.564818692344438 0.514487775232547 0.514597492357674 0.522880969991061 0.514476999198947 0.516381639006575 0.488607565387341 0.517356199973117 0.382252075972364 0.400281362744063 0.55242918784253 0.617953532029403 0.617316582917446 0.514005283644461 0.547210765473713 0.549161523803143 0.470897737710682 0.378269972069065 -9999 -9999 -9999 -9999 -9999 -9999 -9999 -9999 -9999 -9999 -9999 -9999 -9999 -9999 -9999 -9999 0.378132308330524 0.377673580753979 0.3789466879667 0.379471493177527 0.55497094112243 0.381030000890188
-9999 -9999 -9999 -9999 0.380784925060465 0.379979014784039 0.514051058779647 0.513401819163244 0.515329688715263 0.37149201848676 0.371954134924329 0.401648629223119 0.375666767925445 0.416229282137397 0.509459500767087 0.510748267823466 0.43077119309585 0.37222357689304 0.380334741949543 0.378759027989746 0.401099598782698 0.37859038592506 0.475124027216153 0.555665062586196 0.51748952688672 0.573754684167183 0.370779040188997 0.37064508112859 -9999 -9999 -9999 -9999 -9999 -9999 -9999 -9999 -9999 -9999 -9999 -9999 -9999 -9999 -9999 -9999 0.378020654000971 0.379345722173657 0.378669920654635 0.549220469786928 0.553579451850958
-9999 -9999 -9999 0.378304364378831 0.424146369498054 0.463268937732721 0.379140292324636 0.378704147576416 0.371403464656819 0.372325351874811 0.374064752687161 0.373472932958618 0.38927265336767 0.389112780993385 0.391198083423332 0.390505023745878 0.393200474293403 0.371538382021706 0.371444185575301 0.372282612109135 0.370832333049618 0.371104412905243 0.372225159747941 0.371348926030794 0.379621773115923 0.379614364617331 0.371587349678148 -9999 -9999 -9999 -9999 -9999 -9999 -9999 -9999 -9999 -9999 -9999 -9999 -9999 -9999 -9999 -9999 -9999 -9999 -9999 0.37945579514731 0.378671120371401 0.378306882434762
-9999 -9999 -9999 -9999 0.379663801971184 0.380061051615496 0.371504363449567 0.370658518893081 0.37170828290478 0.371839122286036 0.371769811932391 0.371924606543074 0.371388222693714 0.395119592651663 0.508738448971896 0.388228085709002 0.392359472975173 0.391649357945954 0.371538382021706 0.370616348142088 0.370549547758161 0.370929805850778 0.37062783779289 0.37157938917368 0.372323316115222 -9999 -9999 -9999 -9999 -9999 -9999 -9999 -9999 -9999 -9999 -9999 -9999 -9999 -9999 -9999 -9999 -9999 -9999 -9999 -9999 -9999 -9999 -9999 0.378087964505366
-9999 -9999 -9999 -9999 0.378279234294001 0.378439961870096 0.370819798434761 0.371054221923833 0.371126166858843 0.37348772996406 0.389759331510341 0.405658795964571 0.519303792298879 0.443485287975383 0.372342308509932 0.371405919656909 0.393126589821966 0.507090741066095 0.463342814168847 0.459991541690473 0.371389801129298 0.370616311560512 0.370907081203305 -9999 -9999 -9999 -9999 -9999 -9999 -9999 -9999 -9999 -9999 -9999 -9999 -9999 -9999 0.377456071992804 0.380046666840003 0.377623156494799 -9999 -9999 -9999 -9999 -9999 -9999 -9999 -9999 -9999
-9999 -9999 -9999 0.378306882434762 0.378530423777962 0.3713081473471 0.370810849026936 0.370958628565447 0.370710894901694 0.390783556000413 0.391111163150762 0.371919694703029 0.37222357689304 0.372323316115222 0.372297593996042 0.371266000975389 0.371555180845135 0.528163843208073 0.460644982946171 0.503896916009989 0.370805346874029 0.37064508112859 -9999 -9999 -9999 -9999 -9999 -9999 -9999 -9999 -9999 -9999 -9999 -9999 -9999 -9999 -9999 -9999 0.380262936241345 0.377565604992269 -9999 -9999 -9999 -9999 -9999 -9999 -9999 -9999 -9999
-9999 -9999 -9999 0.37225883924894 0.370907081203305 0.370559056755619 0.370937742892059 0.370937742892059 0.370937742892059 0.370937742892059 0.370909830835056 0.370742361105919 0.371530235150033 0.370817225050107 0.370836108651062 0.375150567549308 0.371266000975389 0.370584600453368 0.370584600453368 0.371218432292418 0.372323316115222 -9999 -9999 -9999 -9999 -9999 -9999 -9999 -9999 -9999 -9999 -9999 -9999 -9999 -9999 -9999 -9999 -9999 0.380056920726043 0.377582476149769 -9999 -9999 -9999 -9999 -9999 -9999 -9999 -9999 -9999
-9999 -9999 0.378358775032875 0.372233124049522 0.371252390063975 0.370937742892059 0.370957212982342 0.370929805850778 0.37167418106976 0.370957212982342 0.370937742892059 0.370616311560512 0.370542092935533 0.3712919706442 0.371072720106935 0.375150567549308 0.373811547345548 0.371072720106935 0.370635595987958 0.371311631704265 -9999 -9999 -9999 -9999 -9999 -9999 -9999 -9999 -9999 -9999 -9999 -9999 -9999 -9999 -9999 -9999 -9999 -9999 0.378272490124995 0.378636728061635 -9999 -9999 -9999 -9999 -9999 -9999 -9999 -9999 -9999
-9999 -9999 0.372331285137003 0.371674353523558 0.370937742892059 0.371266922248143 0.371072660038006 0.37222357689304 0.37222357689304 0.371136053830059 0.370989867056081 0.370996227939254 0.371167797985309 0.371530235150033 0.375297561390422 0.371223451731423 0.370783973289377 0.371444185575301 0.370817225050107 0.371444185575301 0.371813164223485 -9999 -9999 -9999 -9999 -9999 -9999 -9999 -9999 -9999 -9999 -9999 -9999 -9999 -9999 -9999 -9999 -9999 -9999 -9999 -9999 -9999 -9999 -9999 -9999 -9999 -9999 -9999 -9999
