Scripts_&_data/BRT_projection_files/BRT_SCV2/B_jonellus_2_projection.asc
NCOLS 79 
NROWS 71 
XLLCORNER -10.5 
YLLCORNER 36 
CELLSIZE 0.5 
NODATA_value -9999 
[rows 44 to 65 of 71, columns 0 to 48 of 79]
-9999 -9999 -9999 -9999 -9999 -9999 -9999 -9999 -9999 -9999 -9999 -9999 -9999 -9999 -9999 -9999 -9999 -9999 0.245893931178749 0.228366922230738 0.216071242424621 0.238312146650424 0.219488676036151 0.237851379377007 0.201717379494643 0.206083111955053 0.203732985406744 0.216337392865006 0.28083818710039 0.268431775918606 0.290642863519044 0.333926946381419 0.307787404700695 0.326844806746537 0.403682235001486 0.381587980343996 0.365219655065002 0.248435246062739 0.420568122894226 0.346212030608416 0.336580720100326 0.340954559060989 0.32751375760498 0.410096379222967 0.332773217636968 0.337151355253047 0.371500641741873 0.415461187334447 0.348824214430029
-9999 -9999 -9999 -9999 -9999 -9999 -9999 -9999 -9999 -9999 -9999 -9999 -9999 -9999 0.206714479861444 -9999 -9999 -9999 0.407823266943328 0.584911396032083 0.358411521998949 0.342425183279612 0.280703073298315 0.207941765334407 0.218133645608223 0.229483264997182 0.232516700895193 0.207271208526857 0.218170565888681 0.255874453326636 0.254400909177582 0.329726854266896 0.332811743279653 0.340816183008957 0.327818432381949 0.322371700883618 0.266224178390446 0.363396967043806 0.385315486499181 0.431699352870666 0.34339592389115 0.337420829548563 0.312199437988329 0.33599518832774 0.337694028967108 0.295018240147897 0.308279903971976 0.33579134488647 0.411112491655579
-9999 -9999 -9999 -9999 -9999 -9999 -9999 -9999 -9999 -9999 -9999 -9999 0.25539192935415 0.449130418490269 0.430853481308074 0.247327852573048 0.228249039553276 0.215971496307545 0.395124234855926 0.413442488450939 0.42848117741261 0.215009467034485 0.251935423207321 0.218602622260766 0.19948455167763 0.200365018404984 0.204378801362971 0.201398889478283 0.207340541886398 0.216593503098584 0.267436728047336 0.330612860713859 0.331706392074024 0.337007694805865 0.342884376579349 0.3520566100894 0.26150288777428 0.381018131301326 0.331806241687064 0.337414711192251 0.335839918821307 0.337183903151253 0.393834965168657 0.412460102553744 0.468763696025403 0.336361222181371 0.337244966428319 0.406217565516331 0.655754949744435
-9999 -9999 -9999 -9999 -9999 -9999 -9999 -9999 -9999 -9999 -9999 -9999 -9999 -9999 0.205750758301656 0.235304827456676 0.396150943281937 0.356253747306054 0.208050595694833 0.208589372899535 0.216150825373595 0.208795142579185 0.200388061191415 0.200283329312225 0.208952624040113 0.2065959984529 0.202896395683097 0.202996426536942 0.209138568324812 0.295773168168054 0.332157406930532 0.33402587935387 0.319071880519566 0.319671555915881 0.417218546667588 0.33471340940363 0.435418440711673 0.317765777604757 0.403281427867184 0.399670359393051 0.343555722515035 0.421860254920603 0.38020895034584 0.421157734267592 0.407111091242489 0.423370604359981 0.423402802667783 0.459758146489157 0.424027192300294
-9999 -9999 -9999 -9999 -9999 -9999 -9999 -9999 -9999 -9999 -9999 -9999 -9999 -9999 -9999 -9999 -9999 0.218846205787088 0.210218195686408 0.203877721026733 0.199144390623536 0.202139920088068 0.203133917378363 0.202896395683097 0.202632461967441 0.206724326845723 0.203290024659846 0.227788461051589 0.284661156128038 0.334529133978336 0.319441185881452 0.227789102277033 0.282639658487819 0.315466296052774 0.344795561949642 0.411745982156305 0.466098419004058 0.562426251282075 0.600488433025827 0.590642818644239 0.54996149331737 0.668021624556553 0.484700832203533 0.549979957733629 0.609155734575342 0.605760284228823 0.629068020992867 0.565809558830075 0.410130224899722
-9999 -9999 -9999 -9999 -9999 -9999 -9999 -9999 -9999 -9999 -9999 -9999 -9999 -9999 -9999 -9999 -9999 0.20157749456888 0.205637738738235 0.220161373338656 0.219507128343002 0.202043880176782 0.201332774607188 0.206105573434217 0.201670944925605 0.206496144524196 0.209958473180523 0.207024148917206 0.22825537746954 0.332061401842306 0.228799190490165 0.211300467712926 0.340976530045716 0.423607983263476 0.472509773453506 0.58415248994535 0.513831963039083 0.576027655680115 0.631305336447353 0.64850609156804 0.654617165074313 0.609040415194717 0.562990404110454 0.468128828354936 0.521709655951546 0.487934271794215 0.49041695815039 0.409181954011459 0.402661079182845
-9999 -9999 -9999 -9999 -9999 -9999 -9999 -9999 -9999 -9999 -9999 -9999 -9999 -9999 -9999 -9999 -9999 -9999 -9999 0.201510438257355 0.201496729489268 0.201537384636525 0.207808452407318 0.224182545092709 0.287002792480962 0.532688148431312 0.372589742006694 0.237806550595144 0.304720245086251 0.32723682362673 0.240513247695236 0.217985669910013 0.363513926931897 0.469480483523109 0.484610425381591 0.415588964998114 0.537041252142442 0.542515037550529 0.515846777789603 0.521283341351915 0.57900678734008 0.526573163744049 0.526507409072063 0.437521285791042 0.449737404032718 0.437410514987877 0.315258656946612 0.438744133426758 0.60496812810372
-9999 -9999 -9999 -9999 -9999 -9999 -9999 -9999 -9999 -9999 -9999 -9999 -9999 -9999 -9999 -9999 -9999 -9999 -9999 0.201716386655041 0.201450818376305 0.203409490599913 0.207027638425757 0.220491409114395 0.341117035735552 0.345426529777021 0.36200597184586 0.290058158881362 0.340810282127777 0.372703372717139 0.293347327089176 0.209198814595295 0.318532540743689 0.467426256295978 0.518260675598004 0.524408510340625 0.564227265830323 0.334963157669282 0.222429909812964 0.221473001286734 0.458435808351513 0.409725556151204 0.40537225661722 0.369691721622479 0.405501582706463 0.220872533143679 0.204342858653071 -9999 0.203480668088648
-9999 -9999 -9999 -9999 -9999 -9999 -9999 -9999 -9999 -9999 -9999 -9999 -9999 -9999 -9999 -9999 -9999 -9999 -9999 0.206324338273068 0.20626720017405 0.206446647552951 0.206096963046588 0.203269677066944 0.206581082941373 0.343493271521504 0.366532498845712 0.335032836017674 0.320406914318631 0.318142934381263 0.206648370737798 0.209120886237246 0.335410679562798 0.409215790736321 0.526300756815848 0.437482240271032 0.259876340790282 0.203746238818665 0.205246847461835 0.228232895829532 0.206094659312673 0.203728825439538 0.203983015571549 0.205203890937384 0.219613149638384 -9999 -9999 -9999 0.191187658867642
-9999 -9999 -9999 -9999 -9999 -9999 -9999 -9999 -9999 -9999 -9999 -9999 -9999 -9999 -9999 -9999 -9999 -9999 -9999 0.231509715551005 0.210746666522985 0.206527714515159 0.20636531198698 0.204552383532501 0.211833851773962 0.314025455328301 0.340717518257174 0.333034312727436 0.388562854389517 0.352789358378823 0.202107871954552 0.314661857860492 0.482354976471119 0.528897410128362 0.521260288682142 0.402906923515177 0.203783797650398 0.206767069110382 0.207215269638826 0.313614892187691 0.214843338407877 0.203789505410439 0.226461697820865 0.210383628732277 0.198550764348318 0.200871951616965 -9999 -9999 -9999
-9999 -9999 -9999 -9999 -9999 -9999 -9999 -9999 -9999 -9999 -9999 -9999 -9999 -9999 -9999 -9999 -9999 -9999 0.275494324818081 0.203845970718529 0.221605143040287 0.205772842167513 0.200642077244815 0.206683169157688 0.212566230794408 0.233193210403739 0.455137383230813 0.391600115119346 0.387641883593288 0.187144921365503 0.207446182309352 0.30373501468307 0.399784264716503 0.466405428041521 0.514802493409168 0.478330056551846 0.318534478768711 0.24995220155467 -9999 -9999 0.260480843190014 0.381564835954194 0.318554590311862 0.298112529182612 0.204978519064496 0.20202364675178 -9999 -9999 -9999
-9999 -9999 -9999 -9999 -9999 -9999 -9999 -9999 -9999 -9999 -9999 -9999 -9999 -9999 -9999 -9999 -9999 -9999 0.202021267762627 0.205453406063141 0.202936720782593 0.219384172119573 0.197106807539971 0.23453152038751 0.200984289713515 0.206224745386235 0.205643101354145 0.191726212399599 0.207421099174683 0.208810222468528 0.203591589958691 0.192611116864038 0.187103751729018 0.193648044535994 0.232538950929324 0.260321013696274 -9999 -9999 -9999 -9999 -9999 -9999 0.223500579858167 0.238131879860195 0.318887131587245 0.33515639941656 0.203773548415645 -9999 -9999
-9999 -9999 -9999 0.208961405207618 0.199303711209856 0.194467192321002 0.201113633194327 0.261983001937885 0.418920505118674 0.359231188400325 0.419000754382455 0.465740430398735 0.256176501827376 0.255887346017933 0.209045839701938 0.273119470113036 0.248533589141257 0.210744860689485 0.201806208413044 0.207760443480641 0.210285181212053 0.206545878196536 0.206192401753125 0.206148915898604 0.206255745245678 0.20633318040834 0.206335104076909 0.204080784681302 -9999 -9999 -9999 -9999 0.221164600017241 0.207661408893148 -9999 -9999 -9999 -9999 -9999 -9999 -9999 -9999 0.206432023773016 0.20631138538379 0.204425407010164 0.207592198714113 0.227969759197917 0.198854259908342 0.203063023643627
-9999 -9999 -9999 0.202597546022198 0.192669290867212 0.190508970843956 0.200880840964925 0.415626175487278 0.437108836234614 0.381900695091728 0.388368901136039 0.402379397168608 0.380878009159616 0.395425656607329 0.361812517888484 0.214312303541294 0.388249468530006 0.197728869053915 0.200273320993332 0.401997202929055 0.424246561741991 0.414651438945394 0.414513026865277 0.360894908092102 0.34135146174457 0.23963834051889 0.205997380315003 -9999 -9999 -9999 -9999 -9999 -9999 -9999 -9999 -9999 -9999 -9999 -9999 -9999 -9999 -9999 -9999 0.203718870719862 0.206450733153797 0.202700960656801 0.208538609592254 0.334857258959508 0.205073804382299
-9999 -9999 -9999 -9999 0.209554535216504 0.189915372240246 0.459289087987691 0.433846775534959 0.361548260392696 0.199094731665525 0.35261368861483 0.196606064288281 0.200642401588037 0.198337119156881 0.335455267327548 0.334151138708256 0.193876778651933 0.199524820393526 0.199578849665372 0.192171617833621 0.190197401040554 0.193150807354921 0.311630661874443 0.36321457862556 0.354960147006814 0.37592695994682 0.205051745208034 0.205320720282662 -9999 -9999 -9999 -9999 -9999 -9999 -9999 -9999 -9999 -9999 -9999 -9999 -9999 -9999 -9999 -9999 0.20603239855998 0.205140660159053 0.208867529390272 0.314429395151788 0.33341597348045
-9999 -9999 -9999 0.197291099975607 0.191065159276078 0.21484211404165 0.191784905652232 0.190317745578083 0.201233281391816 0.325089662746759 0.196276274738922 0.198433439253801 0.199010871601728 0.196642094272793 0.20230798292817 0.206530730202006 0.215819510093089 0.200190501370826 0.196236178141176 0.201540234967428 0.197504695627575 0.199933155856097 0.201372304983743 0.360535384525523 0.191287080754141 0.216606145930197 0.218901591292502 -9999 -9999 -9999 -9999 -9999 -9999 -9999 -9999 -9999 -9999 -9999 -9999 -9999 -9999 -9999 -9999 -9999 -9999 -9999 0.255760821734146 0.207517787459469 0.200379282468357
-9999 -9999 -9999 -9999 0.21870476687813 0.187211345102271 0.200366144415285 0.200846100893126 0.416877072741813 0.365509844080821 0.198577987435715 0.196194029659571 0.200297964138995 0.216753470917337 0.306841437600851 0.200415333795966 0.346882304108372 0.215587305671506 0.200631342056429 0.199646604924949 0.200214211297911 0.199994801644799 0.200389159552898 0.202567293424056 0.227859014769889 -9999 -9999 -9999 -9999 -9999 -9999 -9999 -9999 -9999 -9999 -9999 -9999 -9999 -9999 -9999 -9999 -9999 -9999 -9999 -9999 -9999 -9999 -9999 0.208700248556643
-9999 -9999 -9999 -9999 0.21395398751189 0.188118712443323 0.203391422254846 0.360236152132728 0.415870126097395 0.360861741545343 0.361186456553985 0.360946904428157 0.381142513675957 0.238387763681266 0.202163647413197 0.200493485676511 0.22671507907343 0.3076884197294 0.400597342670387 0.260748730914252 0.200911491746312 0.200474653980353 0.19918892499957 -9999 -9999 -9999 -9999 -9999 -9999 -9999 -9999 -9999 -9999 -9999 -9999 -9999 -9999 0.199033218521162 0.206940702735248 0.204714358072175 -9999 -9999 -9999 -9999 -9999 -9999 -9999 -9999 -9999
-9999 -9999 -9999 0.192750745782311 0.19027377622084 0.211284434924247 0.204418527415189 0.211964119509953 0.211880756783412 0.358768135968785 0.206697978350191 0.20570724372391 0.201025203303407 0.249410809838431 0.202724258593917 0.196321923351744 0.200634593214849 0.338175002271813 0.258844996829874 0.311438181411507 0.199290810693043 0.198772231193149 -9999 -9999 -9999 -9999 -9999 -9999 -9999 -9999 -9999 -9999 -9999 -9999 -9999 -9999 -9999 -9999 0.212489852075449 0.206385056736747 -9999 -9999 -9999 -9999 -9999 -9999 -9999 -9999 -9999
-9999 -9999 -9999 0.21173906544137 0.209917552623978 0.212287295224856 0.199601223266461 0.363478164747447 0.201999282151666 0.203899887301224 0.206057855503305 0.200241495762396 0.195130355196716 0.196276735394215 0.19627645331961 0.341304077262212 0.196184069443875 0.202156573666083 0.200595587573604 0.202608584236171 0.227448952054105 -9999 -9999 -9999 -9999 -9999 -9999 -9999 -9999 -9999 -9999 -9999 -9999 -9999 -9999 -9999 -9999 -9999 0.205953357530665 0.20561803234503 -9999 -9999 -9999 -9999 -9999 -9999 -9999 -9999 -9999
-9999 -9999 0.201328303156587 0.201802509906935 0.19834329811788 0.35644834859699 0.360625130904218 0.199719496540503 0.355372899860148 0.398629742890888 0.360508799546479 0.202259833703211 0.201523736082761 0.195713746166155 0.198241957999592 0.200799292436649 0.20056411604217 0.196196126371754 0.200474653980353 0.202714141479738 -9999 -9999 -9999 -9999 -9999 -9999 -9999 -9999 -9999 -9999 -9999 -9999 -9999 -9999 -9999 -9999 -9999 -9999 0.201141825310946 0.203227349510148 -9999 -9999 -9999 -9999 -9999 -9999 -9999 -9999 -9999
-9999 -9999 0.245059269788704 0.202518144677435 0.3603684665292 0.361098273575107 0.36185139423383 0.361314368704798 0.19943265248073 0.360100262164268 0.416115552550515 0.199861046549893 0.360815315788509 0.378484918046614 0.368505139119619 0.401014027526876 0.20180986715434 0.196297121796348 0.197410938292132 0.198332775631009 0.198470670537424 -9999 -9999 -9999 -9999 -9999 -9999 -9999 -9999 -9999 -9999 -9999 -9999 -9999 -9999 -9999 -9999 -9999 -9999 -9999 -9999 -9999 -9999 -9999 -9999 -9999 -9999 -9999 -9999
