Scripts_&_data/BRT_projection_files/BRT_SCV2/B_lapidarius_2_projection.asc
NCOLS 79 
NROWS 71 
XLLCORNER -10.5 
YLLCORNER 36 
CELLSIZE 0.5 
NODATA_value -9999 
[rows 44 to 65 of 71, columns 0 to 48 of 79]
-9999 -9999 -9999 -9999 -9999 -9999 -9999 -9999 -9999 -9999 -9999 -9999 -9999 -9999 -9999 -9999 -9999 -9999 0.743598544000822 0.782412697617404 0.811657048993488 0.796407349184801 0.786938363932508 0.81816322864204 0.771036350713469 0.803729964488304 0.785794864573902 0.788385812981174 0.781790627905049 0.719512573681811 0.808111004068814 0.809539467956402 0.810875445636302 0.84627385953281 0.847809077183698 0.849060927205813 0.841870209136428 0.827161091103735 0.847718852892079 0.848172450414486 0.830578108611835 0.821310773284797 0.848013744675362 0.849060927205813 0.803491241032155 0.841764688005586 0.805173993293248 0.786338926016737 0.776963447107822
-9999 -9999 -9999 -9999 -9999 -9999 -9999 -9999 -9999 -9999 -9999 -9999 -9999 -9999 0.735495976055758 -9999 -9999 -9999 0.788063934881855 0.818341563412283 0.817871942190829 0.816119446161341 0.805394863210025 0.685301482635457 0.80276791064989 0.593324197448086 0.635515325563185 0.679435147179506 0.688159178768835 0.683308563781643 0.779621447616094 0.80902566734292 0.805184196976169 0.847895607447439 0.802609985286853 0.820854882036506 0.818897098454546 0.847949043769451 0.849060927205813 0.849176271698082 0.848023305133443 0.848232677846089 0.823067114506102 0.847248633528269 0.820170852943486 0.838876111972198 0.829728944880006 0.82297103369229 0.803490058240736
-9999 -9999 -9999 -9999 -9999 -9999 -9999 -9999 -9999 -9999 -9999 -9999 0.794057701142767 0.801383105561114 0.802068984988296 0.777568703184034 0.726723797642817 0.790685562797739 0.779159775796632 0.789824596503012 0.803584761816407 0.764763151780318 0.795748816029421 0.683970231508544 0.678004881045374 0.712921387139457 0.778712704761669 0.773133660074917 0.71380078578655 0.782522403244375 0.782605144667445 0.805763582401786 0.811058870153859 0.807043544368052 0.803062722003532 0.832306669307899 0.827272314177415 0.822958564490942 0.847961381697164 0.848232677846089 0.848093569883319 0.850284176852715 0.848957612074044 0.848958289814648 0.848894372301443 0.810736817095814 0.836514657015404 0.838922642375137 0.831385098025099
-9999 -9999 -9999 -9999 -9999 -9999 -9999 -9999 -9999 -9999 -9999 -9999 -9999 -9999 0.73765536225889 0.773922158837439 0.788258644151568 0.780002788126635 0.783735146968546 0.729804550917624 0.766765164566445 0.731462855814274 0.776764960731586 0.772641741001437 0.739495587170213 0.723253244678601 0.778612024781934 0.77661870011313 0.784702253538841 0.799547435299743 0.797454218101832 0.810267292976014 0.809371873121528 0.806708144313587 0.822920121298244 0.84768272712539 0.826220644926127 0.834010495671969 0.848391514197176 0.85053557436145 0.850954807704006 0.846740660677848 0.827381362257998 0.823041346451783 0.821402654389012 0.849240393827756 0.82474359833126 0.844182169556214 0.8080996775976
-9999 -9999 -9999 -9999 -9999 -9999 -9999 -9999 -9999 -9999 -9999 -9999 -9999 -9999 -9999 -9999 -9999 0.776882648146618 0.791214978228346 0.797953958434638 0.771107529002853 0.752585540073315 0.803862910783657 0.776043712521039 0.748817676528634 0.728124057211273 0.779684439045484 0.776908097621464 0.786796129899706 0.802650503872754 0.797029658820444 0.802381821030555 0.786110788837248 0.809961882788012 0.832283566367942 0.850357899677492 0.85120864701106 0.851627686317519 0.851308225902603 0.838908325798429 0.818901108031267 0.790996116378526 0.727116252841198 0.831510485687828 0.812213143136409 0.815574310484898 0.793587004725115 0.808697804224312 0.801377854367677
-9999 -9999 -9999 -9999 -9999 -9999 -9999 -9999 -9999 -9999 -9999 -9999 -9999 -9999 -9999 -9999 -9999 0.597292976986795 0.631893650672171 0.780886494814436 0.724155465321952 0.685503552691144 0.713719132344431 0.774033635863726 0.773904989887372 0.782407607617835 0.768715068256629 0.732850518007348 0.782445232013949 0.811834305352745 0.781773212389124 0.729895410799202 0.806345124217173 0.807960135053396 0.852047694479058 0.851974282785328 0.838802175132209 0.806097336755492 0.811211241943022 0.723200605075542 0.811601579381097 0.677356818306036 0.674794656874198 0.806548679394358 0.711624842533099 0.675665061208354 0.808120827757217 0.80238910801355 0.803671690527974
-9999 -9999 -9999 -9999 -9999 -9999 -9999 -9999 -9999 -9999 -9999 -9999 -9999 -9999 -9999 -9999 -9999 -9999 -9999 0.565440228331568 0.632847900091684 0.686111928708566 0.78813715489414 0.740931018477831 0.789166123144976 0.809955592443999 0.810601506894366 0.788055472598832 0.787929361600663 0.806346862411093 0.798757451723148 0.775143676873179 0.80825983193347 0.84883207741393 0.832451713333363 0.803239294924935 0.708564745495965 0.806764558951035 0.806826594644129 0.807239032732334 0.71683142790758 0.706725218737677 0.663014470333884 0.845383933394497 0.779785453834857 0.797914068883192 0.807321049831812 0.833857431630752 0.778066969811571
-9999 -9999 -9999 -9999 -9999 -9999 -9999 -9999 -9999 -9999 -9999 -9999 -9999 -9999 -9999 -9999 -9999 -9999 -9999 0.590392776373504 0.565239686401035 0.606350246785742 0.729941436927808 0.741684726009522 0.806334712711721 0.802221106515917 0.802751608379737 0.828431779652705 0.802772454635122 0.813261912219642 0.817631022095306 0.763114837503314 0.833410438910279 0.841806461926664 0.800430446725835 0.806817286097144 0.811359978713543 0.846789913270047 0.757102717996816 0.757316953879638 0.848484532627832 0.848608925209397 0.820912555689501 0.847880153927933 0.848577828542475 0.796826073510716 0.584187800357079 -9999 0.531482419927698
-9999 -9999 -9999 -9999 -9999 -9999 -9999 -9999 -9999 -9999 -9999 -9999 -9999 -9999 -9999 -9999 -9999 -9999 -9999 0.520311521891764 0.567412873518579 0.512557675861526 0.540808277595027 0.729881154141812 0.728839688149756 0.806863254736763 0.81001625253353 0.806597479317359 0.811458550323996 0.847250879460953 0.741449794611932 0.729620019562372 0.845371875023683 0.80259147142447 0.79336131356613 0.809466865829772 0.514923567199309 0.560871940358386 0.559901645907556 0.572173277801061 0.563064144083522 0.561113344569599 0.56379780711149 0.548959641725764 0.559440209115911 -9999 -9999 -9999 0.508601564787252
-9999 -9999 -9999 -9999 -9999 -9999 -9999 -9999 -9999 -9999 -9999 -9999 -9999 -9999 -9999 -9999 -9999 -9999 -9999 0.523740815006803 0.507674948742266 0.494895282607157 0.496118762332962 0.50852441724482 0.730968409977568 0.792642277959594 0.807333250191187 0.812145577317307 0.811612866903 0.807835585877548 0.602705388327542 0.805607322109974 0.805753460865823 0.80442456959194 0.800775821625169 0.825110566432785 0.56878760125436 0.538111075949403 0.568286409482072 0.807385822240133 0.72944222777808 0.646641975297304 0.557876742212053 0.31821009629389 0.316130942270291 0.311974103558679 -9999 -9999 -9999
-9999 -9999 -9999 -9999 -9999 -9999 -9999 -9999 -9999 -9999 -9999 -9999 -9999 -9999 -9999 -9999 -9999 -9999 0.520656068789477 0.520102075077331 0.505561526388765 0.534384147380783 0.561082368928132 0.541873684171599 0.514515168658321 0.770498334581778 0.816477269596451 0.80671458348722 0.806026143053463 0.51987094795167 0.503112062444057 0.785470943377072 0.806560627256453 0.80590803867225 0.805598267981676 0.812033107832849 0.804011473081848 0.523269722831792 -9999 -9999 0.52074663711477 0.822317872439147 0.803401190087106 0.830561075914923 0.539574558326573 0.326147524233036 -9999 -9999 -9999
-9999 -9999 -9999 -9999 -9999 -9999 -9999 -9999 -9999 -9999 -9999 -9999 -9999 -9999 -9999 -9999 -9999 -9999 0.515500769093788 0.515062527935807 0.567216949752632 0.54959391550834 0.35416277181655 0.329155989443119 0.559774379902807 0.570760258304456 0.727858867591519 0.579686398466238 0.516855778405765 0.500014967175765 0.33831471220652 0.488904863487966 0.507508313672451 0.730943399573538 0.737415942429524 0.518061617147932 -9999 -9999 -9999 -9999 -9999 -9999 0.565355101719774 0.511827216603844 0.802180987226931 0.800054504077897 0.579955526544254 -9999 -9999
-9999 -9999 -9999 0.506056562017753 0.465820551196809 0.656667281617498 0.688816194840246 0.751861536781698 0.780769360406095 0.797277568603223 0.77835200785079 0.782376877147551 0.62733964404464 0.610341668671138 0.466087190554948 0.469411531317281 0.508033240064848 0.492751522502187 0.590251874451371 0.520358732258456 0.523811345825864 0.522301080267587 0.563804607699114 0.538323793669979 0.555030930273048 0.526197740442204 0.506005486310081 0.481334945191029 -9999 -9999 -9999 -9999 0.501964814765804 0.517635238814443 -9999 -9999 -9999 -9999 -9999 -9999 -9999 -9999 0.493239664041963 0.495625865136378 0.57444474555583 0.595751751616013 0.776898131150264 0.611984491448928 0.314619275963122
-9999 -9999 -9999 0.462587003333824 0.463637754300699 0.679925797247276 0.739542584471525 0.778654990763962 0.771997865848189 0.769007025306169 0.761327812757771 0.806132270987282 0.810772699165908 0.810067400787388 0.809648806270308 0.798062328317283 0.80676967962125 0.624951965657577 0.666369200055774 0.805843523836641 0.782670563203261 0.718010622923303 0.779208381090122 0.771845651436593 0.80372083693778 0.78625986680813 0.493268027419231 -9999 -9999 -9999 -9999 -9999 -9999 -9999 -9999 -9999 -9999 -9999 -9999 -9999 -9999 -9999 -9999 0.530120112327042 0.505782840348853 0.552778831039394 0.496892407375192 0.802794611305994 0.541817550692271
-9999 -9999 -9999 -9999 0.465211100190508 0.660405149377514 0.750568384565467 0.74238287126649 0.761989165462728 0.259507925075916 0.25292173748854 0.304423548814421 0.259066197362204 0.416276985088852 0.778184059039043 0.780342175657414 0.726462423099466 0.257412937959952 0.317643706898212 0.36297507822407 0.529595589111481 0.43710645695724 0.7431501583947 0.779045043084957 0.769495728016824 0.782618439840119 0.423171355224672 0.252379548556233 -9999 -9999 -9999 -9999 -9999 -9999 -9999 -9999 -9999 -9999 -9999 -9999 -9999 -9999 -9999 -9999 0.520807932432435 0.588653178851813 0.508146784857966 0.809488161458187 0.800105941597118
-9999 -9999 -9999 0.507271424001761 0.736470930394392 0.783587544318439 0.71916188399049 0.61594602801074 0.257620426341954 0.272242482241847 0.266508527178205 0.323583977192412 0.307489772794158 0.41654253943885 0.455182958880195 0.458309931735086 0.645497155887387 0.454642302301834 0.248025904830208 0.24862039391967 0.245325683025686 0.24806155862574 0.256922488656794 0.257654407822668 0.308208245476735 0.295120816391595 0.2588728229631 -9999 -9999 -9999 -9999 -9999 -9999 -9999 -9999 -9999 -9999 -9999 -9999 -9999 -9999 -9999 -9999 -9999 -9999 -9999 0.562917115047712 0.518409180688785 0.517819218918056
-9999 -9999 -9999 -9999 0.510283143443678 0.722609107058532 0.307067400681465 0.25559770414864 0.258147608753092 0.309662187944643 0.253099231277544 0.251991366073281 0.26346783376386 0.645161713712707 0.671178455323456 0.46144658510876 0.639035756648753 0.633859689955194 0.451387091505974 0.2486329077452 0.247273005675656 0.251645294642906 0.250907749814916 0.252775136538634 0.253719192780093 -9999 -9999 -9999 -9999 -9999 -9999 -9999 -9999 -9999 -9999 -9999 -9999 -9999 -9999 -9999 -9999 -9999 -9999 -9999 -9999 -9999 -9999 -9999 0.518608071704618
-9999 -9999 -9999 -9999 0.506253356668673 0.511489883303851 0.420830394502716 0.257171581199733 0.258916510638293 0.294333955117129 0.462878587623068 0.463832823371032 0.748090500775789 0.498771215190481 0.256289155387897 0.257033375319278 0.478295690873458 0.688519851480665 0.715459078081913 0.691466149335977 0.287653542448031 0.250978930239887 0.252812004351368 -9999 -9999 -9999 -9999 -9999 -9999 -9999 -9999 -9999 -9999 -9999 -9999 -9999 -9999 0.308895892356586 0.504156676324119 0.52404400301158 -9999 -9999 -9999 -9999 -9999 -9999 -9999 -9999 -9999
-9999 -9999 -9999 0.491334091346075 0.50572977210589 0.458227624109527 0.451729269876605 0.450830714299612 0.451642073275775 0.617000451880333 0.616886268395111 0.527459262802968 0.256678146047905 0.253615007612983 0.257294277225475 0.25123730940859 0.288029807786685 0.539311878126866 0.699122887631866 0.689940589456735 0.258026755883196 0.251845937293697 -9999 -9999 -9999 -9999 -9999 -9999 -9999 -9999 -9999 -9999 -9999 -9999 -9999 -9999 -9999 -9999 0.546970461306747 0.50776144763053 -9999 -9999 -9999 -9999 -9999 -9999 -9999 -9999 -9999
-9999 -9999 -9999 0.420209672033355 0.43400087915145 0.421380965680844 0.251863686449251 0.251631780444465 0.416017846732332 0.430362022381044 0.416741418379349 0.256055763293139 0.247756751964963 0.247370560916637 0.243326170208926 0.254413913239277 0.250700049568074 0.266007566497365 0.256588237811295 0.254804742339419 0.25356257985154 -9999 -9999 -9999 -9999 -9999 -9999 -9999 -9999 -9999 -9999 -9999 -9999 -9999 -9999 -9999 -9999 -9999 0.532967417730343 0.502027135813382 -9999 -9999 -9999 -9999 -9999 -9999 -9999 -9999 -9999
-9999 -9999 0.307387799120937 0.253126166350777 0.252188610711921 0.406171558289037 0.252079521424468 0.25095983433547 0.252011820615644 0.25145838339757 0.253074509787327 0.263653405437719 0.255222167929828 0.247668348559963 0.243346906014462 0.257996589599122 0.244937663378108 0.243926419377405 0.25388319308305 0.25197334481476 -9999 -9999 -9999 -9999 -9999 -9999 -9999 -9999 -9999 -9999 -9999 -9999 -9999 -9999 -9999 -9999 -9999 -9999 0.30887059708057 0.30958251904877 -9999 -9999 -9999 -9999 -9999 -9999 -9999 -9999 -9999
-9999 -9999 0.254384376963519 0.252865984434419 0.251227211126654 0.252396793970542 0.254368535678617 0.254802803514594 0.254930453829772 0.251761432672855 0.251604745355287 0.254238450873964 0.249921267586675 0.249980295902082 0.260337896655544 0.251471729268554 0.255449137478921 0.250718042882315 0.247901366742818 0.244715160511972 0.245615781059364 -9999 -9999 -9999 -9999 -9999 -9999 -9999 -9999 -9999 -9999 -9999 -9999 -9999 -9999 -9999 -9999 -9999 -9999 -9999 -9999 -9999 -9999 -9999 -9999 -9999 -9999 -9999 -9999
