Scripts_&_data/BRT_projection_files/BRT_SCV2/B_lucorum_1_projection.asc
NCOLS 79 
NROWS 71 
XLLCORNER -10.5 
YLLCORNER 36 
CELLSIZE 0.5 
NODATA_value -9999 
[rows 44 to 65 of 71, columns 0 to 48 of 79]
-9999 -9999 -9999 -9999 -9999 -9999 -9999 -9999 -9999 -9999 -9999 -9999 -9999 -9999 -9999 -9999 -9999 -9999 0.581127584025049 0.608365193722311 0.610588107377417 0.610168209920839 0.583899276605111 0.58933578076009 0.583529469694625 0.588611853744673 0.583437773832788 0.585189532967315 0.645728665365356 0.629073945625014 0.7303586034939 0.7305587740847 0.7303586034939 0.730377372815004 0.731564536145974 0.732941727476373 0.731940966271477 0.678885874720907 0.730497196848034 0.73046897864419 0.730436253655016 0.730328842356862 0.730201104787924 0.73042165051537 0.73042165051537 0.730391592731033 0.731652199417107 0.759531247522568 0.708559667736109
-9999 -9999 -9999 -9999 -9999 -9999 -9999 -9999 -9999 -9999 -9999 -9999 -9999 -9999 0.483819888038853 -9999 -9999 -9999 0.58302485155863 0.733680312891142 0.730463824063222 0.729618183094509 0.730463824063222 0.589415373955511 0.588761687369516 0.526126236705381 0.484509842127021 0.583547451382562 0.584164499831322 0.589704242590716 0.584147403090852 0.733534915984678 0.730377372815004 0.730497196848034 0.73112896281398 0.734505967434671 0.65038519075573 0.734637288159432 0.731208302330055 0.730488808281057 0.734536330019086 0.730484535279795 0.730402868229004 0.730404845434357 0.730404845434357 0.730402868229004 0.73041747136865 0.73343304821532 0.734844737137083
-9999 -9999 -9999 -9999 -9999 -9999 -9999 -9999 -9999 -9999 -9999 -9999 0.583884378534102 0.583727269571757 0.582130427222195 0.584071138586573 0.583381781977366 0.588650853606676 0.584212544797999 0.586039035121077 0.623543497086114 0.581849813368742 0.627450526007256 0.623561689153733 0.583378659725585 0.483425780272722 0.477730118960341 0.479122420529487 0.583655319264974 0.583507042694245 0.590111808105861 0.731030410034041 0.731990760409682 0.734330025061167 0.734758280111064 0.734637288159432 0.730497196848034 0.732635374912137 0.730451449377286 0.730475879747133 0.730316400661289 0.73041747136865 0.730436253655016 0.73041747136865 0.730385248741023 0.730502362620497 0.733502387827664 0.733645595541488 0.733645595541488
-9999 -9999 -9999 -9999 -9999 -9999 -9999 -9999 -9999 -9999 -9999 -9999 -9999 -9999 0.508468707225129 0.477680063557543 0.476167024991735 0.476141884261377 0.476261290542187 0.478554822321296 0.47676444330629 0.581159160768723 0.581197814183877 0.583364101545418 0.584003996956657 0.50271393529883 0.482887650719923 0.583644451454901 0.583507042694245 0.729572003897581 0.730582076972391 0.730442731796487 0.665434866613516 0.734691413158705 0.732844937853092 0.733696696188089 0.718190180175471 0.734691413158705 0.730950772219283 0.73041451407974 0.734691413158705 0.734724778327202 0.734782842626892 0.734603796679249 0.734962968608636 0.734981966829646 0.734981966829646 0.734981966829646 0.734903110977016
-9999 -9999 -9999 -9999 -9999 -9999 -9999 -9999 -9999 -9999 -9999 -9999 -9999 -9999 -9999 -9999 -9999 0.472412896810572 0.477294455518867 0.477922035351885 0.478054813629418 0.478289331477996 0.48416814964084 0.478532666003438 0.479314954170029 0.484423994706075 0.583496174884171 0.616634611496071 0.648323217346013 0.734675049038578 0.65733649567504 0.584155217092396 0.650221035953743 0.734612481439997 0.734718897764623 0.733645595541488 0.733678123698501 0.733766831981274 0.733785404470862 0.733877002548406 0.734950245680333 0.734967682101866 0.734861090100008 0.734861090100008 0.734918290781965 0.734861090100008 0.734981966829646 0.734932246048254 0.734918290781965
-9999 -9999 -9999 -9999 -9999 -9999 -9999 -9999 -9999 -9999 -9999 -9999 -9999 -9999 -9999 -9999 -9999 0.466354776145152 0.46639626470875 0.477297716047698 0.478208839590641 0.583418992101872 0.478499028747037 0.476340730817507 0.583476344572122 0.582384333529995 0.581291729817611 0.601865498281577 0.610683753570109 0.734691413158705 0.608546765026905 0.609547778899396 0.734733442082214 0.734981966829646 0.733645595541488 0.733873075820631 0.734649912801753 0.734981966829646 0.734981966829646 0.734981966829646 0.734861090100008 0.731236686100469 0.731440136886374 0.733059077427955 0.731232730193918 0.734718002014721 0.734932246048254 0.734981966829646 0.734782212359889
-9999 -9999 -9999 -9999 -9999 -9999 -9999 -9999 -9999 -9999 -9999 -9999 -9999 -9999 -9999 -9999 -9999 -9999 -9999 0.466354776145152 0.476235526743447 0.478557259146548 0.47703400553969 0.58308780383965 0.652896177406237 0.730464974220408 0.730497196848034 0.622722184234054 0.670891981809692 0.732941727476373 0.615871954555848 0.61215605740356 0.732844937853092 0.733789813414788 0.734962968608636 0.734861090100008 0.734718311432079 0.734995922095934 0.734981966829646 0.734995922095934 0.734995922095934 0.734875060033353 0.734561545326239 0.734622273452937 0.734796182293234 0.734839418723832 0.734480177196642 0.733672383351313 0.733560093682815
-9999 -9999 -9999 -9999 -9999 -9999 -9999 -9999 -9999 -9999 -9999 -9999 -9999 -9999 -9999 -9999 -9999 -9999 -9999 0.466065171774155 0.46639626470875 0.46639626470875 0.511786072542741 0.618835357980321 0.734612481439997 0.734637288159432 0.734587432559122 0.730495689439113 0.734279315160981 0.731379805143573 0.618315769283404 0.623826859758227 0.734661029997094 0.732635374912137 0.73485337399012 0.731517263506663 0.731469080514097 0.734678823297074 0.541230335453707 0.518638760825301 0.733853652169668 0.734661045600235 0.734842091878998 0.734603796679249 0.733678123698501 0.485186654472803 0.47332331707806 -9999 0.507147192121654
-9999 -9999 -9999 -9999 -9999 -9999 -9999 -9999 -9999 -9999 -9999 -9999 -9999 -9999 -9999 -9999 -9999 -9999 -9999 0.496721754798487 0.464055738217068 0.465366295943527 0.508783405579459 0.508042601638225 0.613137463077613 0.732780913400764 0.734881184639674 0.731471195691382 0.731351669268102 0.732866744251999 0.62095960034209 0.622844412047619 0.732844937853092 0.734796182293234 0.731231870859534 0.731472530796921 0.484086028182351 0.466549858861774 0.47332331707806 0.47332331707806 0.47332331707806 0.47332331707806 0.47332331707806 0.47332331707806 0.47332331707806 -9999 -9999 -9999 0.496729696794512
-9999 -9999 -9999 -9999 -9999 -9999 -9999 -9999 -9999 -9999 -9999 -9999 -9999 -9999 -9999 -9999 -9999 -9999 -9999 0.518568041563791 0.498364465871345 0.464055738217068 0.497232699902779 0.510051444521177 0.50706207501966 0.733976078473127 0.734467455729371 0.734667777496391 0.7348240768229 0.734733442082214 0.513466829713853 0.734598196712217 0.734735650018169 0.732894052653067 0.731395446007723 0.731351669268102 0.473272820275832 0.468085307710787 0.472697092732137 0.733696696188089 0.585420192484392 0.47332331707806 0.47332331707806 0.47332331707806 0.472581003918044 0.465694855605477 -9999 -9999 -9999
-9999 -9999 -9999 -9999 -9999 -9999 -9999 -9999 -9999 -9999 -9999 -9999 -9999 -9999 -9999 -9999 -9999 -9999 0.512278935234118 0.512832466601674 0.513134984741832 0.46637983769069 0.464030684028189 0.464030684028189 0.49527475928846 0.58295918118161 0.733678123698501 0.734691413158705 0.732605991787367 0.496853279107833 0.497176564465575 0.731464529717985 0.73287787568111 0.732881682143538 0.732532910640136 0.734603796679249 0.731547502079895 0.498806812390027 -9999 -9999 0.506565481450773 0.734772253489713 0.734796001416099 0.679734193907433 0.472697092732137 0.473229589618313 -9999 -9999 -9999
-9999 -9999 -9999 -9999 -9999 -9999 -9999 -9999 -9999 -9999 -9999 -9999 -9999 -9999 -9999 -9999 -9999 -9999 0.49668198769252 0.496911030978928 0.465070065053592 0.465391161589373 0.466307340723976 0.473257396992974 0.466065171774155 0.465641089798566 0.615623699421753 0.507324469497122 0.505583997955577 0.514905328805347 0.51723202080708 0.506361908540387 0.496890152769949 0.615489199520359 0.510769332848323 0.507753336841678 -9999 -9999 -9999 -9999 -9999 -9999 0.47332331707806 0.476847931536969 0.731409403865071 0.730478427202868 0.472648684581206 -9999 -9999
-9999 -9999 -9999 0.497761670043307 0.507629774761841 0.61366429284008 0.613293451205442 0.586960730342687 0.679469010337057 0.68573643630049 0.673289819685238 0.624794322912687 0.589805728837622 0.51035835292315 0.509531696395426 0.509565608399107 0.498646362348569 0.519528316720312 0.613395862388454 0.50762268025775 0.515855872008454 0.504639408076423 0.464055738217068 0.465366295943527 0.464030684028189 0.505961348051405 0.507962760335019 0.496640791110115 -9999 -9999 -9999 -9999 0.518732962998409 0.510711759301757 -9999 -9999 -9999 -9999 -9999 -9999 -9999 -9999 0.505187861847212 0.466151926189596 0.466354776145152 0.466968074714469 0.585934548692094 0.480416797453017 0.46671775795289
-9999 -9999 -9999 0.506696290495794 0.497829289073396 0.61150700554048 0.617071278409488 0.731781168578247 0.732627303515806 0.731185516548417 0.734383746205789 0.733596409066324 0.73033071781822 0.730267701882364 0.730311948497117 0.730345320957866 0.734260540912181 0.612247206653143 0.671623959315687 0.734614671285009 0.720635600811802 0.687854609615528 0.720576505548912 0.720437227599727 0.734549644762668 0.661890060996939 0.509733975971624 -9999 -9999 -9999 -9999 -9999 -9999 -9999 -9999 -9999 -9999 -9999 -9999 -9999 -9999 -9999 -9999 0.465438679980883 0.466216447082198 0.466151926189596 0.466981896167863 0.731912848260825 0.47332331707806
-9999 -9999 -9999 -9999 0.497965438960789 0.519318416832167 0.732498830621183 0.732563371440957 0.731199081890006 0.465648151651167 0.467166348126991 0.465426920269206 0.468779149079877 0.479910211016986 0.676030416893826 0.71147676515561 0.729158262996671 0.464799919202685 0.468048457773964 0.585112439325079 0.631375471716017 0.509645369700675 0.730893453835047 0.730998744804875 0.730796337213595 0.720348806533147 0.497780539553085 0.497406704066296 -9999 -9999 -9999 -9999 -9999 -9999 -9999 -9999 -9999 -9999 -9999 -9999 -9999 -9999 -9999 -9999 0.463388129683633 0.472403217108167 0.472715891947602 0.734691413158705 0.731109166883549
-9999 -9999 -9999 0.506684904119906 0.614991728561122 0.619075209625269 0.507947750448651 0.497271848004706 0.498801835907363 0.46562309010563 0.466485725265452 0.472649090341619 0.466869218306763 0.480283327448217 0.545635966086597 0.654982377299311 0.612073611140111 0.541035421002785 0.465469749765143 0.472531941786675 0.466962363887076 0.465525202488726 0.465544304404217 0.464218515162757 0.505538018122388 0.507227875147111 0.506719844709263 -9999 -9999 -9999 -9999 -9999 -9999 -9999 -9999 -9999 -9999 -9999 -9999 -9999 -9999 -9999 -9999 -9999 -9999 -9999 0.47031380447649 0.471947069022963 0.495431892843753
-9999 -9999 -9999 -9999 0.506393946374218 0.508669346957472 0.49707244749394 0.499169657433916 0.495292820286717 0.465920754656791 0.467866927370501 0.465732863972926 0.47041086521711 0.690303693209307 0.685017375776217 0.513952139870265 0.593638815087239 0.593415675562591 0.506314544157082 0.467942598403788 0.465686033297875 0.466441610332678 0.496928517368166 0.494764287865723 0.50319299868178 -9999 -9999 -9999 -9999 -9999 -9999 -9999 -9999 -9999 -9999 -9999 -9999 -9999 -9999 -9999 -9999 -9999 -9999 -9999 -9999 -9999 -9999 -9999 0.497338976639094
-9999 -9999 -9999 -9999 0.50609445643412 0.496558404772292 0.496460094762055 0.496501576949328 0.496707170103514 0.497744383459423 0.510517159569851 0.51124494532167 0.708523653991629 0.611987212982911 0.465648151651167 0.471218179473794 0.712140433563613 0.667167971537022 0.627971850091745 0.621064886782005 0.553204463471104 0.498250373336064 0.492302636305778 -9999 -9999 -9999 -9999 -9999 -9999 -9999 -9999 -9999 -9999 -9999 -9999 -9999 -9999 0.493085765387666 0.463429583956084 0.504485477933899 -9999 -9999 -9999 -9999 -9999 -9999 -9999 -9999 -9999
-9999 -9999 -9999 0.492868104631822 0.502613941595286 0.49795386326709 0.496643393229926 0.500020443976725 0.498780135158162 0.607391735559314 0.607278967701465 0.508362107102154 0.465404742454929 0.505233923357237 0.471765442969374 0.467925473114094 0.571235887439063 0.696767007710972 0.624789472148497 0.660030227152459 0.500819285203921 0.492577833290995 -9999 -9999 -9999 -9999 -9999 -9999 -9999 -9999 -9999 -9999 -9999 -9999 -9999 -9999 -9999 -9999 0.461514525785684 0.506343843897686 -9999 -9999 -9999 -9999 -9999 -9999 -9999 -9999 -9999
-9999 -9999 -9999 0.502466165774544 0.494445406442959 0.496931195839519 0.4932464663276 0.493871962787214 0.492492187722578 0.493485761187598 0.471379375706219 0.465664760353515 0.465387735470033 0.465469255584563 0.465579572718963 0.465787285570975 0.467883951518764 0.502823762535902 0.502118133798462 0.49571219146581 0.502054662683154 -9999 -9999 -9999 -9999 -9999 -9999 -9999 -9999 -9999 -9999 -9999 -9999 -9999 -9999 -9999 -9999 -9999 0.463388129683633 0.508911522598386 -9999 -9999 -9999 -9999 -9999 -9999 -9999 -9999 -9999
-9999 -9999 0.492669091149738 0.469292749604848 0.492840226128314 0.465635112600643 0.493835586878522 0.49378976210771 0.491382834125938 0.490278785803484 0.493118733658746 0.499022669720573 0.498307875732667 0.465469255584563 0.465387735470033 0.465579572718963 0.465579572718963 0.465539075724035 0.499136951786225 0.492340906561446 -9999 -9999 -9999 -9999 -9999 -9999 -9999 -9999 -9999 -9999 -9999 -9999 -9999 -9999 -9999 -9999 -9999 -9999 0.467112466061649 0.501756234943511 -9999 -9999 -9999 -9999 -9999 -9999 -9999 -9999 -9999
-9999 -9999 0.502171161443046 0.492986782296893 0.493232365474345 0.463231982723389 0.462956761748687 0.461917415725749 0.462258933696334 0.460977507739409 0.486288179310144 0.467250459180812 0.465179787237797 0.464280101705521 0.465493732914056 0.466675517087963 0.468002474914939 0.465437042845225 0.465773451247069 0.465404742454929 0.463033277474276 -9999 -9999 -9999 -9999 -9999 -9999 -9999 -9999 -9999 -9999 -9999 -9999 -9999 -9999 -9999 -9999 -9999 -9999 -9999 -9999 -9999 -9999 -9999 -9999 -9999 -9999 -9999 -9999
