Scripts_&_data/BRT_projection_files/BRT_SCV2/B_magnus_1_projection.asc
NCOLS 79 
NROWS 71 
XLLCORNER -10.5 
YLLCORNER 36 
CELLSIZE 0.5 
NODATA_value -9999 
[rows 44 to 65 of 71, columns 0 to 48 of 79]
-9999 -9999 -9999 -9999 -9999 -9999 -9999 -9999 -9999 -9999 -9999 -9999 -9999 -9999 -9999 -9999 -9999 -9999 0.140055641057491 0.151278171208729 0.107945201915219 0.151921563894973 0.135693054965222 0.168038726055393 0.127291075145155 0.127351917374747 0.127164467220087 0.138345448194961 0.130313903771395 0.121536219832581 0.147204552782528 0.15365068171435 0.153060317243809 0.291122479766687 0.310489154741428 0.301957469380656 0.169163619749321 0.167352522433869 0.305785651829819 0.215604826454347 0.147264482882348 0.15291794626908 0.110910029961639 0.152943085421207 0.128483122978838 0.12283102153182 0.154137223060067 0.169960568762847 0.138530262450663
-9999 -9999 -9999 -9999 -9999 -9999 -9999 -9999 -9999 -9999 -9999 -9999 -9999 -9999 0.127291075145155 -9999 -9999 -9999 0.189229809656873 0.21611269611354 0.140788970282867 0.150148970140895 0.131171410640534 0.107422883128172 0.107815457778334 0.143362980119125 0.174327722085767 0.13831966234106 0.127291075145155 0.127291075145155 0.135947123914734 0.153403216050255 0.154851630529587 0.246695621058229 0.200975597872816 0.169336601018161 0.251111583730799 0.258438829343024 0.203923833788031 0.329875439163189 0.169319575681733 0.140099304006883 0.127578776935033 0.120469933971104 0.120385772177678 0.120385772177678 0.138040442958948 0.154503507151944 0.1761369258258
-9999 -9999 -9999 -9999 -9999 -9999 -9999 -9999 -9999 -9999 -9999 -9999 0.135855276979411 0.156863194013438 0.138660406541439 0.136443454492578 0.136641238323005 0.119843850622273 0.136357409778271 0.151292176306746 0.143895687144166 0.134024120860643 0.121660450158106 0.106981740565431 0.106971950044594 0.106971950044594 0.119886382873584 0.127290613532249 0.138481904052884 0.13838276466481 0.136727087928742 0.151745920215593 0.166168570706572 0.18749850215213 0.19196920266835 0.178132181483974 0.256351922000888 0.170535190842408 0.184368575282059 0.148232151565766 0.145429544686101 0.190401339363701 0.216973700324925 0.193386032365194 0.221665417104894 0.146787342974357 0.150385491734523 0.163131421664039 0.162879485647339
-9999 -9999 -9999 -9999 -9999 -9999 -9999 -9999 -9999 -9999 -9999 -9999 -9999 -9999 0.138650125794866 0.127164467220087 0.134098614771374 0.123554250998178 0.136642503632838 0.136641238323005 0.133882688022153 0.12742567031427 0.123256024544358 0.119710491713524 0.126567110082504 0.12794208010546 0.127291075145155 0.136795985678356 0.135991928150667 0.145179696296727 0.152316995146798 0.155250683257477 0.157308592640758 0.186248121991819 0.182706355895583 0.185954666903324 0.186886355067347 0.168377574105061 0.157852358792807 0.199687688550482 0.231180907866439 0.198541035346407 0.1979660334031 0.176440640946679 0.192483754552439 0.192527429950252 0.183446727719306 0.184941302895803 0.439831002678204
-9999 -9999 -9999 -9999 -9999 -9999 -9999 -9999 -9999 -9999 -9999 -9999 -9999 -9999 -9999 -9999 -9999 0.139225309401311 0.138314684087427 0.119898668804564 0.106971950044594 0.107664186624031 0.119843850622273 0.127366361004646 0.127366361004646 0.139230746821697 0.135947123914734 0.146441372289371 0.183381047507931 0.19523526322397 0.155236206609105 0.135846342515459 0.175378332911563 0.183046212282689 0.172553247011829 0.160713715900603 0.225147883704156 0.173969396470522 0.18473179928554 0.439145851933859 0.184775549618921 0.241801658218864 0.164943975838192 0.186254535470333 0.204911668564234 0.205949152681831 0.244584819879728 0.193824787465091 0.198712312568646
-9999 -9999 -9999 -9999 -9999 -9999 -9999 -9999 -9999 -9999 -9999 -9999 -9999 -9999 -9999 -9999 -9999 0.135755118550164 0.135755118550164 0.135869537836601 0.136731803990627 0.127164006300729 0.127291075145155 0.127464107669475 0.135944547144271 0.137164055695007 0.137861237726469 0.138978901964966 0.152026473163728 0.182877013146785 0.146907688993466 0.17124415820518 0.199584357781344 0.184571644550148 0.155751614737305 0.163994425000272 0.182473814351432 0.454640534461617 0.240626227168357 0.24479755482921 0.201358012012853 0.182077904800324 0.145559396715097 0.165784272661128 0.162956118390648 0.163890458111445 0.197181103297563 0.198486273589069 0.171310438617295
-9999 -9999 -9999 -9999 -9999 -9999 -9999 -9999 -9999 -9999 -9999 -9999 -9999 -9999 -9999 -9999 -9999 -9999 -9999 0.135755118550164 0.135943837711422 0.136144964562674 0.136053151122965 0.140424409195417 0.160771615487309 0.164699480826983 0.174748441854313 0.158549354634331 0.163424548469543 0.19001280970046 0.146425794775029 0.168182320021493 0.186414155982246 0.227981917555752 0.183316195453829 0.185289124520552 0.163635128017009 0.228090040727704 0.442468521189153 0.195509540536351 0.206703850680258 0.185890259715044 0.172876811808328 0.152404220160517 0.176461520465585 0.173702012817957 0.184432708669698 0.437673347051012 0.504026957454108
-9999 -9999 -9999 -9999 -9999 -9999 -9999 -9999 -9999 -9999 -9999 -9999 -9999 -9999 -9999 -9999 -9999 -9999 -9999 0.135501276001625 0.135755118550164 0.135548829200801 0.149768741205105 0.165181758064749 0.196620910410925 0.186822890708895 0.184504700106965 0.229453735767047 0.159466852456818 0.169778501188735 0.320470776028881 0.156111410277333 0.187798544441322 0.169818616582553 0.1806916227283 0.164468768371881 0.18405890538378 0.187319109812831 0.275884891863834 0.288680491468179 0.315267123212475 0.21430101139723 0.173169412893874 0.182258033193735 0.268640337030154 0.229593467416916 0.186686644592461 -9999 0.212192586586115
-9999 -9999 -9999 -9999 -9999 -9999 -9999 -9999 -9999 -9999 -9999 -9999 -9999 -9999 -9999 -9999 -9999 -9999 -9999 0.146917865331197 0.139690167482468 0.137854514772312 0.152466591367204 0.153927011905359 0.168329248575108 0.19791270146497 0.236310613510855 0.216908381489427 0.162378057207933 0.169744782449029 0.153152667116527 0.173434829931534 0.197108320608235 0.176819642211623 0.15671654026881 0.154789923408617 0.299318054800335 0.135504292501617 0.217528424692759 0.276673253838929 0.200873940100391 0.177991873911743 0.205782178397029 0.221004178633061 0.236250003311071 -9999 -9999 -9999 0.169496930189901
-9999 -9999 -9999 -9999 -9999 -9999 -9999 -9999 -9999 -9999 -9999 -9999 -9999 -9999 -9999 -9999 -9999 -9999 -9999 0.195519468163007 0.151025301025241 0.136944989110324 0.138400378699939 0.151221204481152 0.152483110733817 0.179170556457469 0.216806552280012 0.166803756881819 0.185105607912771 0.199394905302174 0.170165983313202 0.183815351838904 0.17667662098642 0.175190117594386 0.134990722465733 0.175179268882839 0.130261891690053 0.10696011107253 0.135591969438057 0.183564680235963 0.154917398848317 0.185816515575307 0.236250003311071 0.230758077533451 0.119668329819022 0.106971303533126 -9999 -9999 -9999
-9999 -9999 -9999 -9999 -9999 -9999 -9999 -9999 -9999 -9999 -9999 -9999 -9999 -9999 -9999 -9999 -9999 -9999 0.1759374612168 0.15199532217376 0.151361782906913 0.136243080003105 0.127061347351083 0.146975383217882 0.15152486249115 0.138938967854189 0.169535244979717 0.203537082644075 0.502485654210979 0.167931691189307 0.14598002464975 0.162999866164069 0.171040411864624 0.154522452892966 0.154360152527071 0.165491241929612 0.171821692916549 0.150006548983301 -9999 -9999 0.174019604336209 0.18670250611184 0.194364848736115 0.176793993981043 0.135490341843934 0.212546767705318 -9999 -9999 -9999
-9999 -9999 -9999 -9999 -9999 -9999 -9999 -9999 -9999 -9999 -9999 -9999 -9999 -9999 -9999 -9999 -9999 -9999 0.16806000371246 0.162780669213896 0.136023704705733 0.13795973415581 0.119733769936876 0.131678272294483 0.136206126846053 0.150506588261467 0.180082177395229 0.181401039677759 0.169728021292672 0.145817147614307 0.117386112799575 0.122183862694154 0.150656398812623 0.151592544867328 0.166719097965748 0.213199144471526 -9999 -9999 -9999 -9999 -9999 -9999 0.223088795920679 0.279241148733645 0.16921982308164 0.153674179441459 0.13572393068781 -9999 -9999
-9999 -9999 -9999 0.181616630841714 0.26370577955663 0.166381078415043 0.170116912799405 0.181949564272806 0.197803782598709 0.295897635582704 0.249528686988923 0.20760650363297 0.16933199558385 0.184787100306781 0.169467793291986 0.267199318465337 0.176991700244975 0.291566049387061 0.179881304736198 0.178387094236613 0.170069980584933 0.155740112478991 0.136526082133112 0.1376951901546 0.135677636066202 0.158033772714633 0.146594190828956 0.121843089420619 -9999 -9999 -9999 -9999 0.149934229710175 0.150631844084916 -9999 -9999 -9999 -9999 -9999 -9999 -9999 -9999 0.138427221362416 0.13571126262586 0.136242149470257 0.135490341843934 0.136064526387821 0.135682095809923 0.119703800406349
-9999 -9999 -9999 0.172769857748059 0.170582173734681 0.150925559600268 0.150876687525671 0.170018386183416 0.175707757122648 0.168875861813711 0.169819767179088 0.160171032018618 0.133637836904004 0.137037719209288 0.123737492480001 0.162998404639759 0.192768739394665 0.138650125794866 0.186461081436523 0.228179447202443 0.187896939579064 0.18798920273467 0.17887857067656 0.178779786510135 0.178854164994799 0.16188260991679 0.149953627811257 -9999 -9999 -9999 -9999 -9999 -9999 -9999 -9999 -9999 -9999 -9999 -9999 -9999 -9999 -9999 -9999 0.127051085538938 0.137751609496314 0.135655100549697 0.136758008998359 0.154586183008359 0.177965666086037
-9999 -9999 -9999 -9999 0.177211647167986 0.150824745040848 0.177646648443072 0.175544324297683 0.138234620228079 0.1068771254981 0.1068771254981 0.1068771254981 0.1068771254981 0.1068771254981 0.163781794740648 0.153476694700659 0.107701364046415 0.1068771254981 0.107007967497906 0.10719738781745 0.130892624631462 0.147292970508944 0.16502121104273 0.181089354374105 0.16869837385817 0.153228205211954 0.149911549041108 0.106931730858394 -9999 -9999 -9999 -9999 -9999 -9999 -9999 -9999 -9999 -9999 -9999 -9999 -9999 -9999 -9999 -9999 0.136032223060016 0.152921959363301 0.150109283201087 0.174254322361758 0.164661532876389
-9999 -9999 -9999 0.175406135981823 0.173224590370532 0.175221894420248 0.146448753152412 0.150620952690118 0.106952619230952 0.1068771254981 0.1068771254981 0.1068771254981 0.1068771254981 0.1068771254981 0.106903571649724 0.106977417483445 0.1068771254981 0.106937219285707 0.1068771254981 0.114193244126683 0.1068771254981 0.1068771254981 0.1068771254981 0.106858574587608 0.107703024992293 0.30172070197244 0.150788528021621 -9999 -9999 -9999 -9999 -9999 -9999 -9999 -9999 -9999 -9999 -9999 -9999 -9999 -9999 -9999 -9999 -9999 -9999 -9999 0.280782069501107 0.154738337401444 0.164648864048394
-9999 -9999 -9999 -9999 0.23107479717093 0.166457473938103 0.10806699697977 0.107413294470853 0.107928497578984 0.106858574587608 0.1068771254981 0.1068771254981 0.1068771254981 0.107007324191419 0.106977417483445 0.106903571649724 0.1068771254981 0.106955483481177 0.106903571649724 0.1068771254981 0.1068771254981 0.106903571649724 0.10690515807053 0.106922710105533 0.125987480580158 -9999 -9999 -9999 -9999 -9999 -9999 -9999 -9999 -9999 -9999 -9999 -9999 -9999 -9999 -9999 -9999 -9999 -9999 -9999 -9999 -9999 -9999 -9999 0.158221056020995
-9999 -9999 -9999 -9999 0.173426228679856 0.165895213082891 0.145377995810845 0.121475772500133 0.138926094199384 0.106927920807248 0.106907491377516 0.107369050661897 0.125296203109774 0.130945455023784 0.1068771254981 0.1068771254981 0.135395009280382 0.106962211851387 0.106924387369159 0.106979887098405 0.106952619230952 0.106922710105533 0.106931730858394 -9999 -9999 -9999 -9999 -9999 -9999 -9999 -9999 -9999 -9999 -9999 -9999 -9999 -9999 0.10707540307414 0.135655100549697 0.146966523085108 -9999 -9999 -9999 -9999 -9999 -9999 -9999 -9999 -9999
-9999 -9999 -9999 0.150282012180941 0.166022715613823 0.174991171903922 0.164669474810805 0.176662660580848 0.175627194324709 0.154180467508644 0.180831501478765 0.146061240835548 0.1068771254981 0.137863951144266 0.10690515807053 0.1068771254981 0.119693100251485 0.123386305419008 0.106968715889625 0.106997146203349 0.106981049544676 0.106931730858394 -9999 -9999 -9999 -9999 -9999 -9999 -9999 -9999 -9999 -9999 -9999 -9999 -9999 -9999 -9999 -9999 0.138543292712507 0.147250927542439 -9999 -9999 -9999 -9999 -9999 -9999 -9999 -9999 -9999
-9999 -9999 -9999 0.245600040359544 0.149845596876029 0.149637923602041 0.128739654743721 0.110753757100195 0.132853910889948 0.152058626713667 0.127408559153351 0.1068771254981 0.1068771254981 0.1068771254981 0.1068771254981 0.1068771254981 0.1068771254981 0.106952619230952 0.106952619230952 0.106922710105533 0.131970370844897 -9999 -9999 -9999 -9999 -9999 -9999 -9999 -9999 -9999 -9999 -9999 -9999 -9999 -9999 -9999 -9999 -9999 0.137594156023094 0.146587023520544 -9999 -9999 -9999 -9999 -9999 -9999 -9999 -9999 -9999
-9999 -9999 0.114915492184642 0.119414531247797 0.121142646317548 0.139213096379664 0.129852884929343 0.106898101037479 0.106931451039228 0.107745919895585 0.108086777931875 0.107378551665373 0.10690515807053 0.1068771254981 0.1068771254981 0.1068771254981 0.1068771254981 0.1068771254981 0.106952619230952 0.106922710105533 -9999 -9999 -9999 -9999 -9999 -9999 -9999 -9999 -9999 -9999 -9999 -9999 -9999 -9999 -9999 -9999 -9999 -9999 0.10705332257037 0.107192123173637 -9999 -9999 -9999 -9999 -9999 -9999 -9999 -9999 -9999
-9999 -9999 0.143477643414029 0.106916214055965 0.10690515807053 0.113601218050335 0.1068771254981 0.106858574587608 0.1068771254981 0.106858574587608 0.107664163248189 0.1068771254981 0.1068771254981 0.106858574587608 0.1068771254981 0.106858574587608 0.1068771254981 0.1068771254981 0.1068771254981 0.1068771254981 0.1068771254981 -9999 -9999 -9999 -9999 -9999 -9999 -9999 -9999 -9999 -9999 -9999 -9999 -9999 -9999 -9999 -9999 -9999 -9999 -9999 -9999 -9999 -9999 -9999 -9999 -9999 -9999 -9999 -9999
