Scripts_&_data/BRT_projection_files/BRT_SCV2/B_magnus_2_projection.asc
NCOLS 79 
NROWS 71 
XLLCORNER -10.5 
YLLCORNER 36 
CELLSIZE 0.5 
NODATA_value -9999 
[rows 44 to 65 of 71, columns 0 to 47 of 79]
-9999 -9999 -9999 -9999 -9999 -9999 -9999 -9999 -9999 -9999 -9999 -9999 -9999 -9999 -9999 -9999 -9999 -9999 0.211693717671065 0.17692170288232 0.0822565296024402 0.20445293775389 0.160393394565178 0.174223323343778 0.159826464840222 0.134031355974578 0.128452593689601 0.160134173849289 0.129877215713128 0.0822360698694261 0.166600298696156 0.169852251681528 0.166337829748337 0.180602162644594 0.215040718221974 0.198108890029346 0.166017349074504 0.0878060916148077 0.185779305298287 0.172943983992178 0.168942553690805 0.167030520869126 0.0822635075116468 0.216700427802489 0.16486017599839 0.0999504648632615 0.168689481025647 0.166530399566526
-9999 -9999 -9999 -9999 -9999 -9999 -9999 -9999 -9999 -9999 -9999 -9999 -9999 -9999 0.172682360008233 -9999 -9999 -9999 0.266837579899058 0.272847380051458 0.187708164685964 0.187258750347448 0.160852968101273 0.0822290919602194 0.0920885388321333 0.0886014732980346 0.086456517923103 0.160054022168219 0.157506026870563 0.153846337877281 0.166456948799195 0.169853850310717 0.169289915642084 0.167439861909367 0.170123567577522 0.164754077212652 0.202235151907838 0.174387361729061 0.19890240259077 0.18818487831695 0.172294277446646 0.168654382195206 0.130084584012801 0.133796341762763 0.163139552322733 0.153059366048441 0.159856484127989 0.100512748259169
-9999 -9999 -9999 -9999 -9999 -9999 -9999 -9999 -9999 -9999 -9999 -9999 0.168866013400038 0.26278732260304 0.259021450439582 0.187439970093025 0.182111041322826 0.0894938567336892 0.250447238333295 0.246651232810413 0.228988361689557 0.15798257491171 0.158486134757454 0.0822360698694261 0.0822290919602194 0.0822290919602194 0.0822016903694611 0.156489490101642 0.160514180135302 0.160439928642277 0.160987962188364 0.17142595555395 0.16933513236452 0.169665906486051 0.183339572841997 0.165521203455367 0.177611312391157 0.100645923332163 0.106079057194118 0.164771963527182 0.168998886464803 0.169667742341076 0.183702300464229 0.204974416492919 0.180064681944843 0.167131887174945 0.178482090054959 0.223188738330458
-9999 -9999 -9999 -9999 -9999 -9999 -9999 -9999 -9999 -9999 -9999 -9999 -9999 -9999 0.188197473380693 0.184123781211915 0.210544527753244 0.200951806671203 0.180296560168209 0.181417382040279 0.17020639105869 0.133307867920149 0.0822290919602194 0.0822290919602194 0.164207056818305 0.165113637324476 0.159566624491303 0.160231546749649 0.160433009199712 0.161202345879659 0.169674705302471 0.16990439636307 0.170622759883753 0.100705719067832 0.105508194977458 0.11328270011353 0.183896400383923 0.100567258628224 0.177895559418268 0.178977652671146 0.184160719330235 0.214975596404373 0.174327354878242 0.100881073204234 0.101248246531101 0.108307771793054 0.103055817438154 0.107336063377872
-9999 -9999 -9999 -9999 -9999 -9999 -9999 -9999 -9999 -9999 -9999 -9999 -9999 -9999 -9999 -9999 -9999 0.180521928113458 0.167361535021593 0.159152467041992 0.0822016903694611 0.0822290919602194 0.0822290919602194 0.159758689551591 0.15970561293663 0.165444739854308 0.160244683437037 0.170037818247418 0.170784764198273 0.170018189968988 0.170167532028574 0.159998223567133 0.100606066601511 0.100634512713933 0.100504537659319 0.116906659633618 0.213459535529332 0.297686937041108 0.342808570266732 0.261824369262188 0.114842615428187 0.211757310388664 0.108122186488414 0.111430881853585 0.21395577295202 0.226890890683426 0.17774472876959 0.138475446126695
-9999 -9999 -9999 -9999 -9999 -9999 -9999 -9999 -9999 -9999 -9999 -9999 -9999 -9999 -9999 -9999 -9999 0.153935751750752 0.166792456352298 0.182156407804232 0.177873470893584 0.155791581267103 0.159551322458139 0.169880508612469 0.160001450708512 0.173011452635816 0.160978830821181 0.170024359884878 0.171785694141501 0.118340920889807 0.169932376567515 0.170821653116858 0.110538267315845 0.110189059699235 0.221914986418745 0.235401610276319 0.212794698922015 0.108412613515011 0.184448769222056 0.176216193507441 0.181585346474599 0.157626718705549 0.0904595514859384 0.0989552068948781 0.0972610264584538 0.11009055976894 0.115155671779239 0.0999103958351706
-9999 -9999 -9999 -9999 -9999 -9999 -9999 -9999 -9999 -9999 -9999 -9999 -9999 -9999 -9999 -9999 -9999 -9999 -9999 0.153920170199107 0.153935751750752 0.159429408345797 0.177309122832426 0.224221837836467 0.171833315340905 0.228408581916858 0.198852406734721 0.169271434910931 0.192395482098378 0.170302405014299 0.17017431550373 0.172691843544286 0.10604950786751 0.194040617232185 0.101312725814448 0.0970921987648612 0.0972570504804359 0.101230070822486 0.103447299901543 0.102240506017396 0.113681340203954 0.0972350509185547 0.0972476478659549 0.100524284919466 0.0971484173449337 0.100157559342146 0.10059845045125 0.111104523079701
-9999 -9999 -9999 -9999 -9999 -9999 -9999 -9999 -9999 -9999 -9999 -9999 -9999 -9999 -9999 -9999 -9999 -9999 -9999 0.153935751750752 0.154088831164484 0.153935751750752 0.171088788924667 0.170166884415772 0.101212048616655 0.16779265912982 0.170167758580722 0.169639094499856 0.166042644353988 0.193715981181242 0.205074797066664 0.169179463191695 0.100676167576814 0.100945100345743 0.100221681889663 0.0973921283037217 0.110703877674986 0.10058928446223 0.109158994367222 0.127114889284999 0.112165475049043 0.128456239430097 0.100534711352682 0.100527769765994 0.194906820259016 0.174206176262326 0.15916305291321 -9999
-9999 -9999 -9999 -9999 -9999 -9999 -9999 -9999 -9999 -9999 -9999 -9999 -9999 -9999 -9999 -9999 -9999 -9999 -9999 0.163736713155975 0.154244587100367 0.163327318924319 0.164482796141543 0.100380046256765 0.10051521926295 0.100934482430664 0.101100519925093 0.168259526342092 0.100604025216367 0.100555561884209 0.100527644423517 0.169261770965661 0.105812247137708 0.100530342756479 0.107040861973875 0.100514609909219 0.194591904450993 0.157494529758546 0.161119651351366 0.17319055486599 0.162331632943696 0.157161879986241 0.134706793230813 0.16393361366549 0.18833623319452 -9999 -9999 -9999
-9999 -9999 -9999 -9999 -9999 -9999 -9999 -9999 -9999 -9999 -9999 -9999 -9999 -9999 -9999 -9999 -9999 -9999 -9999 0.194714642707006 0.1635246025055 0.159044696854704 0.163553939600195 0.163835688183072 0.222591557742151 0.100699263240554 0.101393523705036 0.100561974206965 0.100571848491475 0.100799321249161 0.100320973768264 0.100570570150909 0.100594402929062 0.100826424925244 0.100841152199789 0.100876914258821 0.158512339042929 0.0822016903694611 0.152575820303388 0.100564858011701 0.113684102410045 0.153008527046264 0.0877978230929006 0.0861447047218861 0.0821892114088844 0.0822166293303164 -9999 -9999
-9999 -9999 -9999 -9999 -9999 -9999 -9999 -9999 -9999 -9999 -9999 -9999 -9999 -9999 -9999 -9999 -9999 -9999 0.161758989280287 0.161553419783714 0.161704714115164 0.0982920371785265 0.0822016903694611 0.125303446005698 0.188393416156447 0.186519346665095 0.250868936713594 0.101433608262275 0.117090488772801 0.100712532106986 0.156859841461491 0.10115156372209 0.100645221748539 0.100910143176331 0.100956822572218 0.10089685910765 0.170132083687248 0.10116137527763 -9999 -9999 0.101511690701323 0.165861069933899 0.168417720148257 0.165042285539721 0.12519815305792 0.0837814080949607 -9999 -9999
-9999 -9999 -9999 -9999 -9999 -9999 -9999 -9999 -9999 -9999 -9999 -9999 -9999 -9999 -9999 -9999 -9999 -9999 0.100319688526416 0.165276287666046 0.154363719511827 0.143056296129794 0.0822016903694611 0.0933531565109714 0.0822016903694611 0.154887501779832 0.100880107629972 0.100935745757208 0.100321863547571 0.15932430127294 0.0822291148894081 0.0824313606183861 0.100800262251949 0.100871273399914 0.100635286620241 0.144837569351324 -9999 -9999 -9999 -9999 -9999 -9999 0.178352965352035 0.171866870373835 0.165731356629489 0.168549374627952 0.152112173571728 -9999
-9999 -9999 -9999 0.265692397068936 0.111513208247581 0.100935203529552 0.100880907246319 0.102584682356831 0.167786900771152 0.169426655600924 0.193303463989516 0.196755287698323 0.177372543678857 0.167634180697863 0.160298058451162 0.121505385700488 0.314614699444943 0.133426670959098 0.126066588933061 0.100885209242309 0.164596295219163 0.163615449637711 0.1541581176075 0.153940550684919 0.154340007108334 0.162818568105805 0.162820246856281 0.0822246895334055 -9999 -9999 -9999 -9999 0.166535540615434 0.159609430703892 -9999 -9999 -9999 -9999 -9999 -9999 -9999 -9999 0.159193157883052 0.159011571017069 0.158014112524698 0.159814047510237 0.169101493665327 0.0822246666042168
-9999 -9999 -9999 0.108651105482032 0.100694062859991 0.10083814583872 0.100937423228247 0.100927091067544 0.100881668375616 0.0893316352618801 0.100952918635531 0.176583934569324 0.082483334727726 0.101450265186987 0.082483334727726 0.137644436443443 0.17034549284205 0.177209926155871 0.10093115900894 0.11230339733125 0.197483669910527 0.168801567593009 0.168984036398775 0.166643307430571 0.169563003785657 0.168402297590585 0.127692539541813 -9999 -9999 -9999 -9999 -9999 -9999 -9999 -9999 -9999 -9999 -9999 -9999 -9999 -9999 -9999 -9999 0.0822016903694611 0.161109572051765 0.151919641210037 0.155598753922212 0.0822881294684363
-9999 -9999 -9999 -9999 0.111097786555622 0.100620243813876 0.100956672847365 0.101374053161463 0.0824788813682111 0.0923786397791823 0.117339521251559 0.0822210383556453 0.0953351301039794 0.0928646544321852 0.168743181248031 0.162652130831412 0.0824682524266686 0.0935981231241653 0.0824955969719237 0.0824407482756393 0.0824763182608161 0.165059668842731 0.181148497403405 0.0824788813682111 0.0824788813682111 0.165936561647934 0.15911189056217 0.0822166293303164 -9999 -9999 -9999 -9999 -9999 -9999 -9999 -9999 -9999 -9999 -9999 -9999 -9999 -9999 -9999 -9999 0.159593114772953 0.154400962586451 0.157281072199547 0.107382618161398
-9999 -9999 -9999 0.24179441804898 0.101322195479253 0.101443902380568 0.100700207113007 0.100700207113007 0.082221054686319 0.113185169503085 0.082193636764887 0.082193636764887 0.0882277458053553 0.0927866748526556 0.0822484693993511 0.0822484693993511 0.0942447534131596 0.0822484693993511 0.0821892114088844 0.0837890465504055 0.082193636764887 0.0887688949913497 0.0889102811164173 0.121813527128206 0.0847449127578192 0.0888320826167279 0.0822246895334055 -9999 -9999 -9999 -9999 -9999 -9999 -9999 -9999 -9999 -9999 -9999 -9999 -9999 -9999 -9999 -9999 -9999 -9999 -9999 0.16603733240122 0.161153539148857
-9999 -9999 -9999 -9999 0.12189716519192 0.100700392994076 0.082221054686319 0.082221054686319 0.20297898178856 0.135019925010234 0.0938517796865153 0.082193636764887 0.082193636764887 0.0962790367457598 0.0822554473085577 0.0979554060716308 0.198745641181339 0.0822484693993511 0.0822484693993511 0.0821892114088844 0.0821892114088844 0.0982318659995289 0.082221054686319 0.082221054686319 0.10048151880156 -9999 -9999 -9999 -9999 -9999 -9999 -9999 -9999 -9999 -9999 -9999 -9999 -9999 -9999 -9999 -9999 -9999 -9999 -9999 -9999 -9999 -9999 -9999
-9999 -9999 -9999 -9999 0.100744403309395 0.100620243813876 0.0822291148894081 0.132339478905414 0.137734703388233 0.125420572366602 0.133184962290238 0.125578800330127 0.11672731317811 0.105367389265796 0.0871913247772672 0.082221054686319 0.0822364755587607 0.0822554473085577 0.118780990300692 0.0822554473085577 0.082221054686319 0.082221054686319 0.0822166293303164 -9999 -9999 -9999 -9999 -9999 -9999 -9999 -9999 -9999 -9999 -9999 -9999 -9999 -9999 0.0822166293303164 0.163245517321673 0.164322985566633 -9999 -9999 -9999 -9999 -9999 -9999 -9999 -9999
-9999 -9999 -9999 0.168514026530554 0.100656187687844 0.160454962106596 0.164306342013894 0.18550664146756 0.164727314845453 0.25095912394669 0.22898342157051 0.18082446816396 0.0933474536034488 0.0873964779141572 0.0829997381249679 0.0947973760210293 0.0822532289759375 0.0822434499363303 0.0822554473085577 0.0822554473085577 0.082221054686319 0.082221054686319 -9999 -9999 -9999 -9999 -9999 -9999 -9999 -9999 -9999 -9999 -9999 -9999 -9999 -9999 -9999 -9999 0.171249543393655 0.163465106398535 -9999 -9999 -9999 -9999 -9999 -9999 -9999 -9999
-9999 -9999 -9999 0.188683553866202 0.159124305731016 0.154378238685314 0.100235634596064 0.137796912811309 0.100646169769509 0.180455175667896 0.10588438348112 0.082193636764887 0.0925546010190033 0.082193636764887 0.082193636764887 0.118921776027403 0.103252176278737 0.082221054686319 0.082221054686319 0.082221054686319 0.095897697625745 -9999 -9999 -9999 -9999 -9999 -9999 -9999 -9999 -9999 -9999 -9999 -9999 -9999 -9999 -9999 -9999 -9999 0.0982530742000427 0.163593092859282 -9999 -9999 -9999 -9999 -9999 -9999 -9999 -9999
-9999 -9999 0.0825311886670052 0.0898935989176935 0.0897424958087334 0.118412599347681 0.125177131651802 0.100840006502936 0.114399230681395 0.127670290360695 0.13287880228182 0.0822291148894081 0.082221054686319 0.0871200442800322 0.0822538267855525 0.0969239531510398 0.0892732588556551 0.082193636764887 0.082221054686319 0.082221054686319 -9999 -9999 -9999 -9999 -9999 -9999 -9999 -9999 -9999 -9999 -9999 -9999 -9999 -9999 -9999 -9999 -9999 -9999 0.082221054686319 0.0822166293303164 -9999 -9999 -9999 -9999 -9999 -9999 -9999 -9999
-9999 -9999 0.0896869910274648 0.0822291148894081 0.129855885801042 0.12500393512406 0.123900158522691 0.123768882590454 0.0957341625187127 0.123675089926269 0.1371402914106 0.0958315778012471 0.123621685008027 0.126494727029673 0.125845287533183 0.135908598230807 0.082221054686319 0.082193636764887 0.0821892114088844 0.0821892114088844 0.0821892114088844 -9999 -9999 -9999 -9999 -9999 -9999 -9999 -9999 -9999 -9999 -9999 -9999 -9999 -9999 -9999 -9999 -9999 -9999 -9999 -9999 -9999 -9999 -9999 -9999 -9999 -9999 -9999
