Scripts_&_data/BRT_projection_files/BRT_SCV2/B_mesomelas_2_projection.asc
NCOLS 79 
NROWS 71 
XLLCORNER -10.5 
YLLCORNER 36 
CELLSIZE 0.5 
NODATA_value -9999 
[rows 42 to 62 of 71, columns 0 to 47 of 79]
-9999 -9999 -9999 -9999 -9999 -9999 -9999 -9999 -9999 -9999 0.0480716093002121 -9999 -9999 0.0485513875898089 -9999 -9999 -9999 -9999 -9999 -9999 -9999 -9999 -9999 -9999 0.0482809840196226 0.0480334820186362 0.0443888303052385 0.0444990083106529 0.0443888303052385 0.047910973645791 0.0476989770561787 0.0709792058062692 0.102580008479576 0.100171561429586 0.0448648318794472 0.0463239732918211 0.0489640215610354 0.0477956170798359 0.0440446189357892 0.1297370192644 0.0544272274809839 0.044678264264077 0.0444919300706354 0.0554464594580653 0.05418789541326 0.0445108219683457 0.0470094813702413 0.044498306949641
-9999 -9999 -9999 -9999 -9999 -9999 -9999 -9999 -9999 -9999 -9999 -9999 -9999 -9999 -9999 -9999 -9999 -9999 -9999 -9999 -9999 -9999 0.0715379639441995 0.0481514988098825 0.047999021559967 0.0443656176034304 0.0443656176034304 0.0443656176034304 0.0443888303052385 0.0477654883116092 0.0940449886337282 0.173139227606164 0.0987079608463052 0.0443846940161003 0.0453728912291124 0.0487413598761691 0.0444726928665651 0.0446568784090495 0.0444117561691541 0.0449206420400255 0.0444726928665651 0.044453818614863 0.044678264264077 0.0446979428543216 0.0457078268867965 0.0457293124125412 0.0443846940161003 0.0446547319464758
-9999 -9999 -9999 -9999 -9999 -9999 -9999 -9999 -9999 -9999 -9999 -9999 -9999 -9999 -9999 -9999 -9999 -9999 0.0443888303052385 0.0443888303052385 0.0444727851403876 0.0727683405611878 0.0498746198040701 0.0445149689933467 0.0443888303052385 0.0444916678816583 0.0444916678816583 0.0443888303052385 0.0443656176034304 0.0443508300754128 0.0443891820512626 0.0477786758484934 0.0478634472725124 0.0444960770956364 0.0445486034551189 0.0564373780174047 0.0450133450550732 0.043526463521097 0.0451346932705137 0.0446979428543216 0.0443846940161003 0.0443846940161003 0.0443466937862746 0.0447016955530184 0.0444875208566573 0.0447243588644758 0.0499485814941035 0.0818540787597452
-9999 -9999 -9999 -9999 -9999 -9999 -9999 -9999 -9999 -9999 -9999 -9999 -9999 -9999 0.0443888303052385 -9999 -9999 -9999 0.0490042193343733 0.0482754603209883 0.0443656176034304 0.0443891820512626 0.0443888303052385 0.0443508300754128 0.0444768398915661 0.0422540956581928 0.0445987381215804 0.0443888303052385 0.0443656176034304 0.0443656176034304 0.0443888303052385 0.0479222945291491 0.0443974848827713 0.0443846940161003 0.0489418226375559 0.0580526970626918 0.044721349516768 0.0469081980888312 0.0458081517587447 0.0428292873127462 0.0553126699467701 0.0444919300706354 0.0443614813142922 0.044466574438511 0.044466574438511 0.0443614813142922 0.0443846940161003 0.0999179099639549
-9999 -9999 -9999 -9999 -9999 -9999 -9999 -9999 -9999 -9999 -9999 -9999 0.049001074940807 0.0476774031659026 0.0488580721037296 0.0443888303052385 0.0443888303052385 0.0443656176034304 0.0490798984081608 0.0489339282409788 0.0480577853043268 0.0443656176034304 0.0443656176034304 0.0443656176034304 0.0443508300754128 0.0443656176034304 0.0444727851403876 0.0443656176034304 0.0443888303052385 0.0443888303052385 0.0485933857953093 0.0481515725384173 0.0951421044882137 0.0485504854602872 0.0632254520411357 0.0454861921951231 0.044721349516768 0.0555473429646138 0.0450849278774866 0.0457549394346917 0.0443846940161003 0.0476009525842368 0.0476555913354154 0.0525001718657147 0.0771741160549119 0.0483859430647998 0.0476276826266104 0.047629679727324
-9999 -9999 -9999 -9999 -9999 -9999 -9999 -9999 -9999 -9999 -9999 -9999 -9999 -9999 0.0492512818289846 0.0443888303052385 0.0443888303052385 0.0443656176034304 0.0491353304149549 0.0443888303052385 0.0443888303052385 0.0443656176034304 0.0443656176034304 0.0443656176034304 0.0446941711841277 0.0445485136673499 0.0443888303052385 0.0443891820512626 0.0443888303052385 0.0480136580844559 0.0610582713148885 0.0472633709362969 0.0480156655484903 0.106145594757464 0.0508827628830071 0.126622058956986 0.0839512915102253 0.115241318240196 0.093572295817126 0.0472312691556002 0.047237171321638 0.154576072632841 0.117581163291518 0.157082268558856 0.163033960825171 0.150205604522809 0.157239914539825 0.157539118636545
-9999 -9999 -9999 -9999 -9999 -9999 -9999 -9999 -9999 -9999 -9999 -9999 -9999 -9999 -9999 -9999 -9999 0.0479512364617119 0.0443888303052385 0.0443656176034304 0.0443508300754128 0.0443508300754128 0.0443656176034304 0.0443656176034304 0.0443659688186756 0.0445149689933467 0.0443891820512626 0.0443891820512626 0.0498969005956975 0.0493838251092884 0.0443888303052385 0.0514784930889314 0.109610639604104 0.121032765139159 0.1271332457276 0.119183550903303 0.103395748281281 0.0471231795185081 0.0854471641400045 0.272287122009854 0.163751240852206 0.0563831352599672 0.323129718122267 0.316677136585428 0.337917089964803 0.0669793984158883 0.215346015345284 0.337184430263615
-9999 -9999 -9999 -9999 -9999 -9999 -9999 -9999 -9999 -9999 -9999 -9999 -9999 -9999 -9999 -9999 -9999 0.0479512364617119 0.0443888303052385 0.0443888303052385 0.0443888303052385 0.0443656176034304 0.0443888303052385 0.0443891820512626 0.0443888303052385 0.0443891820512626 0.0443891820512626 0.0443888303052385 0.0506169020043453 0.0962608684373801 0.0443888303052385 0.0506949395337079 0.14312347532428 0.183735004331448 0.047165227557192 0.052022812495499 0.309121657221046 0.228870684754893 0.433096197722615 0.469714687768822 0.414296700161261 0.0561805683483578 0.055772895015967 0.283938648098435 0.119488327602299 0.400569928285756 0.404997046262091 0.191466757406821
-9999 -9999 -9999 -9999 -9999 -9999 -9999 -9999 -9999 -9999 -9999 -9999 -9999 -9999 -9999 -9999 -9999 -9999 -9999 0.0443888303052385 0.0479512364617119 0.0443888303052385 0.0479516218731049 0.050693236342312 0.0496174702528068 0.0851222507787682 0.0443888303052385 0.0443888303052385 0.0660401070981447 0.0713633429031056 0.0479604760706348 0.0499037640833769 0.196291835014406 0.168464249227846 0.143845095687278 0.235779460080588 0.214846212899216 0.273051148586638 0.262291564866804 0.242118162579037 0.449490718043213 0.205977413273395 0.17413094992133 0.0538824527280972 0.170296948806788 0.24219004805142 0.143835422337306 0.193973993659665
-9999 -9999 -9999 -9999 -9999 -9999 -9999 -9999 -9999 -9999 -9999 -9999 -9999 -9999 -9999 -9999 -9999 -9999 -9999 0.0443880047736098 0.0443888303052385 0.0491398594215808 0.0507587876021015 0.0495945352823577 0.166772211136183 0.0626651369429928 0.0528755806918985 0.0443888303052385 0.0673941619554703 0.0443888303052385 0.0444960770956364 0.0568632835540777 0.117315644006807 0.191160907996303 0.269136000382143 0.186853673822102 0.311684485351831 0.153201318675225 0.0523559118132947 0.0544203060520095 0.144206421429951 0.123005578525906 0.180164952072266 0.115081386571768 0.0568639079689653 0.0541730325276862 0.0563029430381865 -9999
-9999 -9999 -9999 -9999 -9999 -9999 -9999 -9999 -9999 -9999 -9999 -9999 -9999 -9999 -9999 -9999 -9999 -9999 -9999 0.0516796272970332 0.0483132473409715 0.0443888303052385 0.0529595759047164 0.0951003066986979 0.148187976767115 0.135818159699223 0.134980084032425 0.0444017864087101 0.0446490686190446 0.0455471086911728 0.0932698860922153 0.0510591039797117 0.150827240252154 0.136135750893979 0.0513748267980376 0.131521948393199 0.0447731367448177 0.0447344792122811 0.0441861296729291 0.0441861296729291 0.0445149689933467 0.0446797314700557 0.0447110463373758 0.044571558082443 0.0446797314700557 -9999 -9999 -9999
-9999 -9999 -9999 -9999 -9999 -9999 -9999 -9999 -9999 -9999 -9999 -9999 -9999 -9999 -9999 -9999 -9999 -9999 -9999 0.0514709106886339 0.0462571358527235 0.0443656176034304 0.0443891820512626 0.0473341442336256 0.0745436648194691 0.0978819178822938 0.113195601708365 0.107238727235298 0.118288293258865 0.170251192235852 0.0965562203298229 0.151393917662348 0.188826422835685 0.214971173218135 0.0544380380909417 0.0445803174445174 0.0465475421685042 0.0443656176034304 0.0568509396027608 0.129387474138731 0.10442327695795 0.0445149689933467 0.0447110463373758 0.0465293663787619 0.0464359338823336 0.0465291002735073 -9999 -9999
-9999 -9999 -9999 -9999 -9999 -9999 -9999 -9999 -9999 -9999 -9999 -9999 -9999 -9999 -9999 -9999 -9999 -9999 0.0496334456898513 0.0824138891125792 0.0482736113324326 0.0463993185398299 0.0445003673751047 0.0443656176034304 0.0443891820512626 0.0443888303052385 0.0480284428198148 0.102130531243151 0.0730005636743091 0.14251381678662 0.0463153394233983 0.04452103076304 0.0883373607474372 0.136492598547177 0.236190491405806 0.173360437585978 0.0558395219067634 0.0627182487045908 -9999 -9999 0.0536421844940938 0.0701292113908938 0.0604431210388068 0.059572420008923 0.0444916678816583 0.0466395394111754 -9999 -9999
-9999 -9999 -9999 -9999 -9999 -9999 -9999 -9999 -9999 -9999 -9999 -9999 -9999 -9999 -9999 -9999 -9999 -9999 0.0572428839139895 0.0536239561074549 0.0772072848944819 0.0463662841321243 0.046304471109277 0.0463242093933929 0.0449514613611854 0.0499282157192435 0.104735258047735 0.102040595150035 0.142576680752265 0.0467040592018687 0.0462506479468772 0.046336889441047 0.0448967500290207 0.133341119455946 0.178837912648483 0.0463803323155977 -9999 -9999 -9999 -9999 -9999 -9999 0.0566414426466112 0.0446746394047151 0.0518439817347725 0.0444686381153866 0.0447731367448177 -9999
-9999 -9999 -9999 0.0595810333367359 0.157058136583779 0.126670878950563 0.148759537436094 0.0689019735050635 0.24332250825709 0.159804844529868 0.268503032867347 0.201129507031821 0.146139969539618 0.156768837294106 0.130217057230071 0.133194271262867 0.0649479667074459 0.0610036987186292 0.119237462144544 0.127759452102465 0.0845172612604999 0.0522017460444099 0.0443888303052385 0.0445236535304897 0.0445236535304897 0.0521833655850082 0.0446648929836976 0.0467340793708906 -9999 -9999 -9999 -9999 0.0437503960371681 0.0618917494319082 -9999 -9999 -9999 -9999 -9999 -9999 -9999 -9999 0.0464020335657764 0.0464020335657764 0.0445149689933467 0.0447344792122811 0.0444960770956364 0.0444768398915661
-9999 -9999 -9999 0.13621931267476 0.120598497044933 0.107706750420584 0.116645742087293 0.132553036527395 0.17402638692512 0.046882414218696 0.0470964167491473 0.120801814054025 0.0466905174277873 0.0466861902057563 0.0466745409159723 0.0463995464064115 0.0995466044589993 0.0464240638486383 0.136679570533091 0.239736148885349 0.191680779843804 0.178321104530882 0.144051737898759 0.21084275462621 0.128233361208291 0.163736222866798 0.0512349118795595 -9999 -9999 -9999 -9999 -9999 -9999 -9999 -9999 -9999 -9999 -9999 -9999 -9999 -9999 -9999 -9999 0.0463452005272201 0.0464488099790578 0.0465810938711439 0.0444916678816583 0.0555952570424991
-9999 -9999 -9999 -9999 0.138984475171543 0.113548802413545 0.165405598439811 0.161958196640335 0.0474473288104448 0.0443508300754128 0.044351181290658 0.0443508300754128 0.044351181290658 0.0443508300754128 0.0446831249704066 0.044627747132133 0.0463837656900383 0.0463895596142253 0.0481311012910797 0.0467387953217408 0.0466400280411175 0.0466352736807824 0.0467621416999379 0.0471261890277044 0.0495726200304488 0.0484841981374127 0.0468859584648646 0.0488328613918802 -9999 -9999 -9999 -9999 -9999 -9999 -9999 -9999 -9999 -9999 -9999 -9999 -9999 -9999 -9999 -9999 0.0589545149754946 0.0596083711739954 0.0467942107135381 0.0454859847106403
-9999 -9999 -9999 0.061666315147567 0.17122291808899 0.193175023279991 0.0466186058680664 0.0790482290749791 0.0444276344136664 0.0443508300754128 0.044351181290658 0.0443508300754128 0.044351181290658 0.044351181290658 0.0444276344136664 0.0444974965342549 0.044351181290658 0.044351181290658 0.0460454938451468 0.0460188392667657 0.0462833934683219 0.0463170799596897 0.0463895596142253 0.044936425468505 0.0464870134138922 0.0436643964113339 0.0454429964282938 -9999 -9999 -9999 -9999 -9999 -9999 -9999 -9999 -9999 -9999 -9999 -9999 -9999 -9999 -9999 -9999 -9999 -9999 -9999 0.0608418370936542 0.118986955943928
-9999 -9999 -9999 -9999 0.114613647073669 0.131963412815815 0.0444726137705209 0.0444590857162357 0.044351181290658 0.044351181290658 0.044351181290658 0.0443508300754128 0.044351181290658 0.044351181290658 0.0444590857162357 0.0444276344136664 0.0444276344136664 0.0444276344136664 0.044351181290658 0.0446099047907359 0.0459299580817464 0.046207556844367 0.0453918710080929 0.0455013673689895 0.0475847606621325 -9999 -9999 -9999 -9999 -9999 -9999 -9999 -9999 -9999 -9999 -9999 -9999 -9999 -9999 -9999 -9999 -9999 -9999 -9999 -9999 -9999 -9999 -9999
-9999 -9999 -9999 -9999 0.0543946138880931 0.134584487289304 0.0455252883120056 0.0443825238576031 0.044351181290658 0.0443508300754128 0.044351181290658 0.0443508300754128 0.0443508300754128 0.0443821726423578 0.0444051451010742 0.044351181290658 0.0472317404348443 0.0444276344136664 0.044351181290658 0.0444276344136664 0.0444276344136664 0.0453918710080929 0.0468916387651503 -9999 -9999 -9999 -9999 -9999 -9999 -9999 -9999 -9999 -9999 -9999 -9999 -9999 -9999 0.0464081126102996 0.0462775409775434 0.0530087725042741 -9999 -9999 -9999 -9999 -9999 -9999 -9999 -9999
-9999 -9999 -9999 0.0473597915273403 0.0575834877110183 0.123706708349566 0.0872190945647391 0.118213421607954 0.134473768031141 0.118823739440301 0.1294709480215 0.0733002258941249 0.0456715376307947 0.04573632101499 0.0456715376307947 0.044351181290658 0.044351181290658 0.0468643705753916 0.044351181290658 0.0447910341143279 0.0443914771651876 0.0456758825595869 -9999 -9999 -9999 -9999 -9999 -9999 -9999 -9999 -9999 -9999 -9999 -9999 -9999 -9999 -9999 -9999 0.0464277836065431 0.0462703741590932 -9999 -9999 -9999 -9999 -9999 -9999 -9999 -9999
