Scripts_&_data/BRT_projection_files/BRT_SCV2/B_mendax_2_projection.asc
NCOLS 79 
NROWS 71 
XLLCORNER -10.5 
YLLCORNER 36 
CELLSIZE 0.5 
NODATA_value -9999 
[rows 42 to 62 of 71, columns 0 to 47 of 79]
-9999 -9999 -9999 -9999 -9999 -9999 -9999 -9999 -9999 -9999 0.0231625070610181 -9999 -9999 0.0362371252818644 -9999 -9999 -9999 -9999 -9999 -9999 -9999 -9999 -9999 -9999 0.0232392217357975 0.02324390944819 0.021300141917312 0.0211432625836434 0.0212495985208816 0.0231679183322726 0.0226656768242627 0.0276245515560824 0.0504564852113577 0.0363352364630523 0.0233085363016457 0.0211554939832393 0.0216691550215277 0.0211541607205013 0.0211424983148291 0.0278039184041038 0.0229188085966947 0.021143619590283 0.0211432625836434 0.0234275327967873 0.0275643661142325 0.0211514917669141 0.0213371928291581 0.0211514917669141
-9999 -9999 -9999 -9999 -9999 -9999 -9999 -9999 -9999 -9999 -9999 -9999 -9999 -9999 -9999 -9999 -9999 -9999 -9999 -9999 -9999 -9999 0.0276571866274568 0.0232392217357975 0.0231235936304573 0.0211433676395056 0.0211433676395056 0.0211432625836434 0.0211433676395056 0.0231701792383096 0.0325618422968746 0.039427839030554 0.0349755986111007 0.0212497044566822 0.0210312253107688 0.021155530946988 0.0211432625836434 0.0211554939832393 0.0213948290822632 0.0222260940409499 0.0211432625836434 0.0211432625836434 0.021143619590283 0.0212537521241097 0.0213043046603174 0.021143619590283 0.0212642871941561 0.021143619590283
-9999 -9999 -9999 -9999 -9999 -9999 -9999 -9999 -9999 -9999 -9999 -9999 -9999 -9999 -9999 -9999 -9999 -9999 0.0213002482859442 0.0212497044566822 0.0211432625836434 0.0277102032421735 0.0231701792383096 0.0212495985208816 0.0211433676395056 0.0211432625836434 0.0211432625836434 0.0211433676395056 0.0211432625836434 0.0211433676395056 0.0212497044566822 0.0231701792383096 0.0231235936304573 0.0211432625836434 0.0213039448509416 0.0232542359840731 0.0304476195597085 0.0211541607205013 0.0212526234429368 0.021143619590283 0.0212495985208816 0.0211433676395056 0.0211432625836434 0.021143619590283 0.0211432625836434 0.021143619590283 0.0268498707853086 0.0359914229165865
-9999 -9999 -9999 -9999 -9999 -9999 -9999 -9999 -9999 -9999 -9999 -9999 -9999 -9999 0.0212497044566822 -9999 -9999 -9999 0.02324390944819 0.02324390944819 0.0211433676395056 0.0213002482859442 0.0211433676395056 0.0211432625836434 0.0211432625836434 0.0211424983148291 0.0211424983148291 0.0211433676395056 0.0211433676395056 0.0211433676395056 0.0212495985208816 0.0232561805530364 0.021300141917312 0.0211432625836434 0.0231679183322726 0.0234660937573454 0.021143619590283 0.0281844396755359 0.0213131703281255 0.0211424983148291 0.0235710059920999 0.021300141917312 0.0211432625836434 0.0211432625836434 0.0211432625836434 0.0211432625836434 0.0212495985208816 0.0336577297366985
-9999 -9999 -9999 -9999 -9999 -9999 -9999 -9999 -9999 -9999 -9999 -9999 0.0232542251997471 0.0255628207489031 0.02324390944819 0.0213002482859442 0.0212497044566822 0.0211433676395056 0.0232542251997471 0.02324390944819 0.0231701792383096 0.0211433676395056 0.0211433676395056 0.0211433676395056 0.0211433676395056 0.0211433676395056 0.0211432625836434 0.0211432625836434 0.0211433676395056 0.0211432625836434 0.022749050499887 0.0231720762505071 0.0278677474977272 0.0232392217357975 0.0569689247420152 0.0295127533242703 0.0212537521241097 0.0926316459188809 0.023416953541093 0.0212537521241097 0.0212495985208816 0.0226656768242627 0.0226656768242627 0.0226700166963704 0.0275856917355598 0.0231701792383096 0.0232442622927162 0.0232489514181423
-9999 -9999 -9999 -9999 -9999 -9999 -9999 -9999 -9999 -9999 -9999 -9999 -9999 -9999 0.0232449844063127 0.0212497044566822 0.0212497044566822 0.0211433676395056 0.0231701792383096 0.0212497044566822 0.0211433676395056 0.0211433676395056 0.0211433676395056 0.0211432625836434 0.021143619590283 0.0211432625836434 0.0211433676395056 0.0211433676395056 0.0211432625836434 0.0227471841265715 0.0232662850816765 0.022665790278512 0.0231701792383096 0.0338994739483365 0.108485168804684 0.0325016429944962 0.057917549018725 0.0558956137573702 0.0269727613584625 0.0226607024760748 0.0254806758474664 0.194562690376604 0.18808084247164 0.236771388127798 0.134352206714344 0.134140838348588 0.319594243948813 0.568876955095681
-9999 -9999 -9999 -9999 -9999 -9999 -9999 -9999 -9999 -9999 -9999 -9999 -9999 -9999 -9999 -9999 -9999 0.022665790278512 0.0213002482859442 0.0211433676395056 0.0211433676395056 0.0211432625836434 0.0211433676395056 0.0211433676395056 0.0211450880897073 0.0211432625836434 0.0212497044566822 0.0212514393169422 0.0233339377935557 0.0233426224172237 0.021300141917312 0.0226702024848306 0.0337948816407391 0.0706691702585616 0.103156535170625 0.0852869183172737 0.0851771516393846 0.027693305128777 0.100863684154288 0.349212022150777 0.518746389013348 0.105920673297785 0.161475858290835 0.553900524533945 0.622122380465514 0.502640424098539 0.538345202914454 0.688769543817773
-9999 -9999 -9999 -9999 -9999 -9999 -9999 -9999 -9999 -9999 -9999 -9999 -9999 -9999 -9999 -9999 -9999 0.022665790278512 0.0213002482859442 0.0213002482859442 0.0211433676395056 0.0211433676395056 0.0211433676395056 0.0211433676395056 0.0213002482859442 0.0211433676395056 0.0211433676395056 0.0211433676395056 0.0231701792383096 0.0281592393755142 0.0212497044566822 0.0232568378251365 0.105116067537647 0.126104086450479 0.0259292718247894 0.0344504923074269 0.543934887406806 0.689666769743495 0.588902982327386 0.710212283096239 0.619938248470429 0.0748727097971412 0.0722344569555223 0.2778072664007 0.115995460083892 0.171290950170947 0.740911320275657 0.620397716424323
-9999 -9999 -9999 -9999 -9999 -9999 -9999 -9999 -9999 -9999 -9999 -9999 -9999 -9999 -9999 -9999 -9999 -9999 -9999 0.0212497044566822 0.022665790278512 0.021329907909521 0.022665790278512 0.02324390944819 0.0232542251997471 0.0306782175138546 0.0212497044566822 0.0211433676395056 0.0255317015018708 0.0275943836574475 0.022665790278512 0.0370906703459397 0.123850926610895 0.106140567966288 0.254460393531556 0.18834158350339 0.266537188623014 0.742547207522079 0.285971921463254 0.640366259789544 0.738090535735528 0.246026705355557 0.215723244646628 0.036657253555442 0.195955925777748 0.148295625493612 0.0876829933592206 0.117809958770625
-9999 -9999 -9999 -9999 -9999 -9999 -9999 -9999 -9999 -9999 -9999 -9999 -9999 -9999 -9999 -9999 -9999 -9999 -9999 0.0213002482859442 0.0213002482859442 0.0231701792383096 0.0232542251997471 0.0232618803362367 0.0954361088415658 0.058100838333675 0.0298005271572166 0.0211433676395056 0.0383542351047672 0.0212497044566822 0.0212495985208816 0.0232574510124836 0.0709100101445377 0.0900287857387631 0.30432794980572 0.276010384984488 0.0945929871509526 0.103778539079397 0.0964372164092547 0.0925097415297417 0.0901111062014048 0.114017774666975 0.0468709646079856 0.0633107401061083 0.0337958177286486 0.0233015196896099 0.0233015196896099 -9999
-9999 -9999 -9999 -9999 -9999 -9999 -9999 -9999 -9999 -9999 -9999 -9999 -9999 -9999 -9999 -9999 -9999 -9999 -9999 0.023167802494778 0.022665790278512 0.021329907909521 0.0231878622622599 0.0295561344807947 0.102618071050499 0.0786996033980742 0.137954728186185 0.0211433676395056 0.0239374343584713 0.0251015317082933 0.0276704960654112 0.0232567216138609 0.0961138179887998 0.115861130139509 0.0690157420448733 0.093452089991983 0.021143619590283 0.0212537521241097 0.0213031734255938 0.0211424983148291 0.0213039448509416 0.0212526234429368 0.021143619590283 0.0211424983148291 0.0211424983148291 -9999 -9999 -9999
-9999 -9999 -9999 -9999 -9999 -9999 -9999 -9999 -9999 -9999 -9999 -9999 -9999 -9999 -9999 -9999 -9999 -9999 -9999 0.0322563149561364 0.0212497044566822 0.0211433676395056 0.0211433676395056 0.0212514393169422 0.0287990753260184 0.0354912558112749 0.067529281887281 0.0519947545105974 0.0764923063139253 0.149577535352886 0.0337796927157163 0.0344100853767126 0.0408118802414833 0.0294644351188695 0.0663360277289403 0.0241197412238418 0.0211432625836434 0.0211432625836434 0.0232073243687454 0.0276883946875689 0.0327791334020529 0.021300141917312 0.021143619590283 0.0211424983148291 0.0211432625836434 0.021143619590283 -9999 -9999
-9999 -9999 -9999 -9999 -9999 -9999 -9999 -9999 -9999 -9999 -9999 -9999 -9999 -9999 -9999 -9999 -9999 -9999 0.0271571473459257 0.029299539635911 0.0294738930379337 0.0211450880897073 0.0211433676395056 0.0211433676395056 0.0211433676395056 0.0213002482859442 0.0232346774199735 0.046704116900071 0.128665498564621 0.0908286740257463 0.023314345494147 0.0233466073037914 0.0331554229963475 0.0485286048383324 0.151015441180411 0.144781382042873 0.0276822790936845 0.0289137809647766 -9999 -9999 0.0990002479727156 0.0347016261901074 0.0235857078323972 0.0233772810421654 0.0211432625836434 0.0211554939832393 -9999 -9999
-9999 -9999 -9999 -9999 -9999 -9999 -9999 -9999 -9999 -9999 -9999 -9999 -9999 -9999 -9999 -9999 -9999 -9999 0.0272757370054252 0.0232561274080907 0.0282498446135831 0.0211433676395056 0.0211433676395056 0.0211432625836434 0.0211433676395056 0.0232392217357975 0.0496967317260554 0.048660849494931 0.0905550547511106 0.021143619590283 0.0211432625836434 0.0232358648989134 0.0233567659175026 0.0315274672960206 0.0315865665502946 0.0308067069808105 -9999 -9999 -9999 -9999 -9999 -9999 0.0232073243687454 0.0213031734255938 0.0296632539323973 0.0211432625836434 0.021143619590283 -9999
-9999 -9999 -9999 0.0342150216198355 0.043962961461695 0.0460695533205662 0.02857379507487 0.0324221991371982 0.0636188675682527 0.0767291924959108 0.116393038830836 0.12918079445376 0.05678302362502 0.0972694606364786 0.0622206328580821 0.0619890295633963 0.039089316620756 0.0407612588368439 0.0626365076383564 0.0673491916111343 0.0459677311372758 0.0232437935776144 0.0213002482859442 0.0211433676395056 0.0211433676395056 0.0231700634008149 0.0212495985208816 0.0211424983148291 -9999 -9999 -9999 -9999 0.0229332402909766 0.0269677543311694 -9999 -9999 -9999 -9999 -9999 -9999 -9999 -9999 0.0211432625836434 0.0211432625836434 0.0211432625836434 0.021143619590283 0.0212495985208816 0.0211432625836434
-9999 -9999 -9999 0.0562548850297716 0.0491151100348624 0.0439432493303421 0.0303372432698542 0.0273827584440373 0.0286476824446764 0.0233059993264311 0.0235783551442763 0.0273926642207056 0.0211433676395056 0.0211433676395056 0.0211433676395056 0.0211433676395056 0.0269623002808894 0.0212497044566822 0.0343618647668292 0.148347506511144 0.214296452645124 0.260921379328012 0.115704657582301 0.050338022896633 0.0874114512218885 0.05005507807209 0.0216703036271127 -9999 -9999 -9999 -9999 -9999 -9999 -9999 -9999 -9999 -9999 -9999 -9999 -9999 -9999 -9999 -9999 0.0211432625836434 0.0212514393169422 0.0212533928698617 0.0211432625836434 0.0301838579660957
-9999 -9999 -9999 -9999 0.194155062498961 0.0448161955948159 0.0637957449266343 0.0551736891149437 0.0233272618004944 0.0211433676395056 0.0211433676395056 0.0211433676395056 0.0211433676395056 0.0211433676395056 0.02115153663324 0.0211460236191729 0.0211433676395056 0.0211433676395056 0.0211433676395056 0.0211488806535727 0.0211433676395056 0.0230641646360832 0.0211488806535727 0.0208930871501914 0.0233884612745273 0.0280267509276352 0.027557175399821 0.0246618619310419 -9999 -9999 -9999 -9999 -9999 -9999 -9999 -9999 -9999 -9999 -9999 -9999 -9999 -9999 -9999 -9999 0.0232081631221832 0.0232776331172229 0.0212537521241097 0.0247245505659602
-9999 -9999 -9999 0.0359534913743418 0.12459740702758 0.119044943275221 0.0235494265604623 0.02630447573639 0.0211612868803411 0.0211433676395056 0.0211433676395056 0.0211433676395056 0.0211433676395056 0.0211433676395056 0.0211488806535727 0.0211612868803411 0.0211433676395056 0.0211433676395056 0.021143619590283 0.021143619590283 0.0211433676395056 0.0211433676395056 0.0211433676395056 0.0211433676395056 0.0232643551449615 0.0208748551183448 0.0227324333296814 -9999 -9999 -9999 -9999 -9999 -9999 -9999 -9999 -9999 -9999 -9999 -9999 -9999 -9999 -9999 -9999 -9999 -9999 -9999 0.0232108294514023 0.0326038323619916
-9999 -9999 -9999 -9999 0.047943336993377 0.0329566461208543 0.0211460236191729 0.0211498161830384 0.0211433676395056 0.0211433676395056 0.0211433676395056 0.0211433676395056 0.0211433676395056 0.0211433676395056 0.0211498161830384 0.0211488806535727 0.0211488806535727 0.0211488806535727 0.0211433676395056 0.0211450880897073 0.021144323820893 0.0211488806535727 0.0211433676395056 0.0211432625836434 0.0236559135316346 -9999 -9999 -9999 -9999 -9999 -9999 -9999 -9999 -9999 -9999 -9999 -9999 -9999 -9999 -9999 -9999 -9999 -9999 -9999 -9999 -9999 -9999 -9999
-9999 -9999 -9999 -9999 0.0919363596745575 0.0279621746640491 0.0211443031689713 0.0211433676395056 0.0211433676395056 0.0211433676395056 0.0211433676395056 0.0211433676395056 0.0211433676395056 0.0211433676395056 0.0211433676395056 0.0211433676395056 0.0245319657526083 0.0211488806535727 0.0211433676395056 0.0211488806535727 0.0211488806535727 0.0211433676395056 0.021143619590283 -9999 -9999 -9999 -9999 -9999 -9999 -9999 -9999 -9999 -9999 -9999 -9999 -9999 -9999 0.0211450880897073 0.0211433676395056 0.0227033203670136 -9999 -9999 -9999 -9999 -9999 -9999 -9999 -9999
-9999 -9999 -9999 0.0238480050964485 0.0262207483621765 0.0521986550363499 0.0288089175417581 0.0382666337953794 0.0668754724899241 0.0643749689311806 0.0480123618275218 0.027068602373368 0.0211433676395056 0.021143619590283 0.0211433676395056 0.0211433676395056 0.0211433676395056 0.0239833301431388 0.0211433676395056 0.02115153663324 0.0211460236191729 0.0211432625836434 -9999 -9999 -9999 -9999 -9999 -9999 -9999 -9999 -9999 -9999 -9999 -9999 -9999 -9999 -9999 -9999 0.0212991928186294 0.021329907909521 -9999 -9999 -9999 -9999 -9999 -9999 -9999 -9999
