Scripts_&_data/BRT_projection_files/BRT_SCV2/B_mesomelas_1_projection.asc
NCOLS 79 
NROWS 71 
XLLCORNER -10.5 
YLLCORNER 36 
CELLSIZE 0.5 
NODATA_value -9999 
[rows 42 to 62 of 71, columns 0 to 47 of 79]
-9999 -9999 -9999 -9999 -9999 -9999 -9999 -9999 -9999 -9999 0.103491289943318 -9999 -9999 0.105650457328942 -9999 -9999 -9999 -9999 -9999 -9999 -9999 -9999 -9999 -9999 0.10617316142653 0.0942930145483941 0.0930939316104769 0.0962375884805583 0.0922965192821804 0.10475827636501 0.11231088855588 0.127878599750043 0.209437709582379 0.132711852624351 0.129623952521316 0.0961538837727067 0.096020399014588 0.0957590259715159 0.0956966531215296 0.197227435423672 0.150162941119696 0.130481913973395 0.124974573389558 0.170269373773312 0.200516237410238 0.137609676946355 0.250822933622899 0.12517256640797
-9999 -9999 -9999 -9999 -9999 -9999 -9999 -9999 -9999 -9999 -9999 -9999 -9999 -9999 -9999 -9999 -9999 -9999 -9999 -9999 -9999 -9999 0.124658614932131 0.0950837859404554 0.0850152390867105 0.0920439641077508 0.0887755161045202 0.0925814686524589 0.0857831179276776 0.0880859878634012 0.129382598529229 0.0928775005522915 0.244367609776718 0.0886577321071831 0.21777567854682 0.0950913018013647 0.0923498098253996 0.0964861850937956 0.108565478796195 0.0866738744008226 0.126465370167218 0.113153123553765 0.113589067280188 0.133009375507152 0.135199182444137 0.117664083755297 0.108094301090133 0.145797942277442
-9999 -9999 -9999 -9999 -9999 -9999 -9999 -9999 -9999 -9999 -9999 -9999 -9999 -9999 -9999 -9999 -9999 -9999 0.0812716874672115 0.0787623430578763 0.0865843803803922 0.114122236618394 0.092356493637747 0.0925399391356372 0.08354686842268 0.0908724916431476 0.0893030575839505 0.0860136038250806 0.0871628975393343 0.0877368277812249 0.0861788294745841 0.100346421401131 0.0889462469762763 0.142903319438585 0.111697438254996 0.112169583958794 0.0775930161010031 0.0936192722907574 0.0964125031848425 0.099781336641352 0.130145889977973 0.119278738550828 0.11263367960159 0.130560384259184 0.12140801104699 0.131622096403687 0.151070147162226 0.281703662876052
-9999 -9999 -9999 -9999 -9999 -9999 -9999 -9999 -9999 -9999 -9999 -9999 -9999 -9999 0.0796058795595287 -9999 -9999 -9999 0.086859983475362 0.0908599549171058 0.0828957781861168 0.0851768740988598 0.0894765188378131 0.0861537918261803 0.0903630458497625 0.0464102471732273 0.0869754826891725 0.0810062315743287 0.0831496962952885 0.0863963476784651 0.0991239838867388 0.110919111594401 0.128540914191932 0.0959409760075836 0.0918605795468497 0.119875534918346 0.100406361460265 0.111973646476458 0.111752525971386 0.0542552176357518 0.177199677443064 0.148710309013416 0.110231684328195 0.114354142729046 0.11375186975578 0.119417956122675 0.119593848021607 0.14966665680032
-9999 -9999 -9999 -9999 -9999 -9999 -9999 -9999 -9999 -9999 -9999 -9999 0.0931181755056027 0.0887395786739414 0.0833966999876287 0.0818284817101515 0.0812562597391112 0.0870672630839333 0.0885755775690917 0.10429977760267 0.0889656319863496 0.0843300343415202 0.0827874127872627 0.0855195924796464 0.0800031140624554 0.0819005166323704 0.083492662529178 0.0805440530802801 0.0820296712112382 0.0825050744569287 0.112529758972586 0.113094876788888 0.135033579338688 0.103418717811557 0.126704319919236 0.0872760715731607 0.10016369964381 0.477801109885395 0.167718929817921 0.129585461337327 0.118209172746746 0.126219503552531 0.117928035698303 0.0954000182760749 0.195389286334557 0.121376962258051 0.120029610080814 0.121566332377266
-9999 -9999 -9999 -9999 -9999 -9999 -9999 -9999 -9999 -9999 -9999 -9999 -9999 -9999 0.10083273940502 0.0836341339460596 0.0777518321685011 0.0777891229711892 0.0822681094393679 0.079402867436599 0.0777393817450243 0.083130850711028 0.0788508604745261 0.0818407303653097 0.0871945731894198 0.0844639383126322 0.0793725841431552 0.0829598599983972 0.0821533064243612 0.0951438072712153 0.113049747674924 0.0916904927298025 0.0946213814301302 0.191265578499218 0.15319648628417 0.241918936925298 0.301392742555341 0.165344873438315 0.105686785877136 0.0940963579477732 0.113069696591663 0.135730420627068 0.151652471293711 0.177413551198555 0.456575522357987 0.304127653106179 0.586669576789638 0.575224942420014
-9999 -9999 -9999 -9999 -9999 -9999 -9999 -9999 -9999 -9999 -9999 -9999 -9999 -9999 -9999 -9999 -9999 0.0851098755538731 0.085070602295397 0.0833552480453215 0.0834575227310823 0.0831181325478777 0.0864140969806532 0.0795066954177465 0.0842760891271872 0.0828421604772956 0.0814936243440807 0.0895643949809522 0.111662505484926 0.113460480482852 0.0961025981955404 0.0999478433017015 0.138285319316298 0.268788257572152 0.360455904541167 0.142507737618345 0.115400583642798 0.141521801041429 0.16017563355941 0.153475808150749 0.315819932000695 0.561855565725873 0.71870055717294 0.667705966425438 0.602912878163007 0.581625546282198 0.665670006450727 0.698176691369683
-9999 -9999 -9999 -9999 -9999 -9999 -9999 -9999 -9999 -9999 -9999 -9999 -9999 -9999 -9999 -9999 -9999 0.0903470158007776 0.0901821681494135 0.0806139471851747 0.0794015238078957 0.0817751565402512 0.0796036226811513 0.0785327123175483 0.0811872858609943 0.079829147961574 0.0800416741844497 0.0825483127102804 0.0925359251622519 0.12581116831418 0.0914310480583409 0.09107665609317 0.261210771627718 0.584030570612063 0.166781658523885 0.247081849867981 0.241263051800335 0.650839531165793 0.560258136543209 0.564564247720132 0.54860406591176 0.55619947582295 0.490787904719752 0.651560520814567 0.638402202475322 0.693867540551952 0.702956590969591 0.700822278543098
-9999 -9999 -9999 -9999 -9999 -9999 -9999 -9999 -9999 -9999 -9999 -9999 -9999 -9999 -9999 -9999 -9999 -9999 -9999 0.0884484215637181 0.0951408220732278 0.0858641294777158 0.0808984054823401 0.0894241486323341 0.0959429102805287 0.108701367132774 0.0880211486553117 0.0873821132624165 0.107742192277602 0.128673701761255 0.0995876733821277 0.0939903447570611 0.509530596337215 0.181553896356602 0.549789492267075 0.584960609803763 0.673895621517864 0.688504314249886 0.613916813053638 0.607674978924564 0.652299845399807 0.694445325420188 0.704109528725667 0.607866697777822 0.691956819465941 0.638987996573267 0.243060643126523 0.218247854728982
-9999 -9999 -9999 -9999 -9999 -9999 -9999 -9999 -9999 -9999 -9999 -9999 -9999 -9999 -9999 -9999 -9999 -9999 -9999 0.0889590582584492 0.0902034677751978 0.0971663570535808 0.0901804078231611 0.098722777392989 0.350001333771058 0.117966941896754 0.162043314055827 0.0950702439564574 0.121241373619336 0.0882021827857825 0.12714688254441 0.109456348761831 0.256379234233711 0.497678926274238 0.700952600155475 0.637145550093326 0.485736112416155 0.295066702330116 0.0611586562390731 0.0459396500593723 0.22557985742597 0.348408657862411 0.553665824590693 0.36199080840005 0.127561317458756 0.0441058756762057 0.0439267791814546 -9999
-9999 -9999 -9999 -9999 -9999 -9999 -9999 -9999 -9999 -9999 -9999 -9999 -9999 -9999 -9999 -9999 -9999 -9999 -9999 0.0981140405304731 0.088178380949049 0.0989490932254626 0.0939875124033018 0.0925344646447577 0.208330522129771 0.378952004903409 0.229307453249042 0.0861722066966324 0.155160087145541 0.261650928312758 0.109837073447568 0.103394324921325 0.34046832295365 0.681318349511601 0.492804089517315 0.566582087125905 0.0853706110317938 0.0579335198124266 0.0441702453726601 0.0443335461481159 0.044311636956621 0.0448298767005548 0.046331307624394 0.0445513238436482 0.0445850448274863 -9999 -9999 -9999
-9999 -9999 -9999 -9999 -9999 -9999 -9999 -9999 -9999 -9999 -9999 -9999 -9999 -9999 -9999 -9999 -9999 -9999 -9999 0.0627039012988033 0.0918112950166714 0.0813161310432008 0.0831810297832934 0.0865851550720072 0.121606387488683 0.123216219749613 0.146693685563305 0.156719348992354 0.237485280892267 0.35881596333838 0.12797697923461 0.431276349520721 0.655115875399173 0.666795338157326 0.467468598814338 0.170151035842355 0.0627143272231472 0.0851249279894187 0.0628193458609532 0.252687168989379 0.113144011070789 0.111373938881765 0.056503043389117 0.0463205633276737 0.0463360783928093 0.0459596741657279 -9999 -9999
-9999 -9999 -9999 -9999 -9999 -9999 -9999 -9999 -9999 -9999 -9999 -9999 -9999 -9999 -9999 -9999 -9999 -9999 0.0449946706356639 0.124427949725671 0.10263037218534 0.0834353078977029 0.0785267024295478 0.0777785427145769 0.0879605730143959 0.0876741492344925 0.0925525513431769 0.172772670247257 0.346946671928048 0.169764786314316 0.103941044704047 0.241519215908562 0.372019519493422 0.600495389215601 0.666834336544005 0.437585949727125 0.104114698977689 0.156292928162361 -9999 -9999 0.0436269766575996 0.161277959970887 0.112401002253446 0.121336634467671 0.0924223565873515 0.0463205633276737 -9999 -9999
-9999 -9999 -9999 -9999 -9999 -9999 -9999 -9999 -9999 -9999 -9999 -9999 -9999 -9999 -9999 -9999 -9999 -9999 0.0905499738037289 0.107264668997954 0.112203480234446 0.0787312276790902 0.0797210208886568 0.0882888081282541 0.0797837954817 0.0940533738817108 0.141751996302844 0.131721805908173 0.158062828547562 0.100308242961828 0.0889918740890784 0.124811902514598 0.20337373487007 0.266073903983992 0.233309423873178 0.0909251155341162 -9999 -9999 -9999 -9999 -9999 -9999 0.104626307462425 0.114692496046959 0.0969757871627116 0.0937890326001035 0.0833008114018834 -9999
-9999 -9999 -9999 0.066355896529562 0.161888612088171 0.208295615149996 0.137183334242419 0.134332701335667 0.399404217004199 0.311017456985641 0.303711085917812 0.212245367371139 0.292185191434249 0.289333311977206 0.199693764758884 0.188992598372273 0.14607514510523 0.0830888602427821 0.108636984268226 0.105954398467104 0.145557634416417 0.10366014914079 0.0866834787823787 0.086427611371077 0.083611318816502 0.0995016274428593 0.0863389840891211 0.0863796895316534 -9999 -9999 -9999 -9999 0.0666026254954341 0.0890635940072126 -9999 -9999 -9999 -9999 -9999 -9999 -9999 -9999 0.0961040003228228 0.0858990250589511 0.0822881568876334 0.0886350076611704 0.10503315811893 0.0624731239921343
-9999 -9999 -9999 0.186724927284987 0.18772975780028 0.167058603445554 0.28411537893157 0.228894674302974 0.24477344942823 0.280694731683059 0.358146096664701 0.242114169622018 0.134010852404103 0.14224223730355 0.134171083418139 0.140397223620249 0.27586231565224 0.111808321396691 0.338484783086159 0.503383743691655 0.363739149553138 0.634212968654289 0.400279983810767 0.37935563181334 0.282397973120809 0.204682301982598 0.0882422705759443 -9999 -9999 -9999 -9999 -9999 -9999 -9999 -9999 -9999 -9999 -9999 -9999 -9999 -9999 -9999 -9999 0.0795705568403265 0.0821797032742995 0.0907817559813778 0.129281509459102 0.157189820761789
-9999 -9999 -9999 -9999 0.164584221125661 0.220942130866283 0.451629381534813 0.539707820839331 0.270391120991536 0.0826092951729141 0.08273467261677 0.0869674113859079 0.0851415568988791 0.0924187852964928 0.102804668864702 0.123463376053297 0.138564490941103 0.0822344370713736 0.0795346010109977 0.103992414964716 0.149386409378862 0.115437484446777 0.175868922349125 0.100399010392265 0.358957765604405 0.384707655363478 0.306736881912434 0.0803344636894783 -9999 -9999 -9999 -9999 -9999 -9999 -9999 -9999 -9999 -9999 -9999 -9999 -9999 -9999 -9999 -9999 0.105117516674875 0.113081809766518 0.108996788011035 0.130805380823291
-9999 -9999 -9999 0.0661176820728029 0.0796145830799688 0.128611365510067 0.191664045549023 0.191658739070149 0.0822528985179858 0.082781624179234 0.0848226551397127 0.0921153953913271 0.087343510118426 0.0868987266752392 0.0919427470422839 0.0916615947232086 0.0907313214052759 0.0849753359931644 0.0763819219489081 0.0812085803023933 0.0829130107733099 0.0849284832750211 0.0897214512645508 0.0810389215999987 0.155307438820519 0.0463780225729232 0.0531360172048086 -9999 -9999 -9999 -9999 -9999 -9999 -9999 -9999 -9999 -9999 -9999 -9999 -9999 -9999 -9999 -9999 -9999 -9999 -9999 0.113713100674366 0.111558415329768
-9999 -9999 -9999 -9999 0.0937910060842834 0.0663870303551468 0.0671998377379638 0.0827167483295097 0.0808479891928164 0.0808962902413875 0.0842149103308269 0.0829047710111975 0.0829257469246416 0.0900523777299815 0.0913103006640618 0.0892945499098161 0.0886103561267877 0.0921342608839489 0.0869997214045507 0.0807319076694198 0.0625181793153309 0.0813259865918678 0.0829266640985159 0.0886182139729896 0.0877084638688503 -9999 -9999 -9999 -9999 -9999 -9999 -9999 -9999 -9999 -9999 -9999 -9999 -9999 -9999 -9999 -9999 -9999 -9999 -9999 -9999 -9999 -9999 -9999
-9999 -9999 -9999 -9999 0.0424859999618486 0.0424865427176602 0.0915006231449132 0.082251508706023 0.0818955645492426 0.0876561631529478 0.0824443942208189 0.0876874792452518 0.0957848318032024 0.0984412398162174 0.0834437186718128 0.0829615506438431 0.105501691677535 0.0911905967773745 0.0885293156438368 0.0920300893104933 0.085078948609183 0.0829888213520986 0.0763629791260304 -9999 -9999 -9999 -9999 -9999 -9999 -9999 -9999 -9999 -9999 -9999 -9999 -9999 -9999 0.0785728175600739 0.0795469810496205 0.0893233362575091 -9999 -9999 -9999 -9999 -9999 -9999 -9999 -9999
-9999 -9999 -9999 0.0694220175458302 0.042567181377393 0.0725698795457401 0.216033292897335 0.174126853359007 0.237175795381537 0.145966659137984 0.150705738991405 0.124445207868241 0.0828210532900383 0.0810508958624534 0.0899314401718918 0.082893904101064 0.0864360590761333 0.118859701955223 0.0920009022867222 0.102140852619008 0.0930361957762639 0.0818421668611052 -9999 -9999 -9999 -9999 -9999 -9999 -9999 -9999 -9999 -9999 -9999 -9999 -9999 -9999 -9999 -9999 0.0914383092620688 0.132138388490149 -9999 -9999 -9999 -9999 -9999 -9999 -9999 -9999
