Scripts_&_data/BRT_projection_files/BRT_SCV2/B_mendax_1_projection.asc
NCOLS 79 
NROWS 71 
XLLCORNER -10.5 
YLLCORNER 36 
CELLSIZE 0.5 
NODATA_value -9999 
[rows 42 to 62 of 71, columns 0 to 47 of 79]
-9999 -9999 -9999 -9999 -9999 -9999 -9999 -9999 -9999 -9999 0.0370727845288995 -9999 -9999 0.0386705181149572 -9999 -9999 -9999 -9999 -9999 -9999 -9999 -9999 -9999 -9999 0.0287319193852971 0.0287319193852971 0.0264020825136622 0.0208049565702545 0.0303929090634222 0.0315236320953727 0.0287319193852971 0.0405156360467418 0.0820793302780144 0.101707488399664 0.0870852686729757 0.0208031945072465 0.0247523555220913 0.02477315445063 0.0244099600016253 0.03701230203939 0.029278547298299 0.0208077400191319 0.0284201118653719 0.0292458910682778 0.034015355334901 0.0282024109477867 0.0384082276075906 0.0258548253956079
-9999 -9999 -9999 -9999 -9999 -9999 -9999 -9999 -9999 -9999 -9999 -9999 -9999 -9999 -9999 -9999 -9999 -9999 -9999 -9999 -9999 -9999 0.038322485072557 0.0375862148332762 0.0305153402167024 0.0208050637937363 0.0247720334514675 0.0265085257329362 0.0263478231968049 0.0399844201653925 0.0362745530217165 0.0463823233443189 0.0450209969653351 0.0407384764741351 0.0333383465775635 0.0277789494991896 0.0233466709075495 0.0208031945072465 0.0289968619765876 0.0264997968293746 0.0208040554320788 0.0208077400191319 0.0208040554320788 0.0265803114532114 0.0267655497911017 0.0282020491108005 0.0323313888008406 0.020827900150452
-9999 -9999 -9999 -9999 -9999 -9999 -9999 -9999 -9999 -9999 -9999 -9999 -9999 -9999 -9999 -9999 -9999 -9999 0.039613406814878 0.0296551348925178 0.0208031945072465 0.0399436436984488 0.0277451482393691 0.0247562767687645 0.0246741871102726 0.0208050637937363 0.0247720334514675 0.0267548731412885 0.0208031945072465 0.0208031945072465 0.0284536788107464 0.0323363706543637 0.0306319991343127 0.0323256740506588 0.0287319193852971 0.0310495408396039 0.0344422473740583 0.0208050637937363 0.0263623116765435 0.0277175410720794 0.0389528393769631 0.0387351274717346 0.027472823683705 0.0208040554320788 0.0234951588992074 0.0208108930647356 0.0478336852115773 0.0691602820674455
-9999 -9999 -9999 -9999 -9999 -9999 -9999 -9999 -9999 -9999 -9999 -9999 -9999 -9999 0.0247720334514675 -9999 -9999 -9999 0.0422498777641786 0.042136618384119 0.034181193064219 0.0363703936670802 0.0208080919811921 0.0208031945072465 0.0208050637937363 0.0243969990571425 0.0217933007118879 0.0267621902132791 0.0246741871102726 0.024683950813824 0.0287846798056665 0.0387771336977484 0.032806133121354 0.0263478231968049 0.0322726207416201 0.0416290798114679 0.0267278617948581 0.0509206483194785 0.0290181248853296 0.0314289063770035 0.0483369142925927 0.0332633513952768 0.0237067063866674 0.0233585789093405 0.0212685747754966 0.0208077400191319 0.0293946825132328 0.0680980898614665
-9999 -9999 -9999 -9999 -9999 -9999 -9999 -9999 -9999 -9999 -9999 -9999 0.0309816463215064 0.0356552401695545 0.0323640556820907 0.0263764687337688 0.0263478231968049 0.0208031945072465 0.03691090373115 0.036906778604839 0.0323715996694272 0.027615016278446 0.0230956804577112 0.0208050637937363 0.0208099673120335 0.0208031945072465 0.0208031945072465 0.0208031945072465 0.0267857352835016 0.0267695069255556 0.0287577301842682 0.0326181842819729 0.0357375584157704 0.0375497739268374 0.116756313058931 0.0528952773255214 0.0277175410720794 0.556547001257431 0.0564766495176788 0.0265955081296507 0.0383225849873916 0.0392873391318485 0.0374648312650649 0.0277188453939511 0.0287513020072428 0.0402319739935839 0.043210673319523 0.0362085990690091
-9999 -9999 -9999 -9999 -9999 -9999 -9999 -9999 -9999 -9999 -9999 -9999 -9999 -9999 0.0369569506794628 0.0246741871102726 0.0233295160174648 0.0233539165392279 0.0323956669909705 0.0263478231968049 0.0233806565897806 0.0233344756669216 0.0233989626768144 0.0208031945072465 0.0208050637937363 0.0246903684571504 0.0246741871102726 0.026375416525366 0.0263478231968049 0.0277988666804659 0.0289597656798151 0.0323698751103668 0.041922411177299 0.0438193767734726 0.199006682947614 0.057471214433564 0.0477447409010054 0.0472301848156926 0.0318629709090312 0.0334232893930823 0.0442240041181146 0.349555578910902 0.103179919671753 0.47522711965442 0.591252067504567 0.632819711949856 0.501916892785743 0.625447407266345
-9999 -9999 -9999 -9999 -9999 -9999 -9999 -9999 -9999 -9999 -9999 -9999 -9999 -9999 -9999 -9999 -9999 0.0369676519006449 0.0316245663790184 0.0233500223861616 0.0208031945072465 0.0208031945072465 0.0208031945072465 0.0214265199933722 0.0208247438598508 0.026491095960897 0.0263526924774759 0.0277175410720794 0.0376602706693308 0.0387720339754481 0.0287198485737554 0.0329063823700906 0.0438739833256414 0.0537322646299712 0.231778766497859 0.0652982432876359 0.0436905249332603 0.103883003387404 0.111699863206441 0.436025360889726 0.658204408575547 0.667155683242052 0.632670183148906 0.629311216693675 0.742168164932477 0.512669614978697 0.751707237656077 0.787540536059824
-9999 -9999 -9999 -9999 -9999 -9999 -9999 -9999 -9999 -9999 -9999 -9999 -9999 -9999 -9999 -9999 -9999 0.0287319193852971 0.0287267234945489 0.0287122134711431 0.0263764687337688 0.0208031945072465 0.0242326357433435 0.0274362313540637 0.0263478231968049 0.0290522916067589 0.0297404241931361 0.029707835664385 0.0423034657347335 0.0692697068038519 0.0311801500215509 0.0347765041488496 0.0995990811930563 0.534682161884775 0.0408001685032803 0.492917198771972 0.63221387763478 0.769450024149082 0.696606814717847 0.72645208289173 0.485261698193286 0.478506073561035 0.351505423174353 0.49294073880975 0.513035891095015 0.467021963467718 0.774261827783388 0.63486343206939
-9999 -9999 -9999 -9999 -9999 -9999 -9999 -9999 -9999 -9999 -9999 -9999 -9999 -9999 -9999 -9999 -9999 -9999 -9999 0.0287122134711431 0.0309816463215064 0.0277249273461288 0.0293115732564565 0.0371346750034253 0.0348617308207332 0.0396508774212024 0.038346997593607 0.0304886044385836 0.0396632942604084 0.0376077277025704 0.0287319193852971 0.0384277355757714 0.122508958609892 0.172654493439601 0.546667956336855 0.557134713776059 0.563703149447733 0.767027888115429 0.559819159706156 0.745249900705237 0.760678469027112 0.550529071406365 0.339585070531744 0.112010246986284 0.234367062884414 0.63504955335332 0.0865271116753242 0.0344430587009399
-9999 -9999 -9999 -9999 -9999 -9999 -9999 -9999 -9999 -9999 -9999 -9999 -9999 -9999 -9999 -9999 -9999 -9999 -9999 0.0287319193852971 0.0287319193852971 0.0287319193852971 0.0354855582466584 0.0378969712342085 0.150285989162712 0.0556277696934235 0.056665332535288 0.0267548731412885 0.0371924819344997 0.0510012978059765 0.040715880434435 0.03796595201173 0.0575433387212011 0.483036921596803 0.681187041671075 0.499693148649597 0.437859715995968 0.0771660075557341 0.235505960961913 0.217435895127179 0.153676394307538 0.404852514424079 0.270787670141204 0.081849105136776 0.0882434959690278 0.0483564056526087 0.131214660419282 -9999
-9999 -9999 -9999 -9999 -9999 -9999 -9999 -9999 -9999 -9999 -9999 -9999 -9999 -9999 -9999 -9999 -9999 -9999 -9999 0.0368556487588501 0.0324353932294864 0.0287270063591074 0.0287319193852971 0.0621912086245986 0.0764399367798402 0.147906309649553 0.286548532223085 0.0296043286697 0.0334041315869127 0.0344869138391137 0.0438652415322709 0.0384277355757714 0.184998724376288 0.34432725459782 0.102006504756947 0.256642460642708 0.0411220620245352 0.0279045318420555 0.0312438101524575 0.0371101421214567 0.0312438101524575 0.0289368685024498 0.0264679916708757 0.0289567102604396 0.0289514667053674 -9999 -9999 -9999
-9999 -9999 -9999 -9999 -9999 -9999 -9999 -9999 -9999 -9999 -9999 -9999 -9999 -9999 -9999 -9999 -9999 -9999 -9999 0.049135038079378 0.0402775871302231 0.0293023036175519 0.0263547987461998 0.0263547987461998 0.0425230372614891 0.0443343686584364 0.0795437811740517 0.0961137811832438 0.0702446937346391 0.115229277927466 0.0453229292943429 0.102367973583708 0.271610541172986 0.35286928978918 0.181557781508635 0.107176891275166 0.0208005873052507 0.0208031945072465 0.0346215020604631 0.0578913273314178 0.0546994224849054 0.0426141263791006 0.0289736664010488 0.0268693798462295 0.0207995542030497 0.0207995542030497 -9999 -9999
-9999 -9999 -9999 -9999 -9999 -9999 -9999 -9999 -9999 -9999 -9999 -9999 -9999 -9999 -9999 -9999 -9999 -9999 0.0577982074391525 0.0475663738715858 0.0376730092194603 0.0263547987461998 0.027727640004619 0.0300635259970875 0.0396283490047159 0.0348674866377131 0.0399478974017569 0.0571626031239944 0.247687748041499 0.0525180890040306 0.0311353287422087 0.0335041879260985 0.0514957802601042 0.1230814309182 0.302427186113287 0.156706438733614 0.0287907462146117 0.0472411918177052 -9999 -9999 0.157922453331533 0.114209958798641 0.0777564596030822 0.0421840707164887 0.0289861587635548 0.0267725028186563 -9999 -9999
-9999 -9999 -9999 -9999 -9999 -9999 -9999 -9999 -9999 -9999 -9999 -9999 -9999 -9999 -9999 -9999 -9999 -9999 0.0915625231401114 0.0441387192563212 0.0322767256915714 0.0264041384279819 0.0208080919811921 0.0208031945072465 0.0263478231968049 0.0369189847667156 0.0512199645733652 0.0458913241808647 0.162538335854512 0.0289773632428182 0.0208031945072465 0.0249072181164466 0.0370506218761793 0.0756953037274377 0.0910511476412428 0.0744937684258558 -9999 -9999 -9999 -9999 -9999 -9999 0.049732098657671 0.0416718887243193 0.0293893666682603 0.0277175410720794 0.0289789159651797 -9999
-9999 -9999 -9999 0.049511711248387 0.0506407284392646 0.0484122116494688 0.0446916139013559 0.0466459519075769 0.0770352265404097 0.0662649819871106 0.128812477367229 0.120405854170084 0.0685217702464112 0.0892979070551312 0.0574146232671996 0.052749604463016 0.0514989019486795 0.0387745103603754 0.0719716963036928 0.0831327157982756 0.101443322895363 0.0376018902429993 0.0324229144506101 0.0316299310652308 0.0319526650022608 0.0369002336320706 0.0277175410720794 0.0208050637937363 -9999 -9999 -9999 -9999 0.031487450963312 0.0467514238549916 -9999 -9999 -9999 -9999 -9999 -9999 -9999 -9999 0.031036931708146 0.026491095960897 0.026491095960897 0.0324738222256267 0.0369184618176998 0.0264832139149842
-9999 -9999 -9999 0.0389599077789843 0.0351054431744215 0.032241049602163 0.0329801327387472 0.0429733498600666 0.0490189526201466 0.0355952010365768 0.0445985104796295 0.0532999848296452 0.027953436941802 0.0283264481083553 0.0230854100567137 0.0295090263771102 0.0426789225936046 0.0381737120066225 0.0505313451845951 0.233404053456157 0.496074958847947 0.539421538193253 0.152055260541147 0.0832775845819049 0.117280884160028 0.0744288565756972 0.0266421162031668 -9999 -9999 -9999 -9999 -9999 -9999 -9999 -9999 -9999 -9999 -9999 -9999 -9999 -9999 -9999 -9999 0.0208050637937363 0.0263834679729131 0.0289826510821087 0.0311953994575725 0.0371239738751052
-9999 -9999 -9999 -9999 0.0327409918833015 0.0550125069806143 0.0519321672109257 0.0573317042168539 0.0331567062107611 0.0208031945072465 0.0208290915521488 0.0208050637937363 0.0208290915521488 0.0208031945072465 0.0290866534642852 0.0284452540225603 0.0230965310802576 0.0208031945072465 0.0223499906436117 0.024991765009729 0.0290947046984334 0.0334072656215893 0.0340944288454839 0.0292937041007487 0.0561860618500256 0.0815039759417547 0.0352418212232536 0.0209131177477585 -9999 -9999 -9999 -9999 -9999 -9999 -9999 -9999 -9999 -9999 -9999 -9999 -9999 -9999 -9999 -9999 0.0415677526435708 0.0446132050720499 0.0420210629618626 0.0619913750503184
-9999 -9999 -9999 0.0568012739195616 0.0435985577834569 0.043466500826466 0.0365668178817608 0.0363462890310882 0.0208309725994667 0.0208031945072465 0.0208248583991428 0.0208050637937363 0.0208290915521488 0.0208229773518248 0.020828281246168 0.0208301612935625 0.0208229773518248 0.0208290915521488 0.0208050637937363 0.0208050637937363 0.0208290915521488 0.0208080919811921 0.0208031945072465 0.0229398467359425 0.0241256373116607 0.0276432823909345 0.0282861178701884 -9999 -9999 -9999 -9999 -9999 -9999 -9999 -9999 -9999 -9999 -9999 -9999 -9999 -9999 -9999 -9999 -9999 -9999 -9999 0.0508410299683481 0.0770807120368176
-9999 -9999 -9999 -9999 0.0762200574870352 0.0528846140169393 0.0208321514071236 0.0208309725994667 0.0287428289348482 0.0231192536149293 0.0208290915521488 0.0208165793747633 0.0208290915521488 0.0208290915521488 0.020828281246168 0.020828281246168 0.020828281246168 0.020828281246168 0.0208290915521488 0.0208309725994667 0.0208193306716238 0.020828281246168 0.0208229773518248 0.0208050637937363 0.0229753371402204 -9999 -9999 -9999 -9999 -9999 -9999 -9999 -9999 -9999 -9999 -9999 -9999 -9999 -9999 -9999 -9999 -9999 -9999 -9999 -9999 -9999 -9999 -9999
-9999 -9999 -9999 -9999 0.0619396193735483 0.0507419042228942 0.0280195352129515 0.0208229773518248 0.0332012715498798 0.0233544288919391 0.0231241484323472 0.0233865508223081 0.0208031945072465 0.0208444462673487 0.0208031945072465 0.0208290915521488 0.0209545038369285 0.020828281246168 0.0208290915521488 0.020828281246168 0.0208290915521488 0.0208290915521488 0.0208832665356555 -9999 -9999 -9999 -9999 -9999 -9999 -9999 -9999 -9999 -9999 -9999 -9999 -9999 -9999 0.0208248583991428 0.0263478231968049 0.0310254386106422 -9999 -9999 -9999 -9999 -9999 -9999 -9999 -9999
-9999 -9999 -9999 0.0425083492146821 0.0521116441394891 0.118690456851127 0.0531301508211495 0.0424724318801327 0.057006845265952 0.0389228478724387 0.0418045664627958 0.0287621992966623 0.0208031945072465 0.0244099600016253 0.0208031945072465 0.0208290915521488 0.0208290915521488 0.0231238373350234 0.0208290915521488 0.0208451733330796 0.0209432742367129 0.0208828074674289 -9999 -9999 -9999 -9999 -9999 -9999 -9999 -9999 -9999 -9999 -9999 -9999 -9999 -9999 -9999 -9999 0.0323632218119968 0.0384495787001121 -9999 -9999 -9999 -9999 -9999 -9999 -9999 -9999
