Scripts_&_data/BRT_projection_files/BRT_SCV2/B_monticola_2_projection.asc
NCOLS 79 
NROWS 71 
XLLCORNER -10.5 
YLLCORNER 36 
CELLSIZE 0.5 
NODATA_value -9999 
[rows 42 to 62 of 71, columns 0 to 47 of 79]
-9999 -9999 -9999 -9999 -9999 -9999 -9999 -9999 -9999 -9999 0.0917987781083253 -9999 -9999 0.178262351262091 -9999 -9999 -9999 -9999 -9999 -9999 -9999 -9999 -9999 -9999 0.0838510355419278 0.0841803535006573 0.0769375450123223 0.0769403444501644 0.09420005465367 0.0943318420484115 0.077206258797382 0.080853914742101 0.15292194584117 0.142191678846351 0.0918234407662283 0.0769174793608006 0.0772296830522279 0.0770144722308549 0.076962638986985 0.0957452000174448 0.0776403729041843 0.0770543279645247 0.0772066732686949 0.0858443742888697 0.0947736223091538 0.0770841847987815 0.0776985737799921 0.0768668585481641
-9999 -9999 -9999 -9999 -9999 -9999 -9999 -9999 -9999 -9999 -9999 -9999 -9999 -9999 -9999 -9999 -9999 -9999 -9999 -9999 -9999 -9999 0.0839390837036866 0.08388998760088 0.0807268918367314 0.0769469029724986 0.0769345012140275 0.0769375686056089 0.0769375450123223 0.0978872755854635 0.101163661403122 0.117279301085064 0.126362372882457 0.0964308195040778 0.0897269063055301 0.0769438928528547 0.0768135008204799 0.0768997132872571 0.0770496877346186 0.0769438928528547 0.0768538213713289 0.0768311071620619 0.0768538213713289 0.0770408428598784 0.0770408428598784 0.0770557903070615 0.103544367787171 0.0768310008539009
-9999 -9999 -9999 -9999 -9999 -9999 -9999 -9999 -9999 -9999 -9999 -9999 -9999 -9999 -9999 -9999 -9999 -9999 0.0981335062177269 0.092410789266661 0.0769174793608006 0.0839567704095817 0.0807403503509352 0.0769375450123223 0.0769375450123223 0.0769302871781689 0.0769302871781689 0.0769375450123223 0.0769302871781689 0.0916395183395185 0.0916728377665208 0.0941565645239289 0.0940362529878958 0.0899309213119911 0.0769403444501644 0.0810031322793649 0.0975767327245655 0.0768997132872571 0.0770525952494704 0.0769375450123223 0.0769508676736304 0.0771976591099201 0.0768668585481641 0.0769751480594878 0.0771558655485025 0.0769776786463197 0.0962375208141232 0.113206629905009
-9999 -9999 -9999 -9999 -9999 -9999 -9999 -9999 -9999 -9999 -9999 -9999 -9999 -9999 0.0860435684526124 -9999 -9999 -9999 0.102492193285523 0.130370063173167 0.0769533030926842 0.07695381019147 0.0769375450123223 0.0768475250124842 0.0768135008204799 0.0769285493388083 0.0770463027999858 0.0769375450123223 0.0769345012140275 0.0769557642688806 0.0894976077667301 0.100697844323484 0.0895539217899401 0.0769375450123223 0.0807200199996719 0.0809240232860917 0.0769403444501644 0.0878646504644795 0.0769466922906968 0.0770815399690739 0.103726476488971 0.0770641595943803 0.0769885176562716 0.0770303039972394 0.0771189311331089 0.0771189311331089 0.0771440353498157 0.154860117884755
-9999 -9999 -9999 -9999 -9999 -9999 -9999 -9999 -9999 -9999 -9999 -9999 0.105538297650234 0.161452098046804 0.143360425050947 0.088563941090149 0.0881629348223857 0.0769465681164748 0.0887565298451187 0.0887358607686153 0.0849557155330972 0.0769489684948273 0.0769499090266703 0.076857377638323 0.0768215883970075 0.0768475250124842 0.0769174793608006 0.0769345012140275 0.0769375450123223 0.0769375450123223 0.0771722053902378 0.0952242215419467 0.0943651692425671 0.0841892403664354 0.148113782413542 0.087442272468496 0.0769375450123223 0.263644081622709 0.0974107314778164 0.0770408428598784 0.0985539595043219 0.0773269283178125 0.0772196452578622 0.0782749161481942 0.0982637398100432 0.096525896405697 0.10923552485534 0.115246450408567
-9999 -9999 -9999 -9999 -9999 -9999 -9999 -9999 -9999 -9999 -9999 -9999 -9999 -9999 0.101177066677568 0.0932809284851667 0.0874044924859943 0.0770933564433821 0.0807574001611506 0.07695381019147 0.07695381019147 0.0769302871781689 0.0769288764506715 0.0769174793608006 0.0769370379135365 0.0769375450123223 0.0769375450123223 0.0769375450123223 0.0769375450123223 0.0771725898639145 0.080754501452294 0.0900143699623797 0.0964363527597676 0.10190817115146 0.208581793403092 0.101604565442697 0.110160028773112 0.176818041570655 0.0944804860016881 0.0903157967251212 0.156588934510907 0.301927073854773 0.296605791653536 0.450053896184607 0.529394424351868 0.574883995111003 0.561370651272059 0.617325870996037
-9999 -9999 -9999 -9999 -9999 -9999 -9999 -9999 -9999 -9999 -9999 -9999 -9999 -9999 -9999 -9999 -9999 0.0772354844161579 0.07695381019147 0.0769489684948273 0.0768135008204799 0.0768475250124842 0.0769174793608006 0.0769370379135365 0.0769370379135365 0.0769375450123223 0.0769489449015406 0.0769375450123223 0.0841679715905209 0.0841900625141532 0.0769375450123223 0.089981738712329 0.109663633862807 0.175820352736958 0.425399575169036 0.15533888893281 0.157982413944745 0.194403524694254 0.359703017969908 0.664399059368484 0.583919907912698 0.709678231004547 0.509704524072741 0.618424324645974 0.691148574469377 0.668583574987598 0.708861988227326 0.661818199131716
-9999 -9999 -9999 -9999 -9999 -9999 -9999 -9999 -9999 -9999 -9999 -9999 -9999 -9999 -9999 -9999 -9999 0.0772176763667763 0.07695381019147 0.07695381019147 0.07695381019147 0.0769345012140275 0.0769489449015406 0.07695381019147 0.0769489449015406 0.07695381019147 0.07695381019147 0.0769489449015406 0.0807791213803779 0.102509331580972 0.0769375450123223 0.0843007800318501 0.171279083334701 0.492858486599577 0.244657486572528 0.446697347371004 0.634447100682875 0.65307940629115 0.710465802519807 0.707991356084497 0.698738977053071 0.726916932259208 0.644699422120502 0.452846216948911 0.514106859156 0.687869057684782 0.645398905950995 0.630117501623366
-9999 -9999 -9999 -9999 -9999 -9999 -9999 -9999 -9999 -9999 -9999 -9999 -9999 -9999 -9999 -9999 -9999 -9999 -9999 0.0769489449015406 0.0772176763667763 0.0769498854333836 0.0772225749296108 0.0839114955482308 0.0841918457538678 0.0849608779881761 0.07695381019147 0.0769489449015406 0.0772225749296108 0.0809048873511116 0.077206258797382 0.106169733641156 0.394245990974686 0.164784414609884 0.515031395146556 0.456573130752651 0.69150002497131 0.653943052048093 0.56285369829426 0.643658487388313 0.703664328420976 0.707843833569309 0.69082565590099 0.181339755476039 0.399948743621502 0.413275919799456 0.282793428635483 0.293034077521839
-9999 -9999 -9999 -9999 -9999 -9999 -9999 -9999 -9999 -9999 -9999 -9999 -9999 -9999 -9999 -9999 -9999 -9999 -9999 0.0769489449015406 0.0769489449015406 0.0807403503509352 0.0839390837036866 0.0870519970056651 0.184908293738197 0.141186523194055 0.110114973718058 0.0769375450123223 0.120109947081579 0.092951662909133 0.100869266098715 0.083959712783783 0.166672161854876 0.276450112343439 0.548739321364497 0.450927993436742 0.316062123842548 0.180698311367851 0.170430344099967 0.209393395391375 0.156763514279251 0.509456323074441 0.293217255381339 0.34076051580106 0.144118182714556 0.121495750404149 0.106656391508117 -9999
-9999 -9999 -9999 -9999 -9999 -9999 -9999 -9999 -9999 -9999 -9999 -9999 -9999 -9999 -9999 -9999 -9999 -9999 -9999 0.0807171183560512 0.0772176763667763 0.0769375450123223 0.080785961601732 0.0943999190552929 0.18206143865492 0.187466168946919 0.287797419229731 0.0769812048756191 0.0906307746287811 0.106904363751364 0.0942726457655253 0.0870609010915914 0.18661007102951 0.339286090237223 0.241240615545385 0.255629201081247 0.100710126673474 0.0894553897458967 0.0891607865237614 0.100079476386622 0.0894834601217357 0.0894585296936102 0.0894963783346704 0.0894185335330988 0.0946653734286463 -9999 -9999 -9999
-9999 -9999 -9999 -9999 -9999 -9999 -9999 -9999 -9999 -9999 -9999 -9999 -9999 -9999 -9999 -9999 -9999 -9999 -9999 0.0921753409190379 0.0769498854333836 0.0769459011032458 0.0769375450123223 0.0775229738382222 0.0808390447395109 0.109818599105538 0.155903560332444 0.218147028895701 0.352349600312689 0.246897294600656 0.102179615096213 0.104335675799884 0.22814938244849 0.206199912210193 0.241043950053649 0.106072860518172 0.0894871594253839 0.089484492644136 0.0940161602310789 0.10170286387321 0.101279111685112 0.0769375450123223 0.0770144722308549 0.0768135008204799 0.0768135008204799 0.0768135008204799 -9999 -9999
-9999 -9999 -9999 -9999 -9999 -9999 -9999 -9999 -9999 -9999 -9999 -9999 -9999 -9999 -9999 -9999 -9999 -9999 0.105444725258064 0.0929552747183652 0.0963822192165669 0.0769174793608006 0.0769288764506715 0.0769465511958476 0.07695381019147 0.0926598512926237 0.107621992911922 0.139854048932327 0.328581927385297 0.150521147110315 0.0896731162032442 0.0896962509410884 0.129616336146834 0.251181209953233 0.290997162539824 0.373791871786801 0.102971937604048 0.122111829085301 -9999 -9999 0.189134794539009 0.148455349661873 0.0852462896502615 0.0808817079470853 0.0769339608535166 0.0768135008204799 -9999 -9999
-9999 -9999 -9999 -9999 -9999 -9999 -9999 -9999 -9999 -9999 -9999 -9999 -9999 -9999 -9999 -9999 -9999 -9999 0.112345670269536 0.101230952340304 0.0807290369896717 0.0769600897554404 0.0768329673807503 0.0768162949626737 0.0769288764506715 0.0838735743883081 0.137506412187163 0.137466391978608 0.135632323728806 0.0769375450123223 0.0768135008204799 0.0891771676724319 0.0903009468879301 0.132559756018458 0.133489124751729 0.157018999027073 -9999 -9999 -9999 -9999 -9999 -9999 0.0992787407775604 0.0770525952494704 0.0854877709565771 0.0769370379135365 0.0769375450123223 -9999
-9999 -9999 -9999 0.196489032352577 0.192508966244611 0.211348366242702 0.14435701223814 0.143853509143084 0.126297859932771 0.129807657994508 0.149394072988064 0.152449743848096 0.116987106767573 0.162111996335549 0.127247808988434 0.174189041031119 0.233303190682765 0.211941865407665 0.166838516734925 0.156654970812146 0.106515638201037 0.0839287098233095 0.0769489449015406 0.0769375450123223 0.0769489449015406 0.0807403503509352 0.0769375450123223 0.0768475250124842 -9999 -9999 -9999 -9999 0.0979605249495337 0.106229933150039 -9999 -9999 -9999 -9999 -9999 -9999 -9999 -9999 0.0769375450123223 0.0769375450123223 0.0894871594253839 0.0894874730249781 0.0769375450123223 0.0768135008204799
-9999 -9999 -9999 0.240386550124532 0.226654345184299 0.12963125482954 0.131631494014292 0.128217644743838 0.220789150208822 0.0957389843161386 0.0957691410589645 0.0977760753317919 0.0983860095721101 0.0983743976979648 0.0975545729676874 0.0955606700053323 0.0978400476373172 0.0991277345087118 0.111367690052855 0.265790486972066 0.24932659123588 0.21946266077447 0.1504667636608 0.197713272832991 0.216814020812018 0.106324479410619 0.0772991528366078 -9999 -9999 -9999 -9999 -9999 -9999 -9999 -9999 -9999 -9999 -9999 -9999 -9999 -9999 -9999 -9999 0.0768475250124842 0.0769375450123223 0.0769375450123223 0.0769375686056089 0.0936923328591229
-9999 -9999 -9999 -9999 0.250435033344764 0.15544162993152 0.155262548974316 0.434148861079989 0.0960311142392982 0.0768451895267166 0.0812639701025125 0.0768532786521731 0.0768532786521731 0.076829732175356 0.0769438928528547 0.0769408490545599 0.097899540838583 0.0768451895267166 0.09861201945314 0.0949714132730332 0.0950570058409784 0.0957377839172333 0.0983850701370644 0.0950797348008964 0.11309847005791 0.130203955909229 0.0983458258202779 0.0912673833996788 -9999 -9999 -9999 -9999 -9999 -9999 -9999 -9999 -9999 -9999 -9999 -9999 -9999 -9999 -9999 -9999 0.0807171183560512 0.0838938135537249 0.0769375450123223 0.105084483689828
-9999 -9999 -9999 0.209073937800873 0.211627636487172 0.204283125415441 0.0957143930739877 0.0961526187300305 0.0768135008204799 0.0769807058951969 0.0768484230999101 0.0768367511320714 0.0768532786521731 0.0768451895267166 0.0768248798042228 0.0772792516135569 0.0768451895267166 0.0768451895267166 0.0768289565396398 0.0768289565396398 0.0768289565396398 0.0768451895267166 0.0768451895267166 0.081445696764279 0.0952182905599703 0.104898278147366 0.0912947299025838 -9999 -9999 -9999 -9999 -9999 -9999 -9999 -9999 -9999 -9999 -9999 -9999 -9999 -9999 -9999 -9999 -9999 -9999 -9999 0.0815409270293437 0.101174729953968
-9999 -9999 -9999 -9999 0.160401804414369 0.10448812737782 0.0768215883970075 0.0768135008204799 0.244811710156772 0.0956591636364092 0.0768451895267166 0.0768403355233826 0.0768403355233826 0.076829732175356 0.0768135008204799 0.0768451895267166 0.0769807058951969 0.0768403355233826 0.0768403355233826 0.0768289565396398 0.0768289565396398 0.0768451895267166 0.0768403355233826 0.0768289565396398 0.0959166029934879 -9999 -9999 -9999 -9999 -9999 -9999 -9999 -9999 -9999 -9999 -9999 -9999 -9999 -9999 -9999 -9999 -9999 -9999 -9999 -9999 -9999 -9999 -9999
-9999 -9999 -9999 -9999 0.189670013965094 0.117969102908053 0.0769174793608006 0.0870694084868596 0.188048333680822 0.0873456892800898 0.0871493997644791 0.0954646202013338 0.082201702946654 0.0768678722870958 0.0768451895267166 0.0768403355233826 0.0921356642354507 0.0768403355233826 0.0812639701025125 0.0768412721929298 0.0768403355233826 0.0768248798042228 0.0771724872872542 -9999 -9999 -9999 -9999 -9999 -9999 -9999 -9999 -9999 -9999 -9999 -9999 -9999 -9999 0.0772792516135569 0.0769489449015406 0.0779245700197959 -9999 -9999 -9999 -9999 -9999 -9999 -9999 -9999
-9999 -9999 -9999 0.113702027651783 0.126445557578315 0.11102716938868 0.0809705676958886 0.115095599148423 0.130709545900971 0.109136848521963 0.0888482174025633 0.0772225749296108 0.0768451895267166 0.0769440418125283 0.0768289565396398 0.0768451895267166 0.0768248798042228 0.0970545588670864 0.0768289565396398 0.0772457954302256 0.0772050603996399 0.0772792516135569 -9999 -9999 -9999 -9999 -9999 -9999 -9999 -9999 -9999 -9999 -9999 -9999 -9999 -9999 -9999 -9999 0.07695381019147 0.0769375450123223 -9999 -9999 -9999 -9999 -9999 -9999 -9999 -9999
