Scripts_&_data/BRT_projection_files/BRT_SCV2/B_monticola_1_projection.asc
NCOLS 79 
NROWS 71 
XLLCORNER -10.5 
YLLCORNER 36 
CELLSIZE 0.5 
NODATA_value -9999 
[rows 42 to 62 of 71, columns 0 to 47 of 79]
-9999 -9999 -9999 -9999 -9999 -9999 -9999 -9999 -9999 -9999 0.098836525436221 -9999 -9999 0.108992364730331 -9999 -9999 -9999 -9999 -9999 -9999 -9999 -9999 -9999 -9999 0.0837419651854595 0.0838402614141062 0.0795623032852795 0.0795596231388639 0.0851398583493471 0.0897055439443775 0.0838515989343431 0.118847832138347 0.132556388976926 0.159885099387716 0.158530053570678 0.0795528818641805 0.0801165032048747 0.0795596231388639 0.0795535524309301 0.100391475766967 0.0856531966032995 0.0795335495624198 0.0797465852287825 0.0805167258437403 0.0858913647144779 0.0796510942108216 0.0812587166972721 0.0796507701622599
-9999 -9999 -9999 -9999 -9999 -9999 -9999 -9999 -9999 -9999 -9999 -9999 -9999 -9999 -9999 -9999 -9999 -9999 -9999 -9999 -9999 -9999 0.0977568171347758 0.101170959896097 0.0796949810167314 0.0795335495624198 0.0795596231388639 0.0795623032852795 0.0795623032852795 0.135856983473776 0.114580703492756 0.200557232153562 0.124109116304301 0.105444097910661 0.0872313599517993 0.0801191975043643 0.0797107518779886 0.0795335495624198 0.0795678200273367 0.0801483548158147 0.0795335495624198 0.0795335495624198 0.0795335495624198 0.0795623032852795 0.0795623032852795 0.0796824923916108 0.0852542633881094 0.0795335495624198
-9999 -9999 -9999 -9999 -9999 -9999 -9999 -9999 -9999 -9999 -9999 -9999 -9999 -9999 -9999 -9999 -9999 -9999 0.135644923308551 0.0931102112638374 0.0795335495624198 0.127958168197944 0.0795623032852795 0.0795596231388639 0.0795403858759857 0.0795431250069789 0.0795403858759857 0.0795623032852795 0.0795596231388639 0.0850459875611275 0.0849573711963064 0.0895385207035588 0.0850804261442982 0.086497820988895 0.0844234517354105 0.0869205340177027 0.0866827200396538 0.0795335495624198 0.0795623032852795 0.0795623032852795 0.299552535936163 0.352051258109385 0.115073139369659 0.0795335495624198 0.0796891034832996 0.0795964372281477 0.244318344206621 0.125224470114671
-9999 -9999 -9999 -9999 -9999 -9999 -9999 -9999 -9999 -9999 -9999 -9999 -9999 -9999 0.0802750522969799 -9999 -9999 -9999 0.159834452699668 0.159135458555169 0.150104242291031 0.124252110567722 0.0795335495624198 0.0795335495624198 0.0795335495624198 0.0798735837935786 0.0795294355236291 0.079543062894198 0.0795596231388639 0.0795596231388639 0.0854513211972019 0.104495195575992 0.0862595369045241 0.0795623032852795 0.0849835690989603 0.0989382860532824 0.0795623032852795 0.112378115635197 0.0853954692645869 0.0795823061537898 0.116457975914997 0.0807365177027733 0.108443099888907 0.0797077602832298 0.0796942946958011 0.079583802333578 0.0797366273729614 0.198193534624691
-9999 -9999 -9999 -9999 -9999 -9999 -9999 -9999 -9999 -9999 -9999 -9999 0.093879840363934 0.107845473551233 0.0958401267912985 0.080377113879166 0.0847997343268612 0.0795335495624198 0.0972122030525597 0.0977385038069922 0.0842301026826911 0.0797049743096607 0.0796527428300898 0.0795335495624198 0.0795335495624198 0.0795335495624198 0.0795335495624198 0.0795403858759857 0.079543062894198 0.079543062894198 0.0800403803679798 0.0895727955235076 0.0919475954333617 0.0982766639877503 0.239338639133707 0.117563077723062 0.0795623032852795 0.256966504545173 0.0924990389278155 0.0797357927360215 0.309633279807713 0.298427322232139 0.15122734694728 0.0795623032852795 0.0796166923039382 0.21703777129112 0.255066576744074 0.141495011219354
-9999 -9999 -9999 -9999 -9999 -9999 -9999 -9999 -9999 -9999 -9999 -9999 -9999 -9999 0.103808984821202 0.0850301832592062 0.0796730198921604 0.0796527428300898 0.0796855207955538 0.079543062894198 0.0796527428300898 0.0796668481251369 0.0796527428300898 0.0795335495624198 0.0795335495624198 0.0795403858759857 0.0795403858759857 0.079543062894198 0.079543062894198 0.0795623032852795 0.0838324206790606 0.089600262904316 0.0934737303067738 0.107120542484055 0.242029662811943 0.109102059773231 0.118152852061399 0.131264483816331 0.0913191752138233 0.112029947620003 0.325198836133351 0.478020149663905 0.445857161680631 0.275366446668312 0.346929279966247 0.498254905495132 0.46234670229696 0.319639563892481
-9999 -9999 -9999 -9999 -9999 -9999 -9999 -9999 -9999 -9999 -9999 -9999 -9999 -9999 -9999 -9999 -9999 0.204756340842948 0.0797076525529531 0.0796981126495231 0.0795335495624198 0.0795335495624198 0.0795335495624198 0.0795403858759857 0.0795403858759857 0.079543062894198 0.079543062894198 0.0795623032852795 0.0977430730004017 0.0980284954011932 0.0795623032852795 0.0890979246158017 0.106247925476451 0.155028275816344 0.258034616247828 0.220508410267056 0.121779088542729 0.239361150990642 0.237881977126542 0.447292461581078 0.439313128667672 0.637496470598727 0.555424855024154 0.555262253361754 0.639217414122461 0.641147473496919 0.641678039331887 0.642747493438397
-9999 -9999 -9999 -9999 -9999 -9999 -9999 -9999 -9999 -9999 -9999 -9999 -9999 -9999 -9999 -9999 -9999 0.083320249995627 0.0799911260681927 0.079543062894198 0.079543062894198 0.0795403858759857 0.0795403858759857 0.0796595924293051 0.079543062894198 0.0796622706725975 0.0796622706725975 0.0796756981354528 0.127526685996521 0.110780879644702 0.0797202917814186 0.0994861843785475 0.140353047280049 0.258295765014344 0.123078707723716 0.277686519225814 0.596211338591433 0.575685872318986 0.637461086549382 0.638885827055708 0.637659862731665 0.597639227010618 0.57496360104761 0.61990716386227 0.448386536383307 0.638632574294126 0.639603329007655 0.463095578960704
-9999 -9999 -9999 -9999 -9999 -9999 -9999 -9999 -9999 -9999 -9999 -9999 -9999 -9999 -9999 -9999 -9999 -9999 -9999 0.079543062894198 0.0855299865218103 0.079543062894198 0.0796622706725975 0.103435867117017 0.0999108170612248 0.15955603245766 0.15977400075337 0.0797097815271457 0.125816988250188 0.102389882995784 0.0837161817240048 0.102823088394447 0.224988483753284 0.227432469635287 0.297662832058698 0.617699268775571 0.308860951459991 0.638397475609062 0.465725559820252 0.64163771838398 0.638933081863149 0.596286419207284 0.21513591260787 0.179733726906175 0.215384489589376 0.454399204364816 0.216036996914909 0.231592161011732
-9999 -9999 -9999 -9999 -9999 -9999 -9999 -9999 -9999 -9999 -9999 -9999 -9999 -9999 -9999 -9999 -9999 -9999 -9999 0.083320249995627 0.083320249995627 0.0833262917345259 0.0971860165812162 0.0972139628323385 0.12904029490061 0.118364749929936 0.118358676404979 0.0795623032852795 0.0965121449391534 0.268959990577312 0.0871735573580772 0.0972139628323385 0.11165462306054 0.247314773579321 0.453581588393717 0.538114617764501 0.597639418203967 0.107377000224047 0.121673892037504 0.122302226725715 0.147657513039539 0.267617356498837 0.280561789454768 0.13472892370249 0.142694669594115 0.103949708830082 0.120548586368856 -9999
-9999 -9999 -9999 -9999 -9999 -9999 -9999 -9999 -9999 -9999 -9999 -9999 -9999 -9999 -9999 -9999 -9999 -9999 -9999 0.0971648741342009 0.0933143175342716 0.0795866968263985 0.0838300091812456 0.109719087382859 0.112386459614476 0.139060459517438 0.235902273810883 0.080252195742311 0.0871521306027197 0.093941178701348 0.106425368514097 0.0978422228233047 0.149583005699875 0.216585414909598 0.108321797564763 0.13678428097449 0.0850697248507419 0.0849657244155614 0.0913917665592614 0.089225590676348 0.0834099818385312 0.0795522031561739 0.0850745788775672 0.0890330629560939 0.0853401444235744 -9999 -9999 -9999
-9999 -9999 -9999 -9999 -9999 -9999 -9999 -9999 -9999 -9999 -9999 -9999 -9999 -9999 -9999 -9999 -9999 -9999 -9999 0.100005066106948 0.159454643123092 0.0796763850698682 0.079543062894198 0.0800384160964299 0.158188590404648 0.111691552094495 0.154457422020987 0.164272510617798 0.133217964723203 0.215350489048236 0.106500743112103 0.129868872177585 0.155370150932768 0.199290870572192 0.118951871598893 0.302426932814286 0.0849530413425748 0.0850328479816667 0.0891341760268676 0.120345538017139 0.105382558588541 0.0971555006405573 0.0798772601789545 0.079543062894198 0.0795335495624198 0.0795335495624198 -9999 -9999
-9999 -9999 -9999 -9999 -9999 -9999 -9999 -9999 -9999 -9999 -9999 -9999 -9999 -9999 -9999 -9999 -9999 -9999 0.0994755260007982 0.102081253965378 0.0879806676281627 0.079543062894198 0.0796737068265758 0.0796756981354528 0.124899759275455 0.107828301735249 0.109711305751544 0.127683113236808 0.231682350894911 0.110367885982738 0.0865910254745672 0.0917245757439838 0.0974891945127354 0.103320014496057 0.209681486611485 0.142062471312395 0.0806055237894004 0.0888289671703553 -9999 -9999 0.123210549602865 0.249221573613489 0.233909465805931 0.0978412299708646 0.083320249995627 0.079543062894198 -9999 -9999
-9999 -9999 -9999 -9999 -9999 -9999 -9999 -9999 -9999 -9999 -9999 -9999 -9999 -9999 -9999 -9999 -9999 -9999 0.114948506905755 0.105385199546494 0.0933094630255534 0.0795634868063476 0.0795335495624198 0.0795335495624198 0.079543062894198 0.0971555006405573 0.106368008205554 0.107943568146229 0.122189401146966 0.0798827911215292 0.0800541005100053 0.0871984822950337 0.0874029739632084 0.105875982914869 0.109055347471208 0.108346499854342 -9999 -9999 -9999 -9999 -9999 -9999 0.103866515442729 0.0972140340431576 0.0849568872965403 0.0795623032852795 0.083320249995627 -9999
-9999 -9999 -9999 0.116184021394703 0.106313678935299 0.106444090038388 0.106144417436006 0.106191933251028 0.100658358931463 0.100564542519043 0.131814276290065 0.156622906285631 0.0996748604312982 0.120006810947393 0.0997618244081972 0.106326401758656 0.121157845282078 0.120415120829292 0.115361808011568 0.117834183310537 0.12060354434908 0.0971632435889556 0.0834433637699477 0.0834372996791161 0.0834591898996155 0.0971535752408466 0.079543062894198 0.0797969251709636 -9999 -9999 -9999 -9999 0.0814740036004188 0.0988470149863774 -9999 -9999 -9999 -9999 -9999 -9999 -9999 -9999 0.0833864470592754 0.079543062894198 0.0850355826634276 0.0850355826634276 0.0971737112304429 0.079543062894198
-9999 -9999 -9999 0.120563741885056 0.118317457685622 0.0897577128573277 0.0867071645348086 0.116173368243902 0.12043470949356 0.0851958415171036 0.104619984996606 0.121276266688988 0.0847213134179736 0.0848420470583518 0.0846932314112165 0.0848449046544509 0.104652104916273 0.103368068915846 0.113120817519297 0.231393291286918 0.296733222097089 0.439894474108933 0.136916934102142 0.121959368087578 0.127755655227817 0.101201306860529 0.083014209084212 -9999 -9999 -9999 -9999 -9999 -9999 -9999 -9999 -9999 -9999 -9999 -9999 -9999 -9999 -9999 -9999 0.0795403858759857 0.079543062894198 0.0796240928584492 0.0836967757365168 0.0901771173115559
-9999 -9999 -9999 -9999 0.118381755735034 0.105755099860589 0.106630802709752 0.1233960424756 0.0853723339580757 0.0795335495624198 0.0795335495624198 0.0795335495624198 0.0795335495624198 0.0795335495624198 0.0795678200273367 0.0798588487682641 0.0848139108225285 0.0795335495624198 0.0836870879550824 0.0847103560661493 0.0847384541522364 0.0848241838342607 0.0848560139800338 0.0853080052410399 0.0864344557827421 0.120332389543288 0.087386095248768 0.0812604043480835 -9999 -9999 -9999 -9999 -9999 -9999 -9999 -9999 -9999 -9999 -9999 -9999 -9999 -9999 -9999 -9999 0.0971648741342009 0.0972139628323385 0.0971545303388539 0.112111996422301
-9999 -9999 -9999 0.121000188628503 0.120322942222051 0.11663878825689 0.0851742468138743 0.0851036307282351 0.0795335495624198 0.0795335495624198 0.0795335495624198 0.0795335495624198 0.0795335495624198 0.0795335495624198 0.0795335495624198 0.0798370717784305 0.0795335495624198 0.0795335495624198 0.0795335495624198 0.0795335495624198 0.0795335495624198 0.0795335495624198 0.0795335495624198 0.0796527428300898 0.0853951324763609 0.0861890186620088 0.0810710229790746 -9999 -9999 -9999 -9999 -9999 -9999 -9999 -9999 -9999 -9999 -9999 -9999 -9999 -9999 -9999 -9999 -9999 -9999 -9999 0.0972694789723788 0.119239350982447
-9999 -9999 -9999 -9999 0.119473658175321 0.103629690630481 0.0797752117327056 0.079539066304477 0.123233260510774 0.0796527428300898 0.0795335495624198 0.0795335495624198 0.0795335495624198 0.0795335495624198 0.0800224899720988 0.0795335495624198 0.0795335495624198 0.0795335495624198 0.0795335495624198 0.0795335495624198 0.0795335495624198 0.0795335495624198 0.0795335495624198 0.0795335495624198 0.0812118039430502 -9999 -9999 -9999 -9999 -9999 -9999 -9999 -9999 -9999 -9999 -9999 -9999 -9999 -9999 -9999 -9999 -9999 -9999 -9999 -9999 -9999 -9999 -9999
-9999 -9999 -9999 -9999 0.120711113513362 0.103875908190083 0.079543062894198 0.079539066304477 0.12371945748433 0.0796794873536024 0.0796527428300898 0.0796527428300898 0.0795335495624198 0.0828813216990412 0.0795335495624198 0.0795335495624198 0.0812444402091715 0.0795335495624198 0.0795335495624198 0.0795335495624198 0.0795335495624198 0.0795335495624198 0.0797925180648719 -9999 -9999 -9999 -9999 -9999 -9999 -9999 -9999 -9999 -9999 -9999 -9999 -9999 -9999 0.0798370717784305 0.079543062894198 0.0834551507010102 -9999 -9999 -9999 -9999 -9999 -9999 -9999 -9999
-9999 -9999 -9999 0.103870136187712 0.10525404970648 0.12232497695415 0.0973733141639442 0.100746335088548 0.101803038369017 0.100805331831182 0.0983998263268715 0.0833125238525 0.0795335495624198 0.0795294355236291 0.0795335495624198 0.0795335495624198 0.0795335495624198 0.0812118039430502 0.0795335495624198 0.0798370717784305 0.0800359628451712 0.0801249631076967 -9999 -9999 -9999 -9999 -9999 -9999 -9999 -9999 -9999 -9999 -9999 -9999 -9999 -9999 -9999 -9999 0.0800027678939757 0.0971647885350406 -9999 -9999 -9999 -9999 -9999 -9999 -9999 -9999
