Scripts_&_data/BRT_projection_files/BRT_SCV2/B_muscorum_1_projection.asc
NCOLS 79 
NROWS 71 
XLLCORNER -10.5 
YLLCORNER 36 
CELLSIZE 0.5 
NODATA_value -9999 
[rows 44 to 65 of 71, columns 0 to 48 of 79]
-9999 -9999 -9999 -9999 -9999 -9999 -9999 -9999 -9999 -9999 -9999 -9999 -9999 -9999 -9999 -9999 -9999 -9999 0.277659152382932 0.312936302408494 0.315371613871159 0.401803264884142 0.340844797220789 0.341837402377274 0.275625659008427 0.283562881021866 0.276200871237861 0.339289382554146 0.587471650344166 0.542924959941991 0.482266535539904 0.458871883251269 0.470931754329187 0.459445767554243 0.559125011817107 0.529857035839378 0.461348209600312 0.530700762150571 0.571032909116229 0.599828597012688 0.607894350889753 0.607380017929299 0.613428518418576 0.598750738114827 0.605860627569811 0.609331247484961 0.598844667725369 0.563172122071068 0.6046798775167
-9999 -9999 -9999 -9999 -9999 -9999 -9999 -9999 -9999 -9999 -9999 -9999 -9999 -9999 0.274220345864951 -9999 -9999 -9999 0.278184010132527 0.586146233502312 0.603300495115836 0.594863567440104 0.592817657795123 0.336715142704075 0.285003819279991 0.353221315274373 0.30520741950053 0.27459046734176 0.33446430935805 0.384021417755861 0.31343350141956 0.455729534680683 0.447004768481972 0.600934769766727 0.596699262918499 0.465985111551913 0.592679052542184 0.470231472770567 0.507323959377681 0.537975088181366 0.544713705369726 0.61120494463572 0.60814282164837 0.613275929007745 0.608137504242705 0.610719898749942 0.607223806936243 0.490326112310074 0.540238913086204
-9999 -9999 -9999 -9999 -9999 -9999 -9999 -9999 -9999 -9999 -9999 -9999 0.276801667459401 0.274482088452945 0.27426773081544 0.274133793438796 0.27403658327139 0.282340618665791 0.275473666425475 0.334361709344897 0.551484111197485 0.279036831765631 0.557538768626393 0.541677152377342 0.272208383456482 0.27404837830427 0.277356291416 0.274243848312993 0.274403974587602 0.275226110540769 0.338819607558958 0.472844084902635 0.444329441475892 0.542918900822835 0.458294938553167 0.455171196068108 0.594421375473616 0.333340614383153 0.476345817131842 0.59999826484679 0.548557134195158 0.612605839864423 0.613137492414248 0.606804772493801 0.67577742954768 0.599027617576293 0.593193396141728 0.554167527343987 0.588059066902961
-9999 -9999 -9999 -9999 -9999 -9999 -9999 -9999 -9999 -9999 -9999 -9999 -9999 -9999 0.315272712109436 0.278458627273044 0.277098050303302 0.27657018570944 0.276824375601429 0.273693626661292 0.277968795636509 0.278489331397433 0.276995113620118 0.27479223379554 0.275585794497911 0.274206862206299 0.277619665606067 0.274475189054962 0.274739670433099 0.583216562338426 0.53761662077214 0.477103535121658 0.483651328732983 0.369559834483726 0.360989184852919 0.367273627672165 0.554718221190127 0.455148270978692 0.472112033444015 0.570482985003174 0.567900396162955 0.517242270274705 0.503685456403595 0.453709597894566 0.449726581646185 0.473505747345477 0.319748724938702 0.39301991587894 0.340610235611931
-9999 -9999 -9999 -9999 -9999 -9999 -9999 -9999 -9999 -9999 -9999 -9999 -9999 -9999 -9999 -9999 -9999 0.291344331781631 0.281689620429477 0.27844120043363 0.276992050278812 0.275532304567626 0.276783841147049 0.275078596496674 0.274558641810116 0.275799654442356 0.274462008811747 0.363865482775583 0.421248787175246 0.53218152679263 0.561910334073978 0.273987292050074 0.417986626382199 0.353767091865953 0.35783217651408 0.464412099279544 0.479138890073611 0.485324149312225 0.492625527848333 0.503228090569288 0.451564892853087 0.221954846595194 0.197420884034938 0.217620026217693 0.210908143345045 0.240566839775782 0.198766918543435 0.18428563869426 0.192379427436597
-9999 -9999 -9999 -9999 -9999 -9999 -9999 -9999 -9999 -9999 -9999 -9999 -9999 -9999 -9999 -9999 -9999 0.276780649224588 0.277406247291652 0.274445781740135 0.273054662506193 0.274496001488255 0.273456476804836 0.287186146409074 0.275072231545077 0.287284806161011 0.277528768681173 0.294186683890258 0.376934747347258 0.463846781857953 0.317078503250924 0.313485968029548 0.355426816409829 0.35681625152853 0.580302591688946 0.591380519666667 0.492303929108134 0.22908800074878 0.232825947107371 0.232573591926024 0.231389915457012 0.167233140283935 0.170479522685634 0.185478522995809 0.184233502205088 0.169736095511504 0.1802692439457 0.198693652164985 0.211569292793622
-9999 -9999 -9999 -9999 -9999 -9999 -9999 -9999 -9999 -9999 -9999 -9999 -9999 -9999 -9999 -9999 -9999 -9999 -9999 0.276859785630416 0.276283223545556 0.285765016895662 0.27618808597449 0.276026875239653 0.563971141686845 0.668903118241951 0.607785968631778 0.560755198555574 0.657456902862195 0.597721406781104 0.425383206597244 0.350109236545935 0.353282527128244 0.448242991358736 0.369928725038623 0.234212034094546 0.219841258355592 0.187125452160625 0.232551018084877 0.187707593454827 0.188210180113402 0.184274292690284 0.172014178059702 0.218392640109255 0.181301246054511 0.181298149758525 0.368457423968551 0.438700485199478 0.229886417346544
-9999 -9999 -9999 -9999 -9999 -9999 -9999 -9999 -9999 -9999 -9999 -9999 -9999 -9999 -9999 -9999 -9999 -9999 -9999 0.276788903073043 0.275946602644393 0.277457138612642 0.296111771068518 0.340681047431792 0.352827038344988 0.454594522800587 0.472323384302476 0.596085447363779 0.45068966404667 0.513811249264194 0.370122344877559 0.304582294629044 0.357331142469016 0.311540820431407 0.181364405941232 0.185574706400063 0.187815188044645 0.358958768362106 0.403137341960824 0.403367330851819 0.382545157850394 0.370266177161405 0.363423415978397 0.362548596061991 0.464842905959002 0.330290312795537 0.323316332586506 -9999 0.406029576422654
-9999 -9999 -9999 -9999 -9999 -9999 -9999 -9999 -9999 -9999 -9999 -9999 -9999 -9999 -9999 -9999 -9999 -9999 -9999 0.313681719667165 0.278795923938265 0.281201560070917 0.32333079829622 0.323767137017393 0.369975745776279 0.350440431576572 0.383229634280184 0.551133374904242 0.427156006148426 0.360973397564886 0.329291988980784 0.352663437780284 0.357729107841534 0.180902006713266 0.170979435717377 0.261054341624109 0.304699757314983 0.277652637587545 0.295331923908296 0.30270644048917 0.288834840703599 0.287019084376126 0.290034752769668 0.295586597429317 0.303737188827291 -9999 -9999 -9999 0.347379429372327
-9999 -9999 -9999 -9999 -9999 -9999 -9999 -9999 -9999 -9999 -9999 -9999 -9999 -9999 -9999 -9999 -9999 -9999 -9999 0.338511822264613 0.321865186404116 0.282015146028852 0.298803602636934 0.32094626844374 0.326818221738564 0.451884443080661 0.436825588813936 0.459515355357141 0.370555167903537 0.351015533408216 0.36460027969098 0.333788170343906 0.330510915236689 0.174234994684473 0.169659737816517 0.470965816850113 0.287661669465486 0.276235080741883 0.282884347763501 0.345904416723314 0.299930416599104 0.287317743589399 0.304784623040095 0.29610804873335 0.28320460310133 0.274421241599886 -9999 -9999 -9999
-9999 -9999 -9999 -9999 -9999 -9999 -9999 -9999 -9999 -9999 -9999 -9999 -9999 -9999 -9999 -9999 -9999 -9999 0.270796478309379 0.303860207785859 0.300498185597766 0.278039107476738 0.279891191621773 0.282101231430094 0.315559339971844 0.27498046268056 0.550845376498102 0.429410000186098 0.319422514902717 0.396658043634867 0.320619493368833 0.430393329005277 0.333679521577228 0.31051051447103 0.24931931992605 0.327274315445874 0.524730998417718 0.293318771324027 -9999 -9999 0.325256268245831 0.38604111236122 0.494889806113385 0.538614555804683 0.284631315865074 0.290857363837186 -9999 -9999 -9999
-9999 -9999 -9999 -9999 -9999 -9999 -9999 -9999 -9999 -9999 -9999 -9999 -9999 -9999 -9999 -9999 -9999 -9999 0.374140848025203 0.327251093822769 0.279140525937682 0.277838673727294 0.275358563386089 0.289970374566955 0.278474810015507 0.279289445226903 0.338344330613025 0.388747062468335 0.381005688361045 0.32089573594567 0.335806688672451 0.35625952551492 0.349468467796116 0.321373306430923 0.302137777304361 0.337384546466312 -9999 -9999 -9999 -9999 -9999 -9999 0.298870029877461 0.30480525281697 0.460293212972932 0.590610737136921 0.284758977408053 -9999 -9999
-9999 -9999 -9999 0.328648968845508 0.374770932933881 0.380455889027455 0.340227512858993 0.297246839955304 0.411608568471316 0.413842540845629 0.405881616572893 0.327678832122657 0.316070736029931 0.323168342453941 0.344968254225927 0.344432142048754 0.332064075089322 0.400187959297918 0.381980323659981 0.359078504342441 0.370613907779753 0.292939868827734 0.278996461863772 0.27901958176389 0.28049233975764 0.313558210002761 0.312991599845842 0.327882681737467 -9999 -9999 -9999 -9999 0.289883531545377 0.284314051328479 -9999 -9999 -9999 -9999 -9999 -9999 -9999 -9999 0.298015637671648 0.279205218485737 0.277069724243407 0.278344847060832 0.27463669599448 0.276950069246998 0.278932939501173
-9999 -9999 -9999 0.351276594149921 0.390494506265687 0.350558345587095 0.338836750481619 0.309333550864325 0.316335518455564 0.355768113406481 0.354921513525796 0.39215352866032 0.441248765801567 0.434197963542452 0.427936435176073 0.448453437569572 0.351433974473647 0.311524564411716 0.342703655215622 0.356518305724072 0.466956832727111 0.279791055941155 0.465287823980451 0.389131080402884 0.431302043246099 0.392804300372551 0.328700488082355 -9999 -9999 -9999 -9999 -9999 -9999 -9999 -9999 -9999 -9999 -9999 -9999 -9999 -9999 -9999 -9999 0.274439515939782 0.277915314631381 0.278490643903296 0.278528175875121 0.454451431283723 0.289712865256932
-9999 -9999 -9999 -9999 0.330494486458365 0.360648473038404 0.304138300408535 0.294493503053324 0.350801164949932 0.280342862524013 0.273450107816108 0.275219197079508 0.26653245771766 0.390277437678863 0.483639070895534 0.589894091409963 0.448511888946827 0.28141772196083 0.279089558069662 0.274921379120639 0.395703981315775 0.31714095119679 0.40743155796804 0.323778794147754 0.345055941238778 0.549421119744945 0.328887231841496 0.324609529855682 -9999 -9999 -9999 -9999 -9999 -9999 -9999 -9999 -9999 -9999 -9999 -9999 -9999 -9999 -9999 -9999 0.273451611672122 0.311444731030726 0.286187536637084 0.458154737341751 0.540094344566797
-9999 -9999 -9999 0.403259837167827 0.39244006491572 0.370538232434184 0.336035372708281 0.34314392585162 0.299523225457661 0.27804837463763 0.277403037044259 0.277499392444256 0.27062616710354 0.332632105822232 0.314948326373377 0.454788100659944 0.585005504399339 0.291150781469493 0.279384091889586 0.289517159305353 0.274627837431524 0.279170669422993 0.281727042283689 0.280785436691436 0.360946639084446 0.383791739051666 0.339824026804414 -9999 -9999 -9999 -9999 -9999 -9999 -9999 -9999 -9999 -9999 -9999 -9999 -9999 -9999 -9999 -9999 -9999 -9999 -9999 0.326459795122906 0.318193052101123 0.315574804991246
-9999 -9999 -9999 -9999 0.421885206955057 0.353632436163929 0.323980360378602 0.298310318926429 0.309528659910103 0.27898652110136 0.273336896498002 0.277787380817056 0.265214030983666 0.483075393722408 0.469445147691135 0.310701959005248 0.473516473377595 0.484593208699476 0.262634719812946 0.267811061007244 0.279614764997898 0.264678106947878 0.310567494778132 0.314738067080342 0.334303968438319 -9999 -9999 -9999 -9999 -9999 -9999 -9999 -9999 -9999 -9999 -9999 -9999 -9999 -9999 -9999 -9999 -9999 -9999 -9999 -9999 -9999 -9999 -9999 0.309104433590225
-9999 -9999 -9999 -9999 0.395708301976158 0.38810529318664 0.322156986695263 0.319111334872128 0.301351971253678 0.313397603699708 0.288565417387286 0.350050861690571 0.589154936142972 0.395635759091702 0.281558438465663 0.264454953599436 0.377793802934251 0.474014760088 0.583729755591136 0.481056149701158 0.294938856369261 0.296663470536271 0.322731918232307 -9999 -9999 -9999 -9999 -9999 -9999 -9999 -9999 -9999 -9999 -9999 -9999 -9999 -9999 0.321145950477859 0.275865959036131 0.316379849007847 -9999 -9999 -9999 -9999 -9999 -9999 -9999 -9999 -9999
-9999 -9999 -9999 0.345925718866223 0.357763309714747 0.374891606027063 0.352504611817833 0.323476298731165 0.327214148048338 0.319569205548922 0.382991414205961 0.313323862832071 0.280434872520244 0.325548478403228 0.298656451695304 0.273413346739263 0.264832261861477 0.369651176277874 0.579839207965982 0.458908415288423 0.326137959487804 0.323284031765711 -9999 -9999 -9999 -9999 -9999 -9999 -9999 -9999 -9999 -9999 -9999 -9999 -9999 -9999 -9999 -9999 0.278020051421564 0.311403248936159 -9999 -9999 -9999 -9999 -9999 -9999 -9999 -9999 -9999
-9999 -9999 -9999 0.346544407163752 0.328275057112214 0.325663745951415 0.315575736575627 0.307835168720909 0.326471272453638 0.326916974941654 0.273343804136995 0.279003805531827 0.277857034057967 0.277680330830179 0.277654642816929 0.277722456566365 0.264479134485165 0.296393157151045 0.297877009387835 0.318748459450451 0.332676044549233 -9999 -9999 -9999 -9999 -9999 -9999 -9999 -9999 -9999 -9999 -9999 -9999 -9999 -9999 -9999 -9999 -9999 0.275576236678393 0.307243908167123 -9999 -9999 -9999 -9999 -9999 -9999 -9999 -9999 -9999
-9999 -9999 0.330172317915982 0.282715737743258 0.32165420300724 0.274888783054255 0.312496511178795 0.30762299960716 0.320457747496024 0.313573248462267 0.315194523159627 0.298468730432496 0.277934284010272 0.2780078745587 0.277831814154167 0.277727896169128 0.277732457267468 0.277885339029628 0.309145589890418 0.315194511097542 -9999 -9999 -9999 -9999 -9999 -9999 -9999 -9999 -9999 -9999 -9999 -9999 -9999 -9999 -9999 -9999 -9999 -9999 0.285277492381721 0.331950126273474 -9999 -9999 -9999 -9999 -9999 -9999 -9999 -9999 -9999
-9999 -9999 0.349396341690436 0.313002025796154 0.295850255991058 0.279053809262684 0.278037141827024 0.27709256441548 0.277100182854552 0.277779034590091 0.286241886743788 0.26351552074612 0.280206863702228 0.279125895281441 0.27782749930992 0.267149645152406 0.26536845706857 0.278222627126196 0.278212984594778 0.279065574987853 0.275867917125958 -9999 -9999 -9999 -9999 -9999 -9999 -9999 -9999 -9999 -9999 -9999 -9999 -9999 -9999 -9999 -9999 -9999 -9999 -9999 -9999 -9999 -9999 -9999 -9999 -9999 -9999 -9999 -9999
