Scripts_&_data/BRT_projection_files/BRT_SCV2/B_muscorum_2_projection.asc
NCOLS 79 
NROWS 71 
XLLCORNER -10.5 
YLLCORNER 36 
CELLSIZE 0.5 
NODATA_value -9999 
[rows 44 to 65 of 71, columns 0 to 48 of 79]
-9999 -9999 -9999 -9999 -9999 -9999 -9999 -9999 -9999 -9999 -9999 -9999 -9999 -9999 -9999 -9999 -9999 -9999 0.302174234721934 0.230846209274335 0.25893515075912 0.299947048817729 0.226984728593577 0.26486534335834 0.185212961495873 0.215700021731642 0.186372375753335 0.225201425064075 0.226293970622796 0.225184026918483 0.229386806176511 0.233360487669259 0.228856398848014 0.267265545453366 0.21482453916795 0.213635650685489 0.192482126674772 0.245097418755832 0.218537893184216 0.263618383490683 0.230430708477567 0.229391834932654 0.30963879321131 0.292197079998819 0.223737554686772 0.180493613282467 0.178962816818956 0.18144347675379 0.226987868882136
-9999 -9999 -9999 -9999 -9999 -9999 -9999 -9999 -9999 -9999 -9999 -9999 -9999 -9999 0.187256203990324 -9999 -9999 -9999 0.313901020623738 0.321410657546214 0.287467760100744 0.309990829244091 0.226722597082641 0.223501409523801 0.222248692800132 0.246138494476696 0.240178251169243 0.220493322663347 0.223486273619243 0.223962119573509 0.227407532893394 0.229975994044514 0.230412592727876 0.271900277888387 0.22605324287307 0.177813790049668 0.271768683799148 0.222116316212584 0.21579495616324 0.259108207465926 0.237348824017165 0.299326407173496 0.231715956023811 0.297449809674395 0.229627693587246 0.233780010532674 0.232756809171675 0.210507512990413 0.177179374471448
-9999 -9999 -9999 -9999 -9999 -9999 -9999 -9999 -9999 -9999 -9999 -9999 0.227474579228781 0.310046101653438 0.311689400778758 0.301771117227981 0.2842080281438 0.252976074202261 0.307305039321984 0.307833289715975 0.312802174648982 0.227660153590005 0.226599967324513 0.223237849361311 0.221042592037766 0.184977282840501 0.186690433612292 0.185442499624785 0.222136792232428 0.225651471062207 0.228432137821326 0.229087990058874 0.228661511334798 0.22245861342271 0.191050741354238 0.190791096833883 0.255928935204968 0.207585359161351 0.275487270398406 0.244618816394832 0.308538916031367 0.305630833370877 0.305729670953493 0.302650391467419 0.339568295902894 0.233759495626456 0.233784790989627 0.310400836277162 0.395471839638147
-9999 -9999 -9999 -9999 -9999 -9999 -9999 -9999 -9999 -9999 -9999 -9999 -9999 -9999 0.190423952925033 0.250207651338751 0.261971573232464 0.257655317771369 0.260602210926295 0.269455033456386 0.235572149035192 0.18621861416638 0.186474222702654 0.186218922424876 0.181822664935003 0.181477867138946 0.185887650751468 0.186073008818074 0.227235808243317 0.230130159742043 0.222290152719725 0.235143116648596 0.229106936329544 0.204243873037269 0.230848511098685 0.241482624392317 0.284684168332496 0.204545909645181 0.280601612686156 0.284743814750086 0.309166511869988 0.318628952971104 0.216919126419015 0.205763533569213 0.204435596015481 0.264099351668011 0.151013142933066 0.161871242910489 0.182891910803428
-9999 -9999 -9999 -9999 -9999 -9999 -9999 -9999 -9999 -9999 -9999 -9999 -9999 -9999 -9999 -9999 -9999 0.270715741120358 0.250531033282696 0.191508751213944 0.185457337249502 0.186283970668225 0.219160255573722 0.186068200385956 0.186072539960341 0.181237037080035 0.186685260232302 0.220146888144754 0.219930988758653 0.222425846648767 0.225921311977233 0.227787390537501 0.203722476804702 0.204842902389542 0.204415942735812 0.248459334485318 0.256234107027121 0.301755784982091 0.39796682302775 0.301055363150573 0.222667300672855 0.219536036880619 0.125112180711959 0.126115976623163 0.16172474372606 0.156974498428879 0.154138270195607 0.139019027352186 0.101644316287186
-9999 -9999 -9999 -9999 -9999 -9999 -9999 -9999 -9999 -9999 -9999 -9999 -9999 -9999 -9999 -9999 -9999 0.186763780197901 0.243893609836264 0.258595754172785 0.236676694387728 0.18411976371954 0.184985057683097 0.248772179562738 0.186036334994881 0.248021076741239 0.186538550418159 0.184232597631523 0.225907762816948 0.207802317010032 0.219735312338697 0.189307936698439 0.234425464414912 0.236093548818054 0.345390483547656 0.293852672288972 0.205855893742368 0.107666649957611 0.208182639094436 0.196768725713227 0.229694204886869 0.199950227614625 0.126082757164429 0.101623375199697 0.101595120035799 0.12810198716662 0.125397494092868 0.102010365809499 0.10430068841993
-9999 -9999 -9999 -9999 -9999 -9999 -9999 -9999 -9999 -9999 -9999 -9999 -9999 -9999 -9999 -9999 -9999 -9999 -9999 0.184703817420157 0.184943397215607 0.190139748121081 0.260881115842786 0.296791768251489 0.22609146546618 0.33316314380937 0.293470532231314 0.227635775449047 0.300434344948161 0.221217192998724 0.225676396267342 0.224594010322342 0.212776395193178 0.245416054839895 0.205520998923778 0.101613017455758 0.101826141121125 0.105801337525154 0.117774356782774 0.102322667906288 0.132856158740305 0.101604569852142 0.101595120035799 0.123381203183685 0.101595120035799 0.101604569852142 0.205156700704971 0.24114432128745 0.106650787895264
-9999 -9999 -9999 -9999 -9999 -9999 -9999 -9999 -9999 -9999 -9999 -9999 -9999 -9999 -9999 -9999 -9999 -9999 -9999 0.186261064860243 0.18490406516711 0.18693646419474 0.183873578415575 0.21931791654871 0.203698215196763 0.177971606440654 0.177707819067297 0.259858168635019 0.177036661473381 0.293172263691077 0.295160578392209 0.208415184076147 0.20284542967832 0.205020560875181 0.101698402255005 0.101595120035799 0.125249885919673 0.22526099095118 0.211626923179131 0.21946216261697 0.241780621276228 0.265976448864224 0.205695606791773 0.267068319065286 0.267110347511869 0.217168785705141 0.211179402860063 -9999 0.243615098379357
-9999 -9999 -9999 -9999 -9999 -9999 -9999 -9999 -9999 -9999 -9999 -9999 -9999 -9999 -9999 -9999 -9999 -9999 -9999 0.186284541405015 0.186822935931678 0.185075366791153 0.173718488802227 0.16905028963143 0.166586100620816 0.206267157247478 0.207732517284275 0.180167915838462 0.207469435416507 0.232400922334703 0.170689748721684 0.173331494908629 0.231363499308111 0.104285031932685 0.101595120035799 0.140516489369238 0.241463742648592 0.185570595027499 0.2145336969447 0.238308421666142 0.214748078938062 0.214239837134385 0.2181196667727 0.213538015730712 0.218426468420262 -9999 -9999 -9999 0.182746163787631
-9999 -9999 -9999 -9999 -9999 -9999 -9999 -9999 -9999 -9999 -9999 -9999 -9999 -9999 -9999 -9999 -9999 -9999 -9999 0.208749486281984 0.1852174941665 0.18619042206585 0.184094694987274 0.172742733459298 0.246920105829406 0.20492493464866 0.215183004953712 0.207314377386115 0.207369378685765 0.206199833350928 0.166696466053692 0.207720039639563 0.154496254403975 0.10428526683886 0.101595120035799 0.21205122668217 0.214059742178562 0.191928514080757 0.208951149554104 0.20776168679646 0.204494424293055 0.216676574401821 0.219966919798122 0.213392462339539 0.185841613874039 0.186862908085405 -9999 -9999 -9999
-9999 -9999 -9999 -9999 -9999 -9999 -9999 -9999 -9999 -9999 -9999 -9999 -9999 -9999 -9999 -9999 -9999 -9999 0.189840980350745 0.173290808479567 0.179987606479102 0.184394247108173 0.185734121993492 0.185987619596457 0.214215052324971 0.250335552966197 0.30302409371344 0.205396439718116 0.248097422710205 0.166790593033661 0.181564408842213 0.210975371249789 0.208726621216464 0.209150567614509 0.145407514912202 0.206696827811633 0.176347039880679 0.170313035613864 -9999 -9999 0.176638029564019 0.17723839947775 0.176394407433766 0.214521189607428 0.185988546709503 0.21536428956431 -9999 -9999 -9999
-9999 -9999 -9999 -9999 -9999 -9999 -9999 -9999 -9999 -9999 -9999 -9999 -9999 -9999 -9999 -9999 -9999 -9999 0.167225482595114 0.185321199261645 0.191503423339174 0.210664571547239 0.184066744752748 0.220781415596755 0.184893920429186 0.185346896174093 0.168271246372209 0.168430532683507 0.192259714810557 0.214063565185694 0.21364733930934 0.201303000111693 0.168358881847548 0.167844388077605 0.166895695068266 0.204583426696858 -9999 -9999 -9999 -9999 -9999 -9999 0.217376958677928 0.216413405044286 0.17743016201061 0.180325793896565 0.22387941601031 -9999 -9999
-9999 -9999 -9999 0.208851391136282 0.189204916548822 0.198215327064105 0.199936348290565 0.211048046552445 0.227428846121367 0.253733856591623 0.253304475654109 0.279006434675754 0.179627221869048 0.177895888899738 0.196816477763304 0.193963145652981 0.228846703929778 0.207496769683039 0.181384686643261 0.170946163326668 0.182880022319892 0.183197151803295 0.186968259115211 0.185592021574384 0.186093241435611 0.181458415600074 0.180820560230645 0.187245120964693 -9999 -9999 -9999 -9999 0.215890796628044 0.173918586134557 -9999 -9999 -9999 -9999 -9999 -9999 -9999 -9999 0.180870208628151 0.180961463960189 0.186379636011284 0.186762839177705 0.224792369512 0.186929042341431 0.188368695539248
-9999 -9999 -9999 0.187721963296506 0.166651083611445 0.167931315826503 0.204387469189246 0.205156596766251 0.207200950558005 0.208455878335877 0.209944225965028 0.235044935265644 0.228748231338483 0.235212083624938 0.229841547117312 0.226841412137446 0.215417078306808 0.187080954100125 0.202397365926689 0.217163686935463 0.194550925857762 0.143304417153353 0.225960255540258 0.175155364373907 0.181825754211436 0.179133326272135 0.17360566832439 -9999 -9999 -9999 -9999 -9999 -9999 -9999 -9999 -9999 -9999 -9999 -9999 -9999 -9999 -9999 -9999 0.185979969702969 0.185778465746105 0.185732476666627 0.18577347592547 0.179869075544638 0.216060589332632
-9999 -9999 -9999 -9999 0.189525528854005 0.166633011578948 0.207033216329716 0.206835862692739 0.205672520598025 0.204860681680862 0.231921171666712 0.179190446709834 0.301211126955047 0.273781527920626 0.227784927226912 0.226882814979151 0.227981625228145 0.211917027099195 0.186935814192885 0.192112807012926 0.186589766193466 0.185845831791243 0.235241986550186 0.21410586847012 0.207929154959939 0.225193715251236 0.17774154600211 0.178934657649675 -9999 -9999 -9999 -9999 -9999 -9999 -9999 -9999 -9999 -9999 -9999 -9999 -9999 -9999 -9999 -9999 0.186889079489902 0.204887533668534 0.184464408614426 0.206759955459646 0.179146814452644
-9999 -9999 -9999 0.201659546636554 0.166516102325478 0.201800261958559 0.17075448353024 0.16807518313907 0.181632782546014 0.247824226132722 0.185092759270565 0.208025603283254 0.238309237369282 0.2321469758307 0.185779723019125 0.226201925284904 0.278569716014395 0.181314163034747 0.180116758432268 0.209105375829737 0.180589474309835 0.204461934939571 0.203267057613055 0.218430577980918 0.217099757133252 0.218649538823971 0.207991671765648 -9999 -9999 -9999 -9999 -9999 -9999 -9999 -9999 -9999 -9999 -9999 -9999 -9999 -9999 -9999 -9999 -9999 -9999 -9999 0.240414599496243 0.213304325156762 0.168128623864043
-9999 -9999 -9999 -9999 0.195008096164932 0.166373928412001 0.179863444560982 0.180486637824431 0.347361543334852 0.250828333287797 0.257858620393504 0.180112456555721 0.181419858125712 0.335440908601385 0.231899744796709 0.287104715731108 0.41840034009194 0.225393040265426 0.181341646591553 0.1807429178603 0.180572935052424 0.255145848214087 0.180346553911627 0.208010743262527 0.207236194064901 -9999 -9999 -9999 -9999 -9999 -9999 -9999 -9999 -9999 -9999 -9999 -9999 -9999 -9999 -9999 -9999 -9999 -9999 -9999 -9999 -9999 -9999 -9999 0.188220842103962
-9999 -9999 -9999 -9999 0.173386494349028 0.166024360600312 0.179067777021575 0.224423263606714 0.338099888445292 0.241275445302322 0.251436812468444 0.244153165086519 0.307355483439088 0.250769331910771 0.202209074664831 0.181439591342232 0.226114113540713 0.233889499184998 0.363267086314449 0.230434265399782 0.181551473122147 0.180700337887837 0.179148238182072 -9999 -9999 -9999 -9999 -9999 -9999 -9999 -9999 -9999 -9999 -9999 -9999 -9999 -9999 0.185773098122834 0.186415980724199 0.172523754828705 -9999 -9999 -9999 -9999 -9999 -9999 -9999 -9999 -9999
-9999 -9999 -9999 0.186072641345505 0.167579764876366 0.17901097197806 0.178687568268702 0.235731085137358 0.177863018310369 0.265669133955877 0.293863711868139 0.238903593396173 0.209849155786755 0.232782673538468 0.209992037457648 0.24803657442139 0.181351624169519 0.231590919037974 0.225992589396488 0.231712904524773 0.178660440713646 0.178896433955096 -9999 -9999 -9999 -9999 -9999 -9999 -9999 -9999 -9999 -9999 -9999 -9999 -9999 -9999 -9999 -9999 0.234345306196148 0.181283660685508 -9999 -9999 -9999 -9999 -9999 -9999 -9999 -9999 -9999
-9999 -9999 -9999 0.205562380206492 0.178497836121895 0.177718668663376 0.214208307416615 0.343857284387507 0.222110338569647 0.213042757858237 0.233320151134489 0.180217849209218 0.20423424457681 0.178628114545719 0.178611875830679 0.242559993126105 0.261528415983147 0.185966060459892 0.181286358904857 0.180185882452723 0.207485756605565 -9999 -9999 -9999 -9999 -9999 -9999 -9999 -9999 -9999 -9999 -9999 -9999 -9999 -9999 -9999 -9999 -9999 0.185789879134054 0.173568174711939 -9999 -9999 -9999 -9999 -9999 -9999 -9999 -9999 -9999
-9999 -9999 0.190884782968797 0.202430915850092 0.200815582798497 0.266857567410292 0.216414078556871 0.248876826260941 0.216675724680336 0.251505497502484 0.264455208273717 0.185484750769463 0.18110662890388 0.203620717052663 0.178589175826526 0.224818196596227 0.210467301793217 0.178569730006777 0.180508492313581 0.180696860625484 -9999 -9999 -9999 -9999 -9999 -9999 -9999 -9999 -9999 -9999 -9999 -9999 -9999 -9999 -9999 -9999 -9999 -9999 0.182207877740842 0.216184267920275 -9999 -9999 -9999 -9999 -9999 -9999 -9999 -9999 -9999
-9999 -9999 0.230202394365521 0.180614906307738 0.219040915845614 0.215860992233211 0.218499823831797 0.218127145969472 0.212871235564518 0.218635854548049 0.278901502639329 0.238179909668739 0.218562429112132 0.219959648127095 0.231068082199626 0.31350396594443 0.185996923517075 0.179567751571172 0.180345007641506 0.179487911566068 0.209567549692458 -9999 -9999 -9999 -9999 -9999 -9999 -9999 -9999 -9999 -9999 -9999 -9999 -9999 -9999 -9999 -9999 -9999 -9999 -9999 -9999 -9999 -9999 -9999 -9999 -9999 -9999 -9999 -9999
