Scripts_&_data/BRT_projection_files/BRT_SCV2/B_norvegicus_2_projection.asc
NCOLS 79 
NROWS 71 
XLLCORNER -10.5 
YLLCORNER 36 
CELLSIZE 0.5 
NODATA_value -9999 
[rows 44 to 65 of 71, columns 0 to 48 of 79]
-9999 -9999 -9999 -9999 -9999 -9999 -9999 -9999 -9999 -9999 -9999 -9999 -9999 -9999 -9999 -9999 -9999 -9999 0.141565891516957 0.141579793998602 0.14181473021877 0.146885075851549 0.147051250834435 0.149911746092448 0.141528426449431 0.147945637914865 0.147429468859319 0.141520977884506 0.163748286329188 0.160927639754406 0.176729105269031 0.207430265237192 0.189307829704961 0.176203350627292 0.187626920440935 0.221353011404349 0.240282950062665 0.14871351949771 0.184873109671915 0.216431358248394 0.218987423468056 0.216089582199985 0.215595483248979 0.217272769123473 0.211046345776303 0.212618931459412 0.23363509736033 0.259332943835389 0.218075458388943
-9999 -9999 -9999 -9999 -9999 -9999 -9999 -9999 -9999 -9999 -9999 -9999 -9999 -9999 0.141574407604827 -9999 -9999 -9999 0.144952571955288 0.153848991145547 0.18504667230631 0.181141002578033 0.166765448023679 0.141472049040437 0.148892557143705 0.148030946436558 0.14832958649496 0.141501412514816 0.141953584255038 0.149594081070269 0.149677268741214 0.205188980980922 0.20738283807094 0.216106787233214 0.186626996019027 0.213535971480723 0.148886638594615 0.238508123352279 0.216327146514628 0.241445532904072 0.220187209065387 0.215837601363533 0.19888715477052 0.215521743616322 0.215134562633996 0.186680233866786 0.200157786869454 0.208919114098226 0.256138104839474
-9999 -9999 -9999 -9999 -9999 -9999 -9999 -9999 -9999 -9999 -9999 -9999 0.141573907537996 0.143657691106853 0.141514248734741 0.141514248734741 0.141514248734741 0.141628018736608 0.141514248734741 0.141514248734741 0.143660872588611 0.144379073352877 0.143806303466423 0.143705789406418 0.141447363708756 0.141496346814107 0.147349472219659 0.144303293894684 0.141501412514816 0.144362491915829 0.159250907133341 0.206799312118206 0.207583138987633 0.216073296566356 0.210194523209621 0.233709308977983 0.152651085294083 0.238365507656622 0.212356816057185 0.216566063033832 0.208468758854058 0.219800170603784 0.224035423259987 0.224346373836479 0.223139627248129 0.217381081487173 0.208446000842204 0.20870980587362 0.147952035956986
-9999 -9999 -9999 -9999 -9999 -9999 -9999 -9999 -9999 -9999 -9999 -9999 -9999 -9999 0.141619906147601 0.141552368521968 0.141514248734741 0.141506800081587 0.141514248734741 0.141514248734741 0.144276865792463 0.147690816618402 0.141521300580379 0.144298116503912 0.147564391921179 0.147806332775551 0.144286376964088 0.146330056776767 0.14637608081414 0.169453138457339 0.213972653063767 0.207400248723266 0.178644867171742 0.178263283115425 0.243767661237092 0.211193148158475 0.217466368810765 0.208354427768138 0.213768946485661 0.210642375118479 0.208942321947408 0.210262093978001 0.221168135577137 0.210457413025763 0.244456591272303 0.244572429002351 0.244189990471143 0.244971451523553 0.244903794811681
-9999 -9999 -9999 -9999 -9999 -9999 -9999 -9999 -9999 -9999 -9999 -9999 -9999 -9999 -9999 -9999 -9999 0.142791723085168 0.141594698247235 0.141627729700557 0.141485067903506 0.147419045638613 0.144380974372834 0.144286376964088 0.147499839997483 0.147688899506123 0.141533815284335 0.148185512276129 0.15414528352086 0.216089994025549 0.186018529119588 0.141653315144115 0.145447289849777 0.207206195406058 0.208283665400673 0.210593573682319 0.21589138002529 0.215485793974231 0.215807502187318 0.227710607471531 0.250252286080473 0.172148674967311 0.228034800786673 0.249687485253964 0.246604463729243 0.24599294175564 0.216346184126728 0.244654617741878 0.24196656144875
-9999 -9999 -9999 -9999 -9999 -9999 -9999 -9999 -9999 -9999 -9999 -9999 -9999 -9999 -9999 -9999 -9999 0.141514248734741 0.141514248734741 0.141514248734741 0.141506800081587 0.141524423539685 0.141506800081587 0.144383146727161 0.141514248734741 0.141533815284335 0.147288018065608 0.147891850678753 0.148156381310879 0.179079121117665 0.148460455714499 0.148304307299643 0.207743747138462 0.243788692813259 0.210789501417851 0.240770839338462 0.247837376077916 0.248562315493398 0.165746374692243 0.16376256697011 0.165401297750361 0.190666505799161 0.187019309568197 0.243498101800459 0.227192468445661 0.189249725678762 0.245373008014521 0.243547228965063 0.244096282890177
-9999 -9999 -9999 -9999 -9999 -9999 -9999 -9999 -9999 -9999 -9999 -9999 -9999 -9999 -9999 -9999 -9999 -9999 -9999 0.141514248734741 0.141514248734741 0.141514248734741 0.141514248734741 0.148673240065306 0.164647300997121 0.187937460685715 0.188588885850813 0.151513811596682 0.165018855427822 0.184853026144655 0.151884237784406 0.147762597951315 0.21270007677897 0.217888208899421 0.237672771653574 0.225412776964306 0.228211327825632 0.24759544408271 0.245370045069625 0.247894317370287 0.232180648328985 0.200891342818396 0.190718256134089 0.250673819818176 0.225135000946794 0.249416149611173 0.207206195406058 0.216869692468818 0.358472141076288
-9999 -9999 -9999 -9999 -9999 -9999 -9999 -9999 -9999 -9999 -9999 -9999 -9999 -9999 -9999 -9999 -9999 -9999 -9999 0.141514248734741 0.141514248734741 0.144392680498674 0.147886232520989 0.14835598174699 0.180609832035607 0.211921446289393 0.242727304968161 0.162668776541509 0.210775177562324 0.175764274122532 0.14402787497877 0.148013560005009 0.179067391882273 0.217570017716157 0.247975050567088 0.228773515659021 0.24937598463557 0.210726136397831 0.146237168353443 0.146165300549616 0.214207435567444 0.223716205437174 0.245700461820058 0.220051275520931 0.212218763475421 0.144507692460425 0.142987814304115 -9999 0.143035282978674
-9999 -9999 -9999 -9999 -9999 -9999 -9999 -9999 -9999 -9999 -9999 -9999 -9999 -9999 -9999 -9999 -9999 -9999 -9999 0.14782739769233 0.147449092827551 0.147886232520989 0.14832470532024 0.141574407604827 0.142829423298986 0.211104343030112 0.228978181734475 0.212356052204866 0.207236065036215 0.208489286095 0.141705371944239 0.148331032792826 0.182232937777103 0.243968409201348 0.238425023775002 0.245022378922014 0.144128545422272 0.142810451344862 0.144278809376627 0.143988193187853 0.143749802166716 0.142880729024267 0.1438648318674 0.143847252491935 0.143961175473952 -9999 -9999 -9999 0.143238014973251
-9999 -9999 -9999 -9999 -9999 -9999 -9999 -9999 -9999 -9999 -9999 -9999 -9999 -9999 -9999 -9999 -9999 -9999 -9999 0.148308923540606 0.148514817606932 0.147700270459762 0.14774829914645 0.14831198960023 0.149071590011361 0.174729065783043 0.20793384731428 0.207562255934679 0.228659847528379 0.213218456476635 0.141743128927984 0.210025830976633 0.253385826271687 0.2951025206128 0.239765851944026 0.209597242020946 0.141653327602757 0.141654527185848 0.142926328090666 0.210089857178505 0.141875125231613 0.146571353046214 0.143776738453931 0.143675258761952 0.141773029716516 0.142762785411712 -9999 -9999 -9999
-9999 -9999 -9999 -9999 -9999 -9999 -9999 -9999 -9999 -9999 -9999 -9999 -9999 -9999 -9999 -9999 -9999 -9999 0.147325527810903 0.147520439506119 0.147135619020521 0.147486944524014 0.14150173344216 0.146449472686368 0.148514756550144 0.141522610156917 0.17991720073462 0.201728530800561 0.214058835923294 0.141861464320899 0.14177078842135 0.145756013486582 0.207331900481754 0.232804405040125 0.245383065144949 0.209375793561902 0.21288205566109 0.144586329611385 -9999 -9999 0.145104962300879 0.21638823837698 0.212727641446575 0.163098976296185 0.147541618513092 0.143651071396941 -9999 -9999 -9999
-9999 -9999 -9999 -9999 -9999 -9999 -9999 -9999 -9999 -9999 -9999 -9999 -9999 -9999 -9999 -9999 -9999 -9999 0.144136523400469 0.141602391967215 0.146411726693497 0.141506800081587 0.141452747945297 0.145743042340404 0.14150173344216 0.147778184559712 0.141588522944686 0.141566031539885 0.143012099618863 0.147853402651743 0.148437134669749 0.141840594365387 0.141589532339406 0.142781719504903 0.143434400059124 0.146358196244374 -9999 -9999 -9999 -9999 -9999 -9999 0.144151366161268 0.148639966694124 0.211561892930543 0.211796721521028 0.141853995253999 -9999 -9999
-9999 -9999 -9999 0.143932330827523 0.144861644074279 0.141726294832483 0.143288966483576 0.147429602526229 0.212633093216183 0.178424383492853 0.181830018205369 0.243713112892057 0.143233035934133 0.141602391967215 0.142005341476666 0.14446662690927 0.142042441322521 0.144500438576996 0.141570761640446 0.141602391967215 0.148361283230812 0.14779395578376 0.146420401465679 0.147593189664135 0.147449092827551 0.147813233099314 0.147818464379785 0.146462148960457 -9999 -9999 -9999 -9999 0.147589021222542 0.147346698033495 -9999 -9999 -9999 -9999 -9999 -9999 -9999 -9999 0.148064078350644 0.147578700499709 0.141836981026914 0.142956826093576 0.147799187064231 0.14630912449052 0.143500435483857
-9999 -9999 -9999 0.141992722252212 0.141594014046698 0.141571416782188 0.143274684332865 0.213366551539682 0.215384717566562 0.205895244769966 0.208720252053284 0.208911535479632 0.205070462703806 0.205848320743105 0.17667129794429 0.145180385375331 0.179451062034397 0.141733401516699 0.141580145024169 0.215085426724464 0.262838273448421 0.262605147634326 0.25321053216682 0.216600475017057 0.21335881900819 0.151567211145576 0.147600305204329 -9999 -9999 -9999 -9999 -9999 -9999 -9999 -9999 -9999 -9999 -9999 -9999 -9999 -9999 -9999 -9999 0.1459783380412 0.14776741598177 0.147558337273813 0.147724707887142 0.210335694952644 0.146595241429401
-9999 -9999 -9999 -9999 0.141566031539885 0.14181057608344 0.210174555536458 0.209384065010713 0.205635770475431 0.141461101930503 0.141452747945297 0.141452747945297 0.141452747945297 0.141452747945297 0.204783852468712 0.204775379531783 0.141509911188031 0.141461101930503 0.141444371793306 0.141490660340406 0.141490660340406 0.141544707352023 0.156162629434532 0.208623991552147 0.205681440494529 0.213364573825618 0.14191094790244 0.142433439498734 -9999 -9999 -9999 -9999 -9999 -9999 -9999 -9999 -9999 -9999 -9999 -9999 -9999 -9999 -9999 -9999 0.141891026702651 0.146564796641623 0.147558176310754 0.204498172593549 0.214757727309043
-9999 -9999 -9999 0.143368065598716 0.14342544170407 0.147270341733011 0.141566031539885 0.141552162517356 0.141499030322455 0.141452747945297 0.141452747945297 0.14156854388557 0.141452747945297 0.141452747945297 0.141517287627314 0.141522515688168 0.141461101930503 0.14150441329849 0.142392776125963 0.143669743527374 0.141447363708756 0.141472311453216 0.141526266574448 0.141457940860767 0.142369834037654 0.146071091487639 0.144680953383098 -9999 -9999 -9999 -9999 -9999 -9999 -9999 -9999 -9999 -9999 -9999 -9999 -9999 -9999 -9999 -9999 -9999 -9999 -9999 0.148579435784287 0.141964928178249 0.141789769897855
-9999 -9999 -9999 -9999 0.144192292725503 0.143238014973251 0.141522515688168 0.141499030322455 0.141461123237631 0.141457503730216 0.141452747945297 0.141452747945297 0.141461101930503 0.141505594221145 0.203549208786852 0.141519779732963 0.141506905404139 0.14150441329849 0.141488013610972 0.141743766229307 0.144863942578146 0.141554644292655 0.14150441329849 0.141717854535295 0.143842400465128 -9999 -9999 -9999 -9999 -9999 -9999 -9999 -9999 -9999 -9999 -9999 -9999 -9999 -9999 -9999 -9999 -9999 -9999 -9999 -9999 -9999 -9999 -9999 0.145359713377152
-9999 -9999 -9999 -9999 0.145021388530472 0.143274805728273 0.141561890638752 0.141501615161327 0.141461123237631 0.141564685222734 0.141514489490151 0.141530552592736 0.142312973999446 0.143111706576047 0.141555727229527 0.141517287627314 0.142522475004347 0.202527964743669 0.155108770095698 0.155212632262276 0.14150441329849 0.14150441329849 0.142762785411712 -9999 -9999 -9999 -9999 -9999 -9999 -9999 -9999 -9999 -9999 -9999 -9999 -9999 -9999 0.141808977129531 0.141627561215869 0.148310345017188 -9999 -9999 -9999 -9999 -9999 -9999 -9999 -9999 -9999
-9999 -9999 -9999 0.141933718083959 0.144099172006736 0.143782289271374 0.141574407604827 0.141565924976073 0.141565924976073 0.14156312558966 0.141568418852538 0.141565924976073 0.141498809177728 0.143701545513535 0.142065621325046 0.141452747945297 0.141488013610972 0.200927815213704 0.145047994741858 0.202699041383613 0.141499030322455 0.141536384710697 -9999 -9999 -9999 -9999 -9999 -9999 -9999 -9999 -9999 -9999 -9999 -9999 -9999 -9999 -9999 -9999 0.147033003607592 0.148336368959219 -9999 -9999 -9999 -9999 -9999 -9999 -9999 -9999 -9999
-9999 -9999 -9999 0.143371907741424 0.142976040307566 0.143024145687242 0.141506905404139 0.141461123237631 0.141555900421533 0.141565924976073 0.141558469722463 0.141461101930503 0.141452747945297 0.141470844866884 0.141447363708756 0.141452747945297 0.141452747945297 0.141499030322455 0.141499030322455 0.141590253549328 0.143827276483531 -9999 -9999 -9999 -9999 -9999 -9999 -9999 -9999 -9999 -9999 -9999 -9999 -9999 -9999 -9999 -9999 -9999 0.146307083905834 0.148333238046908 -9999 -9999 -9999 -9999 -9999 -9999 -9999 -9999 -9999
-9999 -9999 0.141558389434606 0.141633063561761 0.141518282321019 0.141506905404139 0.141486480392072 0.141506905404139 0.141497953226253 0.141461123237631 0.141501615161327 0.141499030322455 0.141499030322455 0.141452747945297 0.141452747945297 0.141452747945297 0.141452747945297 0.141452747945297 0.14150441329849 0.141649485516651 -9999 -9999 -9999 -9999 -9999 -9999 -9999 -9999 -9999 -9999 -9999 -9999 -9999 -9999 -9999 -9999 -9999 -9999 0.147982262335468 0.147331416587676 -9999 -9999 -9999 -9999 -9999 -9999 -9999 -9999 -9999
-9999 -9999 0.143827276483531 0.141659199878791 0.141501615161327 0.141466418562401 0.141457940860767 0.141457940860767 0.141461101930503 0.141482307646382 0.141448254351423 0.141461101930503 0.141453154482288 0.141452747945297 0.141452747945297 0.141452747945297 0.141488013610972 0.141447363708756 0.141651714869059 0.141794987776176 0.142847531909813 -9999 -9999 -9999 -9999 -9999 -9999 -9999 -9999 -9999 -9999 -9999 -9999 -9999 -9999 -9999 -9999 -9999 -9999 -9999 -9999 -9999 -9999 -9999 -9999 -9999 -9999 -9999 -9999
