Scripts_&_data/BRT_projection_files/BRT_SCV2/B_pascuorum_1_projection.asc
NCOLS 79 
NROWS 71 
XLLCORNER -10.5 
YLLCORNER 36 
CELLSIZE 0.5 
NODATA_value -9999 
[rows 44 to 65 of 71, columns 0 to 48 of 79]
-9999 -9999 -9999 -9999 -9999 -9999 -9999 -9999 -9999 -9999 -9999 -9999 -9999 -9999 -9999 -9999 -9999 -9999 0.750810258452663 0.750396934934708 0.730655027382903 0.753611116069197 0.750232731478977 0.74989419521874 0.749622390658316 0.748524700665338 0.749544667053784 0.749588501727814 0.748239457910534 0.741063817700368 0.748225542492166 0.75026544901426 0.750682465798666 0.751049825971609 0.753284532826776 0.753658432576206 0.753253920304986 0.750508627714782 0.752576395072589 0.753178991264399 0.753190810283891 0.749864224306676 0.736972346288944 0.750543388432054 0.750517456963469 0.7505260003665 0.753278361162195 0.760909998857394 0.746612224149871
-9999 -9999 -9999 -9999 -9999 -9999 -9999 -9999 -9999 -9999 -9999 -9999 -9999 -9999 0.747520470324717 -9999 -9999 -9999 0.751098906876852 0.753615691527046 0.750036943188829 0.750814339365557 0.748501404303973 0.721957907340165 0.723668862074478 0.729499703815683 0.74759942188742 0.749588501727814 0.745412719495744 0.736035803063362 0.747526669098172 0.749759271242486 0.753085359737725 0.752215153156206 0.753201192268472 0.753663771958504 0.753119837617127 0.753668346030802 0.753215369700656 0.752405690624416 0.753646289452031 0.753128085986297 0.736485392764282 0.734591910629743 0.735735641827839 0.747335842638168 0.749422560332693 0.753641713994181 0.760909998857394
-9999 -9999 -9999 -9999 -9999 -9999 -9999 -9999 -9999 -9999 -9999 -9999 0.750454709522579 0.747714482030211 0.747763247023239 0.74309944043547 0.74309944043547 0.728549495062333 0.744953377984788 0.743104407861213 0.747813368661545 0.749353887323712 0.73192103520594 0.711751994847582 0.713414421702486 0.720753048035806 0.746558707161925 0.748131835702933 0.74674477863219 0.749331101787807 0.750615142120453 0.753112689763292 0.753192069608202 0.753615691527046 0.754134760300994 0.753668346030802 0.753178991264399 0.753778329637007 0.753179278728846 0.7522868521497 0.752983316255242 0.750812995501247 0.753128085986297 0.750856965542232 0.750856048341028 0.750637059551984 0.750568641804351 0.750492019265261 0.75041081743469
-9999 -9999 -9999 -9999 -9999 -9999 -9999 -9999 -9999 -9999 -9999 -9999 -9999 -9999 0.748916855612775 0.746833021806995 0.74758707196712 0.729433115642609 0.747640796989276 0.744751147113873 0.748277527522141 0.748709198760371 0.731735562769142 0.729228265579075 0.748529124247933 0.751898734902266 0.749557532184129 0.749551441645309 0.749473727897528 0.750214532460686 0.753197049939517 0.753092142714971 0.753223848274077 0.753711753600819 0.754404805788671 0.753659102502611 0.751756443141609 0.7536698316343 0.750657599764389 0.753171748642037 0.753668346030802 0.754165319872795 0.753816143948925 0.753763694295928 0.754433895384474 0.761580430898192 0.762031607859732 0.761763037122696 0.762052977048536
-9999 -9999 -9999 -9999 -9999 -9999 -9999 -9999 -9999 -9999 -9999 -9999 -9999 -9999 -9999 -9999 -9999 0.742542242865906 0.746131242736528 0.747699933827724 0.719950618800678 0.729224312182341 0.748004636960978 0.748494738403058 0.748258036761533 0.75071470295597 0.747761971613089 0.753178991264399 0.753615691527046 0.753615691527046 0.753197049939517 0.749710616375194 0.753633843575167 0.753747735171729 0.753791149798226 0.749226775202719 0.7476710042253 0.748109337060143 0.754621376125625 0.754637353506709 0.761749345064678 0.761999621991589 0.761045194743192 0.761073926055677 0.76110798140289 0.761060203045495 0.761516473343989 0.761132724334333 0.761132724334333
-9999 -9999 -9999 -9999 -9999 -9999 -9999 -9999 -9999 -9999 -9999 -9999 -9999 -9999 -9999 -9999 -9999 0.738531546124599 0.734206074946109 0.744717843928787 0.744751147113873 0.739504852013173 0.74639153015641 0.749553119106809 0.746575274640742 0.749551441645309 0.749832938513349 0.752217703866737 0.753611116069197 0.753685598164145 0.753178991264399 0.753615691527046 0.754404805788671 0.761884186186726 0.747437760040131 0.757676951710485 0.761500141229864 0.762017323045701 0.761999621991589 0.761488343750434 0.761077607999145 0.759363943052589 0.754019455111446 0.759718600773986 0.758949487937598 0.760982310039298 0.761132724334333 0.761541184923762 0.761131118218754
-9999 -9999 -9999 -9999 -9999 -9999 -9999 -9999 -9999 -9999 -9999 -9999 -9999 -9999 -9999 -9999 -9999 -9999 -9999 0.729291731975724 0.729471586142207 0.743529426723344 0.747845226842054 0.75136913322005 0.753611116069197 0.753197049939517 0.753178991264399 0.749869998595854 0.753197049939517 0.753642015075102 0.753201192268472 0.753651679586179 0.754404805788671 0.753693280924329 0.755877798437578 0.761039639755055 0.761010026190744 0.761989728834878 0.762031607859732 0.762030998857338 0.76146411716572 0.761022077308473 0.760506567147812 0.761034779167199 0.761033423066921 0.761122315107575 0.754382808963275 0.754641542983324 0.761846221049488
-9999 -9999 -9999 -9999 -9999 -9999 -9999 -9999 -9999 -9999 -9999 -9999 -9999 -9999 -9999 -9999 -9999 -9999 -9999 0.73861180208013 0.734206074946109 0.738514012126183 0.753599687008308 0.753615691527046 0.753747735171729 0.753668346030802 0.753698943955786 0.752264450136794 0.753642015075102 0.751140573098536 0.753214039245145 0.753615691527046 0.753723407252144 0.75378894651769 0.761080278674374 0.759452974758948 0.759316905477136 0.753711753600819 0.754136532954967 0.754178511818032 0.754141889709715 0.753807560904558 0.753892839622656 0.753742348066097 0.746845189820963 0.735561651407841 0.724696624046428 -9999 0.750500970518151
-9999 -9999 -9999 -9999 -9999 -9999 -9999 -9999 -9999 -9999 -9999 -9999 -9999 -9999 -9999 -9999 -9999 -9999 -9999 0.749546902603767 0.743589678569937 0.74713754014962 0.748978790005196 0.753624649983149 0.753747735171729 0.753760561064103 0.754289770606459 0.752317312574328 0.753257316000973 0.753270101215716 0.753681924006625 0.753679999682126 0.754178096766029 0.76107453675018 0.756109378045842 0.759558770792723 0.739957987409631 0.726386132618658 0.726366318553726 0.726318356490504 0.726280755924594 0.726280400118797 0.726328442695009 0.726267029356799 0.726304630769738 -9999 -9999 -9999 0.748187958194144
-9999 -9999 -9999 -9999 -9999 -9999 -9999 -9999 -9999 -9999 -9999 -9999 -9999 -9999 -9999 -9999 -9999 -9999 -9999 0.749827652340976 0.748900085442952 0.742180388898657 0.747547060266152 0.749073991852882 0.753553829191237 0.753680641217194 0.754100277710583 0.753712518471903 0.753823561922666 0.754178096766029 0.753654479710123 0.753711753600819 0.761058566198118 0.761095952406915 0.755676294113055 0.751093637899803 0.687895996773684 0.691357884116205 0.737532062711526 0.753659102502611 0.750363685640031 0.728057156993447 0.726343592982765 0.723530771346803 0.719271473721234 0.681430051460937 -9999 -9999 -9999
-9999 -9999 -9999 -9999 -9999 -9999 -9999 -9999 -9999 -9999 -9999 -9999 -9999 -9999 -9999 -9999 -9999 -9999 0.748800210618686 0.749799763886822 0.749783206881026 0.741838722823445 0.740631087644123 0.741850664314747 0.748877656410548 0.747701272783778 0.750503449638081 0.753769633044422 0.754576028168931 0.74996559757249 0.747537916960045 0.753257316000973 0.753685429677554 0.753351395121807 0.760982310039298 0.753748393094166 0.753249777846695 0.74906564376381 -9999 -9999 0.750742116852336 0.754134760300994 0.754134760300994 0.753615691527046 0.735433858758937 0.735365341679392 -9999 -9999 -9999
-9999 -9999 -9999 -9999 -9999 -9999 -9999 -9999 -9999 -9999 -9999 -9999 -9999 -9999 -9999 -9999 -9999 -9999 0.748748561187036 0.747740832699064 0.740916415699159 0.735677347217581 0.697287806263322 0.740311680069447 0.740333842927967 0.742723301191092 0.753747735171729 0.750060194784841 0.749935380989114 0.740312226260874 0.711278166961235 0.71092708713971 0.749225468381275 0.753717798628887 0.753652711875999 0.709256042339852 -9999 -9999 -9999 -9999 -9999 -9999 0.736044877192727 0.742701954952155 0.753249777846695 0.751609873681028 0.726824667953777 -9999 -9999
-9999 -9999 -9999 0.74880628745152 0.749922143615741 0.753733655680319 0.753651952320205 0.74904213403856 0.745003525174715 0.745094223219691 0.745092299538844 0.744878602641944 0.745007060020955 0.748569423318178 0.744836164434818 0.749725544332536 0.750561334201875 0.754654925995698 0.754401471137785 0.750590789417849 0.753607240984134 0.747948726108117 0.743104266436293 0.746530073801816 0.742691665582628 0.749443525353806 0.747693495253464 0.710225319604608 -9999 -9999 -9999 -9999 0.74077467731745 0.738511483148611 -9999 -9999 -9999 -9999 -9999 -9999 -9999 -9999 0.746120603867745 0.740265022826372 0.733956295279044 0.738594402200298 0.747623530217788 0.737342164860646 0.726312843009255
-9999 -9999 -9999 0.749752671837028 0.749907664389542 0.753292030006127 0.753195412300206 0.753521880961249 0.753725398628727 0.753195412300206 0.753729083827704 0.753676434560918 0.750355115789786 0.750476827242367 0.745551849866461 0.753117376104809 0.753681007799366 0.753651177791802 0.753769633044422 0.754457210233322 0.759935899303909 0.756488131658687 0.759644414618388 0.751881966632337 0.753698943955786 0.753663771958504 0.745940618389798 -9999 -9999 -9999 -9999 -9999 -9999 -9999 -9999 -9999 -9999 -9999 -9999 -9999 -9999 -9999 -9999 0.716142647057819 0.739009118430001 0.731157806062228 0.742988309298628 0.753253920304986 0.735538297466607
-9999 -9999 -9999 -9999 0.751065660809329 0.753671809804228 0.753607268394311 0.753740757036108 0.750286753915182 0.651276325896578 0.6485732499756 0.64978972099759 0.647615264444354 0.658528817076005 0.741236314130432 0.746449409580258 0.715595295081066 0.66412512248039 0.663985077052707 0.701655513330432 0.749197702899257 0.749244765937175 0.75315379398356 0.751034674552945 0.751130432969046 0.751800167588132 0.740850227201592 0.691404032805598 -9999 -9999 -9999 -9999 -9999 -9999 -9999 -9999 -9999 -9999 -9999 -9999 -9999 -9999 -9999 -9999 0.719351920630214 0.705192039008416 0.736241770314069 0.753681924006625 0.753201192268472
-9999 -9999 -9999 0.749259982101253 0.754622842486314 0.753782458936796 0.753116187976421 0.749067087558383 0.700630405452948 0.648481652923931 0.614034050549487 0.614062290679571 0.649917433806847 0.676297883817454 0.705415155907442 0.709531325556991 0.66216163400031 0.655277393203476 0.633419101326927 0.635281656879131 0.629614413110189 0.631150273497307 0.665510624254838 0.669633761145712 0.708656251364008 0.746142527404912 0.737960044479868 -9999 -9999 -9999 -9999 -9999 -9999 -9999 -9999 -9999 -9999 -9999 -9999 -9999 -9999 -9999 -9999 -9999 -9999 -9999 0.715218330576133 0.719604513204162 0.727100611338102
-9999 -9999 -9999 -9999 0.750511363464859 0.753676381789622 0.712117346142645 0.710797369807161 0.693137529789082 0.613167596241499 0.611919329091538 0.613345781862377 0.651399338034179 0.673323472071254 0.671829099662522 0.655811937073303 0.654129217773554 0.631574120203648 0.618426983773095 0.637719636676213 0.631135336087505 0.628823767354767 0.671946938310179 0.667964812333297 0.647223552471419 -9999 -9999 -9999 -9999 -9999 -9999 -9999 -9999 -9999 -9999 -9999 -9999 -9999 -9999 -9999 -9999 -9999 -9999 -9999 -9999 -9999 -9999 -9999 0.725909982518821
-9999 -9999 -9999 -9999 0.743079232202959 0.74791010148036 0.744507882241108 0.710355381051483 0.742133636544922 0.653922392915697 0.655232510641648 0.681829284599226 0.718575269584163 0.744645999947149 0.671168409600699 0.681000483071575 0.739043867000465 0.707044534868098 0.679410074298445 0.682395769895478 0.683757142526683 0.670881549529344 0.662117770413708 -9999 -9999 -9999 -9999 -9999 -9999 -9999 -9999 -9999 -9999 -9999 -9999 -9999 -9999 0.679647042031061 0.718980028016587 0.746740878855253 -9999 -9999 -9999 -9999 -9999 -9999 -9999 -9999 -9999
-9999 -9999 -9999 0.727066336098705 0.727364167857442 0.742589393084635 0.745207378402087 0.745381198484556 0.746130373129096 0.750491052395632 0.750491052395632 0.746248801192033 0.638251196264879 0.621164389570037 0.670170716389781 0.649129581056563 0.741045130476355 0.665354325515374 0.646224612241475 0.688933278189164 0.656097407767607 0.638369223536031 -9999 -9999 -9999 -9999 -9999 -9999 -9999 -9999 -9999 -9999 -9999 -9999 -9999 -9999 -9999 -9999 0.715466269188144 0.748384657421676 -9999 -9999 -9999 -9999 -9999 -9999 -9999 -9999 -9999
-9999 -9999 -9999 0.728704638475418 0.729588245588507 0.724151085802368 0.724265298131174 0.678739886993364 0.723694301967922 0.728650103068117 0.71167750652698 0.646385614450339 0.635614520680087 0.604099390402637 0.596118686123931 0.64010869150992 0.642374456482829 0.683445264247331 0.620249737052383 0.644193882445088 0.671868572964914 -9999 -9999 -9999 -9999 -9999 -9999 -9999 -9999 -9999 -9999 -9999 -9999 -9999 -9999 -9999 -9999 -9999 0.717198768439557 0.726744501048602 -9999 -9999 -9999 -9999 -9999 -9999 -9999 -9999 -9999
-9999 -9999 0.681326414142476 0.690811808648737 0.722966214064543 0.720103097963455 0.725297047464894 0.643506201632092 0.674912800489949 0.673808555980053 0.693611572327847 0.703613644128539 0.67051348921976 0.603370857948107 0.6029466734486 0.636490757056131 0.636035342207238 0.602217394837886 0.610931840836461 0.615361893633465 -9999 -9999 -9999 -9999 -9999 -9999 -9999 -9999 -9999 -9999 -9999 -9999 -9999 -9999 -9999 -9999 -9999 -9999 0.68434241112884 0.685398700738427 -9999 -9999 -9999 -9999 -9999 -9999 -9999 -9999 -9999
-9999 -9999 0.670819749851269 0.656457368017553 0.675768167081163 0.688917076947507 0.664638510367437 0.624982505353237 0.628744785440163 0.634772637664336 0.638607239686127 0.643697931077661 0.663101276846021 0.602788623301392 0.615192840717307 0.647752926444043 0.652138899047408 0.604276518852483 0.60761295981194 0.63689278952761 0.628058141475816 -9999 -9999 -9999 -9999 -9999 -9999 -9999 -9999 -9999 -9999 -9999 -9999 -9999 -9999 -9999 -9999 -9999 -9999 -9999 -9999 -9999 -9999 -9999 -9999 -9999 -9999 -9999 -9999
