Scripts_&_data/BRT_projection_files/BRT_SCV2/B_pascuorum_2_projection.asc
NCOLS 79 
NROWS 71 
XLLCORNER -10.5 
YLLCORNER 36 
CELLSIZE 0.5 
NODATA_value -9999 
[rows 44 to 65 of 71, columns 0 to 48 of 79]
-9999 -9999 -9999 -9999 -9999 -9999 -9999 -9999 -9999 -9999 -9999 -9999 -9999 -9999 -9999 -9999 -9999 -9999 0.813863700036824 0.799713113082523 0.823790997023097 0.792751513043117 0.79153396936853 0.823790997023097 0.789786304450919 0.823716033464988 0.822034443804148 0.789090289029766 0.788523490784021 0.782021413848015 0.798839252712526 0.799508482209189 0.799994114166122 0.834363448106175 0.834380667633292 0.834458695871476 0.834394055315376 0.822227705243012 0.834380667633292 0.834495041948977 0.817033962495072 0.806439017715276 0.834241196267963 0.834512261476094 0.805107375899619 0.834495041948977 0.80589408729476 0.80135151771261 0.798761352697004
-9999 -9999 -9999 -9999 -9999 -9999 -9999 -9999 -9999 -9999 -9999 -9999 -9999 -9999 0.791611558061404 -9999 -9999 -9999 0.814268106292726 0.827359178298551 0.825387370537042 0.826407141633863 0.797356321737173 0.768257943831771 0.820845843874153 0.814985344184468 0.818181647018002 0.769969053903086 0.78055356757431 0.767844286318208 0.796644389802273 0.799166849440099 0.799262333155087 0.834495041948977 0.80008588507083 0.800515022439496 0.823754338047162 0.834597919658826 0.834512261476094 0.834499497744525 0.834495041948977 0.834495041948977 0.805483674722333 0.834495041948977 0.806870500379494 0.834495041948977 0.833419754720587 0.809222905293849 0.81078158910657
-9999 -9999 -9999 -9999 -9999 -9999 -9999 -9999 -9999 -9999 -9999 -9999 0.809732476499716 0.815638298376537 0.814232321972773 0.813727274657926 0.813453171733188 0.829813477494039 0.813793103398368 0.813694614715745 0.82498986220464 0.800787499087492 0.817486912564424 0.769127342247813 0.759747820052066 0.789586048580645 0.816736614881832 0.788935260423927 0.787739944113578 0.789897720515612 0.796803995101913 0.79914273230065 0.799496271137558 0.800081379192278 0.81016283576719 0.833691442003496 0.824777844546679 0.814102271667678 0.834495041948977 0.834495041948977 0.834495041948977 0.834515972196566 0.834495041948977 0.834512261476094 0.829539448450387 0.825931965971062 0.841586387063944 0.842457420911087 0.832938626984062
-9999 -9999 -9999 -9999 -9999 -9999 -9999 -9999 -9999 -9999 -9999 -9999 -9999 -9999 0.794540121932083 0.813961321281328 0.81302870494327 0.812195799941492 0.813571041021838 0.813253045379937 0.806701392815657 0.791089255178155 0.789015418559841 0.789136965132095 0.822010106196926 0.789739204101577 0.789680899163922 0.787998611614139 0.789692159704276 0.798501009654703 0.798860163880534 0.799102201072216 0.799933821654999 0.804011554066358 0.812604611072592 0.834400510818533 0.819848342994869 0.833793521665972 0.834506514806495 0.834899020194135 0.842549975225057 0.843046825271619 0.830316991470141 0.815464606207981 0.812325481179691 0.834684176687884 0.818686448571192 0.835174104866114 0.811741433163857
-9999 -9999 -9999 -9999 -9999 -9999 -9999 -9999 -9999 -9999 -9999 -9999 -9999 -9999 -9999 -9999 -9999 0.823755644801107 0.825036147385412 0.829794005297687 0.788143929096302 0.788605260564509 0.823813527494771 0.78858673937547 0.787837570497807 0.790538193348978 0.79003639515133 0.788896427563329 0.797173080242317 0.799215017952284 0.798826597733676 0.821997568843101 0.799475765045948 0.810525838966884 0.833784413260939 0.834694152130683 0.835086059513352 0.83914921072458 0.835103245480043 0.842707168712693 0.841282842034973 0.834360337819352 0.8332206386275 0.84271808403878 0.83444391694035 0.834328137545757 0.834419622444043 0.833340981046031 0.826012233091331
-9999 -9999 -9999 -9999 -9999 -9999 -9999 -9999 -9999 -9999 -9999 -9999 -9999 -9999 -9999 -9999 -9999 0.7862286939447 0.797385733741685 0.813254308905502 0.811378630048501 0.770427380986031 0.789734173560363 0.754636252099404 0.793664065308931 0.754646513531585 0.805763989917037 0.791087951125091 0.806002783506823 0.803958009883879 0.791968387062845 0.792910748227767 0.805879322139065 0.811358323465782 0.843260394522236 0.843332393783871 0.842709826106908 0.813265800649308 0.834419622444043 0.833707997726447 0.834352442845618 0.776106594784507 0.773715263247035 0.829511334307758 0.812253366949906 0.831381225626827 0.833340981046031 0.812049295026452 0.811592773032436
-9999 -9999 -9999 -9999 -9999 -9999 -9999 -9999 -9999 -9999 -9999 -9999 -9999 -9999 -9999 -9999 -9999 -9999 -9999 0.767749262324362 0.786158381584799 0.770665525880675 0.811988929725957 0.812405805593671 0.819064676295798 0.790894285552498 0.826504195388811 0.798637839731427 0.786055790196671 0.802973213679741 0.79279407467938 0.792903142489154 0.810939300488823 0.834680479488174 0.833668143357771 0.829305393638197 0.811012259416287 0.821246216927181 0.811849939199857 0.813250066865782 0.834025258384747 0.813234505542065 0.809016542826682 0.834501354287322 0.811150746522147 0.81124713992259 0.810769641361413 0.833789241281657 0.81273054401535
-9999 -9999 -9999 -9999 -9999 -9999 -9999 -9999 -9999 -9999 -9999 -9999 -9999 -9999 -9999 -9999 -9999 -9999 -9999 0.782352673201812 0.776259205928493 0.786466500309075 0.791707683433066 0.821934898624321 0.805419011915917 0.809761011902238 0.809744372941801 0.832890500120123 0.808811138788739 0.827046154473405 0.823790997023097 0.823790997023097 0.833113587045853 0.834595059529969 0.812526810199786 0.812467656268657 0.83324600041995 0.834503422946094 0.821114477818897 0.818974527547865 0.834514331444304 0.834663259961057 0.812200632971647 0.834501354287322 0.834514331444304 0.820939893780086 0.816281570050768 -9999 0.817868736045087
-9999 -9999 -9999 -9999 -9999 -9999 -9999 -9999 -9999 -9999 -9999 -9999 -9999 -9999 -9999 -9999 -9999 -9999 -9999 0.780533243131658 0.779946962199757 0.779184865832784 0.788022346510471 0.789625558902006 0.796310928299898 0.805746990077039 0.81125455953775 0.809085577684279 0.808868640933062 0.834501354287322 0.821987984701453 0.793100343102679 0.834531757113564 0.81042615912102 0.811556061951216 0.810800852558393 0.818181647018002 0.780564730659765 0.796426856044339 0.81618320269581 0.796426856044339 0.796426856044339 0.816401934674479 0.810656930521111 0.816401934674479 -9999 -9999 -9999 0.787861325972856
-9999 -9999 -9999 -9999 -9999 -9999 -9999 -9999 -9999 -9999 -9999 -9999 -9999 -9999 -9999 -9999 -9999 -9999 -9999 0.816335668068164 0.79132989035496 0.779982644178594 0.777144367690576 0.784168417243175 0.762374708239046 0.805393114564443 0.803704550406661 0.811541212807009 0.811183269519136 0.81061658051291 0.815605488485115 0.809129195232275 0.810329413887892 0.811646608972724 0.81160505026783 0.812535047755432 0.81618320269581 0.815678119981852 0.818070517469689 0.803215340059651 0.791338432449627 0.818104810840307 0.816155674244181 0.772939401907939 0.772831128187338 0.710862512957537 -9999 -9999 -9999
-9999 -9999 -9999 -9999 -9999 -9999 -9999 -9999 -9999 -9999 -9999 -9999 -9999 -9999 -9999 -9999 -9999 -9999 0.783669414567545 0.783101485279857 0.783150032126294 0.776512551818019 0.787711338767339 0.790481784833125 0.79656339426572 0.812813166177136 0.827662687828742 0.805182744069522 0.810953705974356 0.791837670965382 0.815224782288054 0.797583557187809 0.804129213429289 0.81148403554389 0.810397532595929 0.812299371737004 0.804598722528032 0.815571087489114 -9999 -9999 0.816513847552907 0.812412077843968 0.808796718350833 0.832831601538768 0.816031475637574 0.80567669730937 -9999 -9999 -9999
-9999 -9999 -9999 -9999 -9999 -9999 -9999 -9999 -9999 -9999 -9999 -9999 -9999 -9999 -9999 -9999 -9999 -9999 0.789567093546976 0.778863747805185 0.776599406804652 0.775344096402368 0.751988191027501 0.794138503061806 0.780905496018167 0.784706368031174 0.794416780727679 0.788167190073241 0.816347668796698 0.815213407845386 0.795556897054927 0.814838811676551 0.790059450846205 0.796067945382285 0.819306615140658 0.816418142125488 -9999 -9999 -9999 -9999 -9999 -9999 0.816238403421224 0.816484435141886 0.805491524212736 0.797987344489617 0.817858038324518 -9999 -9999
-9999 -9999 -9999 0.785965958818889 0.815974722958624 0.797892845641073 0.79587160705042 0.796446145048759 0.765328883134598 0.79185997159028 0.764003136574305 0.784980169946821 0.760218828147208 0.72587423173206 0.756907805607169 0.817129306917896 0.815241973593671 0.817757434038578 0.783916812818357 0.786947056630797 0.803121289065094 0.783326688974231 0.782595145311232 0.782085378413984 0.780049433494288 0.784727520978074 0.782497640559333 0.812455903750839 -9999 -9999 -9999 -9999 0.815284361566422 0.802259177425536 -9999 -9999 -9999 -9999 -9999 -9999 -9999 -9999 0.782047144562372 0.781940477512793 0.785759271194723 0.816163762651186 0.791034813066745 0.816693439289846 0.791552939127591
-9999 -9999 -9999 0.814128163608142 0.790621796821562 0.798940578366387 0.794646268527649 0.805580026452357 0.811091132400008 0.803250757674257 0.803497088896702 0.805393988284542 0.799703052473444 0.800199795033138 0.791779636372429 0.792450085272612 0.800073145216164 0.816686492772732 0.791096148166097 0.811476962256494 0.804606010404194 0.804539866862555 0.803487885950285 0.797702201460623 0.809866630967609 0.79463406091923 0.814333229135837 -9999 -9999 -9999 -9999 -9999 -9999 -9999 -9999 -9999 -9999 -9999 -9999 -9999 -9999 -9999 -9999 0.771369740472086 0.777420184434897 0.782904712456403 0.815608623780538 0.809280624016803 0.818176004714248
-9999 -9999 -9999 -9999 0.788556797314462 0.79313574023869 0.805346461404254 0.811960571702176 0.801596223016934 0.650436088468637 0.650353243054432 0.688972290575175 0.647329106461453 0.734064050752293 0.785863770146919 0.78804148057203 0.785061579812042 0.639157458153712 0.706688256861209 0.768623422382473 0.784381416034398 0.778856922790985 0.806904370441647 0.797400460488182 0.800374244508222 0.796679080048607 0.717575222030861 0.640590295274282 -9999 -9999 -9999 -9999 -9999 -9999 -9999 -9999 -9999 -9999 -9999 -9999 -9999 -9999 -9999 -9999 0.77127173695305 0.815857739921483 0.815343244156067 0.808983403599854 0.798637130114773
-9999 -9999 -9999 0.813845253656328 0.821860483144367 0.796720096720324 0.785516463025815 0.785051333167798 0.689743753793109 0.662975206995019 0.659532138749241 0.697803722565329 0.693164699153211 0.718888791749356 0.713207574429835 0.722131834276161 0.718767298474831 0.715068583545523 0.64159215805173 0.669231279287 0.620563958895326 0.617633688259895 0.639605157941342 0.635970627256879 0.74372361970902 0.795303231338661 0.730341955555564 -9999 -9999 -9999 -9999 -9999 -9999 -9999 -9999 -9999 -9999 -9999 -9999 -9999 -9999 -9999 -9999 -9999 -9999 -9999 0.801342610180861 0.815857739921483 0.788154329844378
-9999 -9999 -9999 -9999 0.816348310518211 0.793073158890071 0.70812433497526 0.680387991903495 0.696807348186983 0.682894531489109 0.664356392427376 0.645356982196323 0.656594628397257 0.729270296584857 0.747212988603075 0.718180096646668 0.718651918854602 0.715171285677251 0.709351457158397 0.638072772346482 0.622616488571114 0.615139302258055 0.618447421772494 0.645343226283639 0.646583334843726 -9999 -9999 -9999 -9999 -9999 -9999 -9999 -9999 -9999 -9999 -9999 -9999 -9999 -9999 -9999 -9999 -9999 -9999 -9999 -9999 -9999 -9999 -9999 0.773537193019499
-9999 -9999 -9999 -9999 0.813866244773537 0.790028494667201 0.715880200613421 0.684359444116577 0.703999242591707 0.683789860243782 0.718524537526185 0.718698815036073 0.762671327552834 0.758527063415639 0.638472060313142 0.64753891602691 0.722848758184744 0.733210753772966 0.750175306372928 0.747727243474326 0.67886682826782 0.621105853843028 0.628201685713862 -9999 -9999 -9999 -9999 -9999 -9999 -9999 -9999 -9999 -9999 -9999 -9999 -9999 -9999 0.741638785819758 0.770082161281672 0.782201698885515 -9999 -9999 -9999 -9999 -9999 -9999 -9999 -9999 -9999
-9999 -9999 -9999 0.777558289200258 0.799129083292484 0.72367920622289 0.714361443735915 0.711103365412444 0.712866034414604 0.737466328336096 0.73863802966355 0.719013114916062 0.639599804809082 0.650526638207638 0.667034852272249 0.635900805161291 0.700628930438335 0.751547171273291 0.735780027584781 0.742390975197639 0.651117548556472 0.624193283321643 -9999 -9999 -9999 -9999 -9999 -9999 -9999 -9999 -9999 -9999 -9999 -9999 -9999 -9999 -9999 -9999 0.777880336483198 0.777902705538061 -9999 -9999 -9999 -9999 -9999 -9999 -9999 -9999 -9999
-9999 -9999 -9999 0.736202104987505 0.712079269641609 0.715091785764294 0.665138067328341 0.664308882674137 0.695256765098506 0.695497745114868 0.690127203963534 0.676761067760279 0.634333862308772 0.636409032096759 0.618293429857311 0.638929055607301 0.635627060867488 0.640297055675328 0.639509942264896 0.644263341315466 0.64677189025024 -9999 -9999 -9999 -9999 -9999 -9999 -9999 -9999 -9999 -9999 -9999 -9999 -9999 -9999 -9999 -9999 -9999 0.770669154082699 0.769056500383697 -9999 -9999 -9999 -9999 -9999 -9999 -9999 -9999 -9999
-9999 -9999 0.74890785691287 0.696347345644033 0.668451762235013 0.691953707312533 0.664889157232362 0.614842041796839 0.667673077785833 0.662960369973981 0.668535548320095 0.683899871135736 0.642136709777782 0.631803761714095 0.605414103555841 0.638445251221855 0.622290973760236 0.625778860415322 0.630313394212165 0.641076783836826 -9999 -9999 -9999 -9999 -9999 -9999 -9999 -9999 -9999 -9999 -9999 -9999 -9999 -9999 -9999 -9999 -9999 -9999 0.726199244674815 0.777247714267507 -9999 -9999 -9999 -9999 -9999 -9999 -9999 -9999 -9999
-9999 -9999 0.710935578422251 0.69626302345416 0.664753434971473 0.665645923002595 0.622901033208052 0.620146523620285 0.620077103931422 0.615916462733873 0.615650482297564 0.66345122788184 0.634751326453523 0.634912505688373 0.644281474534926 0.644233619691793 0.637887115667447 0.64104535116278 0.637883913742984 0.628349331010101 0.635756834372456 -9999 -9999 -9999 -9999 -9999 -9999 -9999 -9999 -9999 -9999 -9999 -9999 -9999 -9999 -9999 -9999 -9999 -9999 -9999 -9999 -9999 -9999 -9999 -9999 -9999 -9999 -9999 -9999
