Scripts_&_data/BRT_projection_files/BRT_SCV2/B_pomorum_2_projection.asc
NCOLS 79 
NROWS 71 
XLLCORNER -10.5 
YLLCORNER 36 
CELLSIZE 0.5 
NODATA_value -9999 
[rows 42 to 62 of 71, columns 0 to 47 of 79]
-9999 -9999 -9999 -9999 -9999 -9999 -9999 -9999 -9999 -9999 0.0516804424541023 -9999 -9999 0.0518732471434466 -9999 -9999 -9999 -9999 -9999 -9999 -9999 -9999 -9999 -9999 0.0547925064587043 0.0552035910889506 0.0564770245965012 0.0692145372739648 0.0575272721415163 0.0548060942849493 0.0604217273130455 0.0682619360739968 0.0553206520290147 0.0611705429746735 0.0627893780183124 0.0462972580677701 0.0440255954956962 0.118264213178536 0.113842309035295 0.0419159769083837 0.0460616324262106 0.0718846734215425 0.0970580464490665 0.0473162324523482 0.0744395088480139 0.0860222424090317 0.0493039284317005 0.109681774375275
-9999 -9999 -9999 -9999 -9999 -9999 -9999 -9999 -9999 -9999 -9999 -9999 -9999 -9999 -9999 -9999 -9999 -9999 -9999 -9999 -9999 -9999 0.0561253513375041 0.0548178857022476 0.0566332312813246 0.0552624424110823 0.0552275856073178 0.0567357500650566 0.056186806348887 0.0546769156563579 0.0886394162930534 0.0691654633011652 0.0558033944428989 0.05655558563192 0.0416907625027306 0.0565245231691958 0.0628346939820253 0.113868515859253 0.133319742180855 0.0401923164601847 0.0807116371544838 0.0686323158711879 0.0491694278605262 0.0530077457536299 0.0752645413539499 0.0655123291017193 0.0694391512853542 0.095564307600149
-9999 -9999 -9999 -9999 -9999 -9999 -9999 -9999 -9999 -9999 -9999 -9999 -9999 -9999 -9999 -9999 -9999 -9999 0.0537784479230827 0.0551245472787764 0.0520612386192504 0.0553655845101515 0.0547654174413528 0.057302305518055 0.0564286248048029 0.0515623683993795 0.0516124611724807 0.0552019595378449 0.0576098787463964 0.05537581278143 0.0544913227544253 0.0549672626309508 0.0554489071500958 0.0532156841855402 0.0972995141544605 0.0550852861096081 0.0381533950541086 0.084090637632264 0.140095043731614 0.047124390613962 0.125477860958786 0.1260197212178 0.146059842086108 0.235682143805032 0.07643935588595 0.0918694526856915 0.0706710019716792 0.068419352731625
-9999 -9999 -9999 -9999 -9999 -9999 -9999 -9999 -9999 -9999 -9999 -9999 -9999 -9999 0.0552721908378124 -9999 -9999 -9999 0.0497876145528508 0.0497201053515462 0.0536921707888466 0.0531261636490631 0.0553141313648167 0.0554884871797901 0.0519342960214161 0.0498959649722004 0.0627818182878127 0.0554355326631409 0.05529326251523 0.0551922553484911 0.0552420425360281 0.0545932208121379 0.0549283596320912 0.067984311934497 0.0609157586250462 0.0534395747324104 0.0916618744720788 0.0380430358982658 0.0944036075795128 0.0737617205773564 0.0449623960478877 0.0925889983395308 0.112750041109766 0.0938951092045192 0.0940959138692592 0.116639610238757 0.132352308596631 0.0752210752624151
-9999 -9999 -9999 -9999 -9999 -9999 -9999 -9999 -9999 -9999 -9999 -9999 0.0553888978682601 0.0530636417195806 0.0493291759134417 0.0544184525377165 0.0537017726054213 0.0564922608245185 0.0511528816667701 0.0506401219685673 0.0523457146704829 0.0552511688875551 0.0551381675243396 0.0552022561266913 0.0551994884769991 0.0553188312206401 0.0533780238219624 0.0564492565624111 0.0553075436849383 0.0565272533053926 0.0595601929994873 0.0565326008556062 0.0541298627971404 0.0587568270700128 0.0418219423781379 0.0382693336258366 0.0483567856974012 0.0400056162920094 0.0826472358494228 0.0773348575474083 0.0798215306474847 0.140809721994757 0.169343149992901 0.19306850990345 0.197828449576253 0.0818613481125727 0.0874086051561096 0.0759379754186599
-9999 -9999 -9999 -9999 -9999 -9999 -9999 -9999 -9999 -9999 -9999 -9999 -9999 -9999 0.0550244569626128 0.0570078708340233 0.0499232431873057 0.0544802109776839 0.054341561785915 0.0538393249301924 0.0555267542341612 0.0554000873833239 0.0551384736148385 0.0561908009919756 0.0445776184210446 0.0566930056693556 0.0552019595378449 0.0550141176349909 0.0562194423413536 0.054534247898241 0.0561411680132823 0.0570465676523411 0.0541428013999056 0.0546878466865631 0.0375850145639725 0.0417192791712866 0.13846546077186 0.05653004616416 0.0600559679945548 0.0623396840016166 0.0750522023055727 0.0652798275455044 0.0698653022003137 0.055208044213771 0.0594983536550606 0.0769642300818733 0.0595473774380253 0.0824504092127263
-9999 -9999 -9999 -9999 -9999 -9999 -9999 -9999 -9999 -9999 -9999 -9999 -9999 -9999 -9999 -9999 -9999 0.0566639398486212 0.0556790444723285 0.0552511688875551 0.0561885179693228 0.0599099625595188 0.055261840295084 0.0551750328746579 0.0559137823820667 0.0554057164568413 0.0545737619339114 0.0608466007278432 0.0579287920968697 0.0577908921615158 0.0622415494631208 0.0530463427348912 0.0608218962861599 0.0533592483080294 0.0599541486674619 0.0765832116815943 0.0524417930845335 0.0620528159053113 0.0887660805365796 0.0628177561811735 0.143486834739073 0.0460574735807552 0.0996937243886804 0.117698163682423 0.0469705504148916 0.0463831808820016 0.046531465235036 0.0892767343721173
-9999 -9999 -9999 -9999 -9999 -9999 -9999 -9999 -9999 -9999 -9999 -9999 -9999 -9999 -9999 -9999 -9999 0.0552144867800193 0.0560784910121759 0.0548914439488192 0.0574545716233172 0.0553511560655155 0.0554045791150087 0.0547304964865169 0.0563470047059593 0.0548329412253905 0.0546001103872419 0.0599629424585192 0.0583426054094711 0.073072791484116 0.0593579925933824 0.0589162967987583 0.0497711072887737 0.0589578367330433 0.0867013000063912 0.0475511308245102 0.066986625870069 0.0894002555310707 0.0464016881111841 0.0463652160739785 0.0470306117465792 0.0731802382895267 0.113274740062347 0.0728082466404194 0.0801664076560228 0.0799288576887614 0.0634116101967527 0.0670561153729525
-9999 -9999 -9999 -9999 -9999 -9999 -9999 -9999 -9999 -9999 -9999 -9999 -9999 -9999 -9999 -9999 -9999 -9999 -9999 0.0556215461844241 0.0552920455861751 0.055561337072037 0.0527680543330437 0.0529630625898358 0.05681131650001 0.0566941308500371 0.0623190835522784 0.0554386007156433 0.0613922899707449 0.0572556402899416 0.0617957413481402 0.059932488293636 0.0407669980611295 0.0482078493081854 0.0557843965153396 0.0728471040702462 0.0934045542952356 0.0695161383910175 0.0591521346846269 0.0680990614859663 0.0686050173749623 0.0695970101208122 0.0574491140571789 0.060644847803402 0.0587435577609344 0.0509654547754679 0.0583266723003771 0.0572844325778575
-9999 -9999 -9999 -9999 -9999 -9999 -9999 -9999 -9999 -9999 -9999 -9999 -9999 -9999 -9999 -9999 -9999 -9999 -9999 0.0563407597726627 0.0552678935863168 0.0547654174413528 0.0598657979686347 0.0607946230194214 0.0400841191560287 0.0415992401986571 0.067270676306559 0.0612721599948507 0.0539100787760346 0.056165974395469 0.0582062700722488 0.0585452513848622 0.0517482473740556 0.0405963478457315 0.0583741585390064 0.071136353377495 0.120834752026458 0.04031642233991 0.0463347677796865 0.0417446249485575 0.0612495649052947 0.0638888716574949 0.0551515304669098 0.0597119870963015 0.0423409895803404 0.0582468376595758 0.0417341639990087 -9999
-9999 -9999 -9999 -9999 -9999 -9999 -9999 -9999 -9999 -9999 -9999 -9999 -9999 -9999 -9999 -9999 -9999 -9999 -9999 0.0603967286213568 0.0552292729550214 0.0614386274216571 0.0578936919160265 0.0800073358552316 0.0403222074672317 0.0398878992646232 0.067546622055983 0.086781408526545 0.0635459211268169 0.0589912191597748 0.0810281464694764 0.059568475441887 0.04031642233991 0.0541525633998518 0.0627639438030451 0.0783608183606384 0.0583509901957226 0.0420137315264304 0.0423062648601861 0.0576025849016062 0.0516112583310279 0.0420137315264304 0.0527829758311383 0.0421101346582425 0.0543313121405603 -9999 -9999 -9999
-9999 -9999 -9999 -9999 -9999 -9999 -9999 -9999 -9999 -9999 -9999 -9999 -9999 -9999 -9999 -9999 -9999 -9999 -9999 0.0388650663129244 0.0612647525679893 0.0589944648351095 0.0590644066607759 0.0534094072063191 0.0569508798103535 0.0782597113335358 0.0959808727986678 0.106954937163721 0.0707755418320201 0.0405139573429321 0.0528212668466796 0.0397139411809153 0.0397210281311456 0.0401168070637299 0.0849386923155036 0.12807442728437 0.0521192538873522 0.0539383297105444 0.0418017031756344 0.0415670209770608 0.0540108302667205 0.0522210534563991 0.0699633349124286 0.0425768087030328 0.0518828099045804 0.0420935827016904 -9999 -9999
-9999 -9999 -9999 -9999 -9999 -9999 -9999 -9999 -9999 -9999 -9999 -9999 -9999 -9999 -9999 -9999 -9999 -9999 0.0366951575395757 0.0401009805610305 0.0395837609265577 0.0615567558477935 0.0551918610305058 0.055164449989474 0.0608801143105039 0.057447249683946 0.0571794130741553 0.0823492002775483 0.0395462999068366 0.0495246858123615 0.0535110626994926 0.0619885600677413 0.0535533750943481 0.0570931795570354 0.0532132400934195 0.0672906601432282 0.0551212702030133 0.0407631724106025 -9999 -9999 0.0367378891973476 0.0425797432089159 0.0590642759150026 0.0514390960647352 0.0545448553182682 0.0420481267072831 -9999 -9999
-9999 -9999 -9999 -9999 -9999 -9999 -9999 -9999 -9999 -9999 -9999 -9999 -9999 -9999 -9999 -9999 -9999 -9999 0.0403665446980064 0.0535069489315263 0.0549936916209513 0.0562014333633469 0.0551589288963003 0.0699364336359855 0.0564491667904392 0.0548060761856834 0.0783226111005845 0.0838666271716675 0.0413656533929003 0.0544509748648124 0.0566329763992367 0.0582738477291083 0.051641548842872 0.0502422002942725 0.0401523673675527 0.0406702322172997 -9999 -9999 -9999 -9999 -9999 -9999 0.0421775905459546 0.115860328415387 0.0433322867203244 0.0630268807884231 0.0514962175653512 -9999
-9999 -9999 -9999 0.0401835149236283 0.0500012241790857 0.0618259510377461 0.049443575266589 0.0482773366832846 0.0478395435459024 0.0542324783916346 0.0435363381633728 0.0434654517472858 0.0427087435514854 0.0549701843155156 0.0529374774284124 0.0751234233742003 0.0486445365258659 0.0401506524426407 0.0804282511914165 0.0627776547115606 0.0614119746700508 0.0583229206352462 0.0551273577937325 0.0551940357840493 0.055191764228604 0.0576988610962363 0.0607005466114419 0.0412554606611871 -9999 -9999 -9999 -9999 0.0380418478830012 0.0413299450327334 -9999 -9999 -9999 -9999 -9999 -9999 -9999 -9999 0.0581870184164032 0.055569306353061 0.0517059176641297 0.0427269833728831 0.0579234629816389 0.0515577102198996
-9999 -9999 -9999 0.0754431821172979 0.0834310454319264 0.0823533766949748 0.0494252339383608 0.0509438136180177 0.0550000826095959 0.0739403446036535 0.0790428428408071 0.0581052903313809 0.0545858067987577 0.0554046597943007 0.0549626328163433 0.0559713175243952 0.0563593746978368 0.05523918597155 0.07416497287299 0.0397184336766576 0.0646665427888733 0.0616150499151537 0.0610351958283382 0.044151535309053 0.0594329944664308 0.0431160409797607 0.0418231298996851 -9999 -9999 -9999 -9999 -9999 -9999 -9999 -9999 -9999 -9999 -9999 -9999 -9999 -9999 -9999 -9999 0.0558656199012014 0.0577625346470058 0.0535496705111151 0.0560742705103475 0.0428893075787546
-9999 -9999 -9999 -9999 0.0700756586860779 0.0757025335306389 0.0734710956280721 0.102419697504695 0.0610090565004149 0.0725555825694882 0.0687928627213977 0.0666639181586924 0.0573770002416955 0.0796751700984204 0.0965136359003672 0.0940257691616387 0.0558253203882853 0.0681015254819119 0.0544855993881889 0.0547080727048198 0.0679471744382656 0.082833284840032 0.0665574446662584 0.0496201246848262 0.0756014345388392 0.0501797232747638 0.0516010414968364 0.0521008909062095 -9999 -9999 -9999 -9999 -9999 -9999 -9999 -9999 -9999 -9999 -9999 -9999 -9999 -9999 -9999 -9999 0.0515917814295878 0.0524464364374027 0.0444802168933386 0.0642212862739086
-9999 -9999 -9999 0.0408315051743852 0.0402392451462549 0.0398089733976499 0.0821137257189602 0.0757441216131826 0.0580313519113466 0.0680218670183089 0.0636688118783877 0.0770240770651465 0.0639362769737147 0.0694760303969158 0.0583324789916691 0.0518340808129687 0.0649186356248064 0.0583621266832481 0.0710370467687637 0.0510461862343539 0.0700945872527392 0.0680168409977319 0.0760260154249309 0.0632419570785998 0.0552916676954858 0.0543985742960808 0.0433144204392708 -9999 -9999 -9999 -9999 -9999 -9999 -9999 -9999 -9999 -9999 -9999 -9999 -9999 -9999 -9999 -9999 -9999 -9999 -9999 0.0627480247499852 0.0510185510044843
-9999 -9999 -9999 -9999 0.0647291550863263 0.0403193392488207 0.055122798905192 0.0570118524015608 0.0526902141787478 0.0585187277413751 0.0677995833040686 0.0759439596057254 0.0620010831394474 0.0566647962888133 0.0568215573728653 0.0566647962888133 0.057018332366837 0.0583686953429242 0.0619580412179662 0.0598136634917722 0.045151773934122 0.0564856351162265 0.0595659748030183 0.0636721785771727 0.0520132567269258 -9999 -9999 -9999 -9999 -9999 -9999 -9999 -9999 -9999 -9999 -9999 -9999 -9999 -9999 -9999 -9999 -9999 -9999 -9999 -9999 -9999 -9999 -9999
-9999 -9999 -9999 -9999 0.0367378891973476 0.0403193392488207 0.0599212502915755 0.0554259250128063 0.051546917493591 0.0647629631852973 0.0571667003093896 0.0566335782019387 0.0692909960585731 0.0718728956600094 0.0767346830556489 0.0587008426950684 0.0501570558092949 0.0589501529506003 0.0568087868784032 0.0570653226568093 0.0570334318239474 0.0570540039582482 0.0499149263814195 -9999 -9999 -9999 -9999 -9999 -9999 -9999 -9999 -9999 -9999 -9999 -9999 -9999 -9999 0.0488632848621322 0.0553722039719878 0.0542666771404784 -9999 -9999 -9999 -9999 -9999 -9999 -9999 -9999
-9999 -9999 -9999 0.0490507480254194 0.0408352573923399 0.0422718358070957 0.0582092892421147 0.0539481950640004 0.0553020549810385 0.0514795978616928 0.0520066791711189 0.0603614108471757 0.0776509450344949 0.0715657661578904 0.0793107398960379 0.06446905073197 0.0621504937111185 0.0453124931829329 0.0568008514688269 0.0519213893913865 0.0562654340809179 0.0538025336584318 -9999 -9999 -9999 -9999 -9999 -9999 -9999 -9999 -9999 -9999 -9999 -9999 -9999 -9999 -9999 -9999 0.0534277603160691 0.0578421152541373 -9999 -9999 -9999 -9999 -9999 -9999 -9999 -9999
