Scripts_&_data/BRT_projection_files/BRT_SCV2/B_pomorum_1_projection.asc
NCOLS 79 
NROWS 71 
XLLCORNER -10.5 
YLLCORNER 36 
CELLSIZE 0.5 
NODATA_value -9999 
[rows 44 to 65 of 71, columns 0 to 48 of 79]
-9999 -9999 -9999 -9999 -9999 -9999 -9999 -9999 -9999 -9999 -9999 -9999 -9999 -9999 -9999 -9999 -9999 -9999 0.151724511974572 0.160442919813959 0.146089641209977 0.145797079631376 0.147148339740631 0.146905037160668 0.146713952376257 0.146792988832079 0.146766057631575 0.163929654957186 0.293405385534644 0.180058117408353 0.214898038456099 0.228958146486697 0.230101473512373 0.237768544970054 0.382363192422194 0.378088282406247 0.363678986492429 0.286678698603744 0.387990896219357 0.37505787168453 0.388396167302704 0.397054240927419 0.49349362397427 0.463663174234257 0.461205956197491 0.464537187127513 0.38023161189878 0.453641039569061 0.492992679251658
-9999 -9999 -9999 -9999 -9999 -9999 -9999 -9999 -9999 -9999 -9999 -9999 -9999 -9999 0.151092303578834 -9999 -9999 -9999 0.148163221045236 0.245937840325946 0.282824138075065 0.251157644690672 0.31690479148418 0.16652837755759 0.147101784313201 0.153792297854612 0.14813231868139 0.146804241651433 0.148712139879244 0.172328422727519 0.180857009886549 0.23624638834476 0.240638173471144 0.364077526660453 0.366138864324508 0.364393731190464 0.281586365129982 0.373559832078345 0.457142462268632 0.39746579980304 0.459308727570527 0.471160101268538 0.497803455235787 0.503409860108703 0.504360604246841 0.502279132968972 0.503746930484226 0.396923296235787 0.439617703542347
-9999 -9999 -9999 -9999 -9999 -9999 -9999 -9999 -9999 -9999 -9999 -9999 0.155320237831416 0.155446913154193 0.153882444449438 0.151580725514048 0.151450411010168 0.147250906074234 0.154907125683524 0.155672317130859 0.222909758423763 0.145617702315383 0.209375611944652 0.168730195944766 0.148331644209286 0.146354039567928 0.146355467608387 0.146698718657486 0.146885847550061 0.146857474977484 0.161962185198567 0.239201680496554 0.260989077072013 0.370365168129666 0.438681684874822 0.432715095008607 0.359243726248082 0.376531955248647 0.388565481209396 0.455950823756415 0.341553207351092 0.40649346327392 0.455060916104664 0.501582034144721 0.502895966109546 0.420070782993657 0.374058292863648 0.398090746718275 0.349454312781382
-9999 -9999 -9999 -9999 -9999 -9999 -9999 -9999 -9999 -9999 -9999 -9999 -9999 -9999 0.159808397884622 0.146483558137934 0.148478532246437 0.146134870712834 0.151289796396127 0.151203710363676 0.145890998404742 0.146249719525295 0.14617924527098 0.146295575079852 0.147566260850309 0.146888256131997 0.146571589070743 0.146605761366996 0.146938383544523 0.274219412605687 0.311736273572217 0.238237918286203 0.233355871447419 0.261481343159168 0.148158691614945 0.264642572310796 0.461614798903083 0.404281661504662 0.401650497118306 0.302124747594757 0.207081254338875 0.207553923961715 0.211086523486385 0.387249354650035 0.385575085127258 0.360663615222216 0.383328270583929 0.385931412497832 0.396836905333766
-9999 -9999 -9999 -9999 -9999 -9999 -9999 -9999 -9999 -9999 -9999 -9999 -9999 -9999 -9999 -9999 -9999 0.145310018943432 0.145134015775878 0.143379843973354 0.147269070625787 0.146389527003273 0.146560345275172 0.146440882757953 0.146676527740807 0.147114427078829 0.148947544617502 0.147222941566999 0.175217748460966 0.360463009858228 0.212326834539986 0.179142605201992 0.230008823367161 0.402815296924953 0.395933518184826 0.407995901404429 0.399615000237349 0.403670563427327 0.387272929598866 0.357629954171655 0.371573101575188 0.180623739382282 0.362678534621403 0.375824438512444 0.264271481993472 0.189557103436867 0.197044056971253 0.219813978043083 0.332971487111253
-9999 -9999 -9999 -9999 -9999 -9999 -9999 -9999 -9999 -9999 -9999 -9999 -9999 -9999 -9999 -9999 -9999 0.147004949692269 0.146637090469411 0.15204348054076 0.151074184799342 0.15110134249256 0.145038445590625 0.147772002891819 0.151289220829072 0.148282556110728 0.145940253615308 0.146385971091131 0.14580627862065 0.243839499522386 0.146691176528058 0.146169002462352 0.247250892559248 0.395724084633922 0.404131099118327 0.398726963951947 0.302486935376417 0.354614798533807 0.194399638779752 0.201866549059412 0.223901167558656 0.179338727423908 0.241454716409651 0.21469920595453 0.305419977006001 0.223222800617378 0.230895640909935 0.321427596891257 0.400197977943998
-9999 -9999 -9999 -9999 -9999 -9999 -9999 -9999 -9999 -9999 -9999 -9999 -9999 -9999 -9999 -9999 -9999 -9999 -9999 0.147461811638883 0.150514285797046 0.152140195985841 0.151159778936734 0.145995094891738 0.211891892398132 0.272968208017684 0.279484688515506 0.206744627562815 0.245204914260869 0.293910462189396 0.16728589747908 0.146824637763502 0.384155921829365 0.37254584657861 0.400448364400848 0.277511751661776 0.357620174796635 0.208904189940155 0.386259506621723 0.268741013080107 0.200479971641642 0.277118968410292 0.298326017587473 0.322303489191876 0.325183710803024 0.32761949941364 0.414634738994837 0.392405697830268 0.0996934810700622
-9999 -9999 -9999 -9999 -9999 -9999 -9999 -9999 -9999 -9999 -9999 -9999 -9999 -9999 -9999 -9999 -9999 -9999 -9999 0.146977946830811 0.147297107677319 0.146456533701323 0.146702914472532 0.147304474933709 0.188042415929466 0.440962387172196 0.444676139705462 0.304834778694269 0.427292904106765 0.17493821828496 0.206059775134673 0.147506819794865 0.247683398167302 0.254940900622627 0.315766914407362 0.28807637065292 0.186044429603122 0.250751755845252 0.107848532636222 0.107239398154348 0.270057671367111 0.392082986162094 0.386756987742306 0.393446760493444 0.21068859815026 0.110757252540459 0.108943135219939 -9999 0.180129666374492
-9999 -9999 -9999 -9999 -9999 -9999 -9999 -9999 -9999 -9999 -9999 -9999 -9999 -9999 -9999 -9999 -9999 -9999 -9999 0.146124926371344 0.145614114260393 0.14604745810313 0.148606947274732 0.193217675037291 0.20391142030718 0.187845656356757 0.369031788962972 0.446057591074801 0.395118482301283 0.360385418833421 0.202224680987841 0.149783867657656 0.187465277370126 0.303240547015904 0.295118002998861 0.312541249034212 0.172410443045318 0.106676292558984 0.109073896700084 0.110210272104317 0.109184617698927 0.106860724660142 0.106430648356961 0.107513794584228 0.108124338190386 -9999 -9999 -9999 0.188001569957761
-9999 -9999 -9999 -9999 -9999 -9999 -9999 -9999 -9999 -9999 -9999 -9999 -9999 -9999 -9999 -9999 -9999 -9999 -9999 0.157189019307116 0.145489455927099 0.145893703121355 0.146471679244592 0.148765862595043 0.145060071069345 0.247399248488706 0.252635959918171 0.3842313719097 0.394060630991119 0.396453801845949 0.198570972703434 0.343363387348726 0.331067131471946 0.219087478685543 0.288088001444397 0.352122606061624 0.128681175726073 0.162383726623984 0.107048607012803 0.208592201902085 0.20233238308571 0.148950249392861 0.10809377323243 0.106075103105701 0.104937295039616 0.102822258417534 -9999 -9999 -9999
-9999 -9999 -9999 -9999 -9999 -9999 -9999 -9999 -9999 -9999 -9999 -9999 -9999 -9999 -9999 -9999 -9999 -9999 0.139867583885479 0.142628292210146 0.145885492159055 0.146410097559164 0.144719321095043 0.145176050246557 0.145276163624915 0.164564063010678 0.229480297449962 0.262381186973298 0.203966971631739 0.198716646611903 0.191627014041393 0.252571114295765 0.219869950377383 0.325828597955591 0.286607395866315 0.308828005586239 0.362112925587217 0.146650617757748 -9999 -9999 0.100717768810005 0.380958788847119 0.471620436377235 0.273246502462217 0.146435435364895 0.105559562338228 -9999 -9999 -9999
-9999 -9999 -9999 -9999 -9999 -9999 -9999 -9999 -9999 -9999 -9999 -9999 -9999 -9999 -9999 -9999 -9999 -9999 0.153534889808739 0.186436404595657 0.145932886994647 0.144761545309685 0.144606681411886 0.146224464556379 0.144728440994502 0.146460776403409 0.20099578028061 0.199027905911322 0.199427502154023 0.14857484101599 0.148110075334404 0.191045542540064 0.196439239189094 0.201728406568115 0.190868868634096 0.100775533965604 -9999 -9999 -9999 -9999 -9999 -9999 0.148832479750761 0.149591342110909 0.36589312113059 0.37029884925096 0.134050714295763 -9999 -9999
-9999 -9999 -9999 0.0999300977403906 0.142921866534315 0.160928577172695 0.10864402337469 0.0949566281771487 0.132248105236973 0.140994176328527 0.101542269008296 0.0951830883385093 0.128534467399218 0.140710244364362 0.127692072684974 0.146842261128396 0.144293846115377 0.104474472053868 0.196696545775822 0.195348960301384 0.149422344448906 0.14662333538017 0.146038741684681 0.146077160516167 0.145953893199069 0.146771305426267 0.149377502389027 0.144465109496029 -9999 -9999 -9999 -9999 0.144883331149094 0.143141331750479 -9999 -9999 -9999 -9999 -9999 -9999 -9999 -9999 0.146727087717408 0.146515181081066 0.144438224172943 0.17299517030149 0.147262558289414 0.145964785960136 0.104084235031734
-9999 -9999 -9999 0.147478786596036 0.19197298384102 0.197663731731455 0.163790567558295 0.110603583855418 0.196197878377274 0.226382301427094 0.23010792020674 0.352013504477142 0.230874276286465 0.213026046402263 0.213025712179143 0.238242725929849 0.227186505167932 0.194038754528938 0.195937140303345 0.223540409026399 0.334038075241879 0.351492412545484 0.325294163595685 0.347951958705947 0.420754664470401 0.183443401382627 0.149787755754127 -9999 -9999 -9999 -9999 -9999 -9999 -9999 -9999 -9999 -9999 -9999 -9999 -9999 -9999 -9999 -9999 0.147504494768837 0.146164264918388 0.147055789859973 0.146591670263929 0.404630243556376 0.145521734553549
-9999 -9999 -9999 -9999 0.180813592516007 0.155091304035824 0.155341088881333 0.262997472551364 0.172351855390265 0.139445747917448 0.135694526867879 0.146849206477265 0.136509720341297 0.162696204462726 0.245311166095548 0.266130893904124 0.222790288577372 0.139426298959579 0.159394557398977 0.175228184682376 0.196218327409035 0.179015595054584 0.208694250958379 0.101210445897771 0.223899215101887 0.340976698241621 0.133611439437961 0.132449430828449 -9999 -9999 -9999 -9999 -9999 -9999 -9999 -9999 -9999 -9999 -9999 -9999 -9999 -9999 -9999 -9999 0.136092677509321 0.150940935950817 0.146187572792173 0.240783084321068 0.372005333323919
-9999 -9999 -9999 0.10469148031312 0.105143917780724 0.11323303881965 0.149147828834939 0.147039471368739 0.143035779064467 0.139510068288867 0.139851003562434 0.148140843418583 0.142652795963161 0.144690527991231 0.143900717880669 0.148191182249079 0.173962046226788 0.139694293481028 0.126705654904474 0.143333468831002 0.138473205516151 0.146807400358968 0.139455936108905 0.13907819972189 0.183810727315769 0.104202870089995 0.103219495214629 -9999 -9999 -9999 -9999 -9999 -9999 -9999 -9999 -9999 -9999 -9999 -9999 -9999 -9999 -9999 -9999 -9999 -9999 -9999 0.14936565749572 0.187106221364756 0.198316784389434
-9999 -9999 -9999 -9999 0.110162311789406 0.105162854372429 0.124478379991432 0.136279465235036 0.136731630447641 0.139041066030949 0.135790964528727 0.139468148899273 0.134611090492804 0.153083086330707 0.149978919924069 0.143840596161611 0.150410055001912 0.150370622707224 0.139687254646256 0.126069991952582 0.143758219942394 0.138993847925843 0.137586440072766 0.13972087698588 0.125227040647837 -9999 -9999 -9999 -9999 -9999 -9999 -9999 -9999 -9999 -9999 -9999 -9999 -9999 -9999 -9999 -9999 -9999 -9999 -9999 -9999 -9999 -9999 -9999 0.146330948273356
-9999 -9999 -9999 -9999 0.104601662884765 0.105217855815502 0.129840660666187 0.140275390551693 0.138402876058999 0.139136466543683 0.144587328656635 0.144490327061459 0.174388881741854 0.149329917580378 0.139455936108905 0.135271018554195 0.12847274159625 0.221519263427329 0.168662010778871 0.151322803786171 0.139756560501797 0.134542606555871 0.125475769461999 -9999 -9999 -9999 -9999 -9999 -9999 -9999 -9999 -9999 -9999 -9999 -9999 -9999 -9999 0.139496095565227 0.144891210467763 0.145558386373159 -9999 -9999 -9999 -9999 -9999 -9999 -9999 -9999 -9999
-9999 -9999 -9999 0.104675156616919 0.104878768514553 0.104167929958402 0.133816730053622 0.142229111052584 0.143794050079937 0.148486590995111 0.145062019879089 0.151118408354866 0.139455936108905 0.12695862671628 0.139467166055879 0.135637416788239 0.143551594971204 0.171222926193827 0.164400335366555 0.231396395834511 0.138065080393545 0.139478266963213 -9999 -9999 -9999 -9999 -9999 -9999 -9999 -9999 -9999 -9999 -9999 -9999 -9999 -9999 -9999 -9999 0.147393176873691 0.146639274406762 -9999 -9999 -9999 -9999 -9999 -9999 -9999 -9999 -9999
-9999 -9999 -9999 0.129252816167631 0.104750087899242 0.103475493111504 0.143050784812849 0.135019606162127 0.143214367573945 0.14481689768841 0.137058470592809 0.13939459803218 0.139513002592654 0.139785386376022 0.140589632638422 0.140895700242571 0.13416443461478 0.13295493704889 0.134841825457988 0.139367219292272 0.141964411856739 -9999 -9999 -9999 -9999 -9999 -9999 -9999 -9999 -9999 -9999 -9999 -9999 -9999 -9999 -9999 -9999 -9999 0.146538648242288 0.14817801635181 -9999 -9999 -9999 -9999 -9999 -9999 -9999 -9999 -9999
-9999 -9999 0.140125107685471 0.142314298000493 0.143636950836767 0.141298060945576 0.14364942920366 0.13515639084151 0.139305051829243 0.138492861568324 0.136411229246944 0.134321205046947 0.133090479938461 0.139455936108905 0.140884421289595 0.139892694032122 0.140940685020407 0.141071351558181 0.135238227893014 0.138997895554517 -9999 -9999 -9999 -9999 -9999 -9999 -9999 -9999 -9999 -9999 -9999 -9999 -9999 -9999 -9999 -9999 -9999 -9999 0.145868597349318 0.144235582711431 -9999 -9999 -9999 -9999 -9999 -9999 -9999 -9999 -9999
-9999 -9999 0.102088210032435 0.13981078367205 0.137664276633918 0.141108055071045 0.139455936108905 0.139114550002336 0.139404638423605 0.13907819972189 0.13482478658941 0.132862410664109 0.139425897839737 0.139388471054289 0.13948880015145 0.134955317798939 0.132862410664109 0.140786827264286 0.126477418981622 0.129621109650136 0.103272525758947 -9999 -9999 -9999 -9999 -9999 -9999 -9999 -9999 -9999 -9999 -9999 -9999 -9999 -9999 -9999 -9999 -9999 -9999 -9999 -9999 -9999 -9999 -9999 -9999 -9999 -9999 -9999 -9999
