Scripts_&_data/BRT_projection_files/BRT_SCV2/B_pratorum_1_projection.asc
NCOLS 79 
NROWS 71 
XLLCORNER -10.5 
YLLCORNER 36 
CELLSIZE 0.5 
NODATA_value -9999 
[rows 44 to 65 of 71, columns 0 to 48 of 79]
-9999 -9999 -9999 -9999 -9999 -9999 -9999 -9999 -9999 -9999 -9999 -9999 -9999 -9999 -9999 -9999 -9999 -9999 0.398786505329973 0.58691447503904 0.537456887035346 0.592398555200526 0.584555670106783 0.604312821087899 0.573329164597924 0.402987443991095 0.423229724948781 0.580214557575729 0.588809268244455 0.546900248178109 0.68151540575485 0.702140548992328 0.693106674385882 0.724948362895324 0.725427356441978 0.724868771550107 0.71738712523024 0.597067377818909 0.726031457844915 0.722577528760135 0.708810205937091 0.70238396517959 0.618435934810531 0.653031027705228 0.664104599800144 0.635918058550531 0.715702264866387 0.66613567500138 0.64561222153357
-9999 -9999 -9999 -9999 -9999 -9999 -9999 -9999 -9999 -9999 -9999 -9999 -9999 -9999 0.397216374770355 -9999 -9999 -9999 0.585282399079255 0.701412137250862 0.688402396928071 0.675023435897753 0.615832208004917 0.532924194214298 0.543663886365717 0.397771158692954 0.404386553725006 0.572947811311001 0.5797880281848 0.580593278740058 0.57831842605487 0.695232596915248 0.702438369788188 0.722518576568306 0.70664651508111 0.716709786851057 0.643039885118717 0.72391455653662 0.725423943036653 0.726938428831334 0.72034265092861 0.714012177730084 0.605452396447006 0.61764255249291 0.604332490330222 0.618027013143438 0.683357913142093 0.71870446224922 0.720306152321411
-9999 -9999 -9999 -9999 -9999 -9999 -9999 -9999 -9999 -9999 -9999 -9999 0.586501392581265 0.57820131221094 0.572049137603784 0.573741800128593 0.395326859031457 0.391760293772797 0.574500355885861 0.581973722006682 0.586813711396919 0.573913819048629 0.551130874428064 0.535659089283144 0.527964519881378 0.38613499317247 0.38966919397246 0.394243896734126 0.573029889271086 0.573192162729935 0.585158607115211 0.702313388388631 0.707372736182872 0.714955385814312 0.714839938004997 0.719127083822843 0.725047167442802 0.717943989023775 0.722689425298135 0.714094861158025 0.713440746946265 0.722076072847327 0.724946633142724 0.724299659644003 0.72227520725515 0.698096955329785 0.713009219333381 0.707254234101189 0.699877466882131
-9999 -9999 -9999 -9999 -9999 -9999 -9999 -9999 -9999 -9999 -9999 -9999 -9999 -9999 0.390486646877558 0.395381254474809 0.392872392051664 0.385327145719767 0.394449879650584 0.39460684589406 0.393255037103786 0.395124591808529 0.526152267392558 0.526154558969338 0.397820301384723 0.40126988506023 0.39552248715051 0.395388376582969 0.572200317091812 0.620748700155413 0.702921970058019 0.704081980171454 0.627252951500035 0.712144082744246 0.719152576286206 0.720776023598697 0.675678085552505 0.719495564971499 0.717804183042377 0.715074171255019 0.719607339269175 0.713715618047328 0.720272391501176 0.718405819307153 0.723404582401461 0.725709358033267 0.738481482514431 0.738467966206356 0.7386205256825
-9999 -9999 -9999 -9999 -9999 -9999 -9999 -9999 -9999 -9999 -9999 -9999 -9999 -9999 -9999 -9999 -9999 0.348607780817996 0.394105753212624 0.38848480263151 0.385269148903638 0.386561058970095 0.387320992816786 0.395096631937961 0.395031962312828 0.401285473528653 0.39585824727034 0.596750156746684 0.606207008270102 0.711722218167587 0.627451304819485 0.584344700921417 0.626666250639768 0.712959199904361 0.718787221443128 0.702111841939017 0.706761132613374 0.7018760937921 0.724756176059093 0.720026507791722 0.73896450520972 0.734726880410845 0.738065898460154 0.738242925463943 0.738149271780184 0.738127268860982 0.738149271780184 0.738149271780184 0.738087901379356
-9999 -9999 -9999 -9999 -9999 -9999 -9999 -9999 -9999 -9999 -9999 -9999 -9999 -9999 -9999 -9999 -9999 0.345821284684233 0.345871111102973 0.393466105296311 0.393824595326514 0.394383904298436 0.393892363444773 0.382755922129434 0.394900210151473 0.392571297008575 0.576677622054627 0.58593256625882 0.598797283370954 0.711685092888202 0.600973592916547 0.564379668022188 0.712689921732629 0.720485464403271 0.69551391395976 0.717857753056984 0.737403666268192 0.73812416614002 0.733965832290053 0.733951965900856 0.733879402767229 0.730735284293303 0.716061036963936 0.733246992700004 0.729027791004566 0.738065898460154 0.738087901379356 0.738058631051556 0.738854627423059
-9999 -9999 -9999 -9999 -9999 -9999 -9999 -9999 -9999 -9999 -9999 -9999 -9999 -9999 -9999 -9999 -9999 -9999 -9999 0.345967031415559 0.350392062662222 0.391337130714533 0.394496901964974 0.585922450085408 0.630509698096287 0.695500145660801 0.703891508985169 0.594095664290526 0.55380478760851 0.715531245998586 0.601279556903209 0.598499440396014 0.713937522509128 0.723038997783693 0.721834932225184 0.738040693218786 0.738102163220818 0.738149271780184 0.738105654491496 0.738149271780184 0.738055100836609 0.737190495019688 0.736302101640294 0.738867595182676 0.737879083730795 0.737965296258042 0.711677216922854 0.719508202898241 0.742744603652551
-9999 -9999 -9999 -9999 -9999 -9999 -9999 -9999 -9999 -9999 -9999 -9999 -9999 -9999 -9999 -9999 -9999 -9999 -9999 0.34562895277162 0.345843612519854 0.346094223647526 0.401727449941379 0.596668659022148 0.712263720688823 0.713223120622524 0.712635257922292 0.716163002964259 0.713324201185357 0.709203966385824 0.608261605417826 0.406601238652066 0.717851473883618 0.71594359474843 0.73802016054677 0.73202508523155 0.730832807522885 0.720992251793601 0.40691714145698 0.40570836923517 0.725546006223008 0.721871913960952 0.721558223322207 0.719713499475519 0.711054913776802 0.402461677251375 0.339810489050537 -9999 0.348954644501131
-9999 -9999 -9999 -9999 -9999 -9999 -9999 -9999 -9999 -9999 -9999 -9999 -9999 -9999 -9999 -9999 -9999 -9999 -9999 0.351611694016116 0.347630652326475 0.348517186306464 0.35187451076335 0.401316371227566 0.59045122300192 0.713648099998258 0.71542503321904 0.706500533223383 0.70776037866273 0.71677889283751 0.595552972814053 0.592227301668769 0.721032538989761 0.73794329333884 0.728684298920468 0.73390525129271 0.356319689430963 0.345668909547878 0.348298982365984 0.348192417082527 0.347030124123481 0.346218278334321 0.347974078706878 0.348286559060567 0.348892061669402 -9999 -9999 -9999 0.342162350420617
-9999 -9999 -9999 -9999 -9999 -9999 -9999 -9999 -9999 -9999 -9999 -9999 -9999 -9999 -9999 -9999 -9999 -9999 -9999 0.351160314177572 0.350494820118031 0.347321747548406 0.350105133946736 0.35197313877201 0.392982009750433 0.69306053886923 0.711802056738499 0.71321789291546 0.719566816892165 0.714043528705942 0.40271793841 0.714020250204817 0.722488311203786 0.738854182747235 0.723581555867713 0.713035683218085 0.339904474648548 0.344321417783887 0.347221647504539 0.712423997226183 0.586332841591893 0.347431188716506 0.34259853130914 0.342028628595878 0.333889219431135 0.330499819132502 -9999 -9999 -9999
-9999 -9999 -9999 -9999 -9999 -9999 -9999 -9999 -9999 -9999 -9999 -9999 -9999 -9999 -9999 -9999 -9999 -9999 0.343286051737729 0.344864025285715 0.344612325795845 0.342616482883547 0.344804636074538 0.345316477874418 0.350543537071012 0.395123353793865 0.686109632916187 0.712739920616092 0.713811826274659 0.34973675362028 0.33566299682938 0.702557358305839 0.712832603911757 0.716361247291051 0.73851112908077 0.713252546727432 0.707143287086781 0.349580639583431 -9999 -9999 0.349617582767735 0.718476387300386 0.713268806798286 0.637722916031803 0.347435358323776 0.335339722648399 -9999 -9999 -9999
-9999 -9999 -9999 -9999 -9999 -9999 -9999 -9999 -9999 -9999 -9999 -9999 -9999 -9999 -9999 -9999 -9999 -9999 0.341457948979105 0.334206270371893 0.333650113336014 0.339748987769419 0.338543985913049 0.346571967372541 0.339721668917012 0.34687856879988 0.59015534725884 0.354492369751748 0.343109619044451 0.334910927819834 0.333614948590081 0.332816550716506 0.349857561978388 0.403137679168337 0.402497801673159 0.342558294981062 -9999 -9999 -9999 -9999 -9999 -9999 0.341938049874971 0.352511588925159 0.709290885993021 0.700005785037208 0.346243245276436 -9999 -9999
-9999 -9999 -9999 0.333526640112306 0.34298298615936 0.600393931946752 0.597032111742028 0.600404837790262 0.59053365133212 0.609345815898595 0.595680426160583 0.604227709187804 0.352508256919499 0.351986433192024 0.331060253172358 0.350529652895559 0.348330749681003 0.402104043637234 0.561947200253286 0.354480311652455 0.401086975781655 0.349943885359928 0.347226157986731 0.348677009848427 0.340292298067661 0.351576832487517 0.344666347689126 0.332419240230392 -9999 -9999 -9999 -9999 0.334701130371064 0.334596329871651 -9999 -9999 -9999 -9999 -9999 -9999 -9999 -9999 0.333704021732535 0.333236167563036 0.345611874678796 0.346038197883816 0.580235346048851 0.39601571798989 0.331657497504578
-9999 -9999 -9999 0.341525326687146 0.349032785579211 0.588586612269019 0.595374522093009 0.713459006085624 0.714029303526996 0.711013904649856 0.713523596303586 0.71253650336577 0.698711822513165 0.70208009441699 0.618843574506367 0.701671471098277 0.712411226779584 0.399989992945901 0.629460858443842 0.713998867356779 0.68950275536911 0.688139707852237 0.670019958924612 0.651011161680417 0.712434690809124 0.609182057836936 0.334958481954444 -9999 -9999 -9999 -9999 -9999 -9999 -9999 -9999 -9999 -9999 -9999 -9999 -9999 -9999 -9999 -9999 0.332114005813573 0.332199019052446 0.332199019052446 0.348434016643957 0.709478293807685 0.347514437321983
-9999 -9999 -9999 -9999 0.349032785579211 0.402414494317557 0.713275606164787 0.714029303526996 0.699449019780052 0.326999311818096 0.327026420367798 0.336254886509429 0.327367660218131 0.364471388815532 0.59116312318853 0.62531359791116 0.603680634446263 0.325814056160056 0.33788233643728 0.388732860774542 0.612430804961565 0.353566217565087 0.705778650108555 0.709465939383696 0.708983511499126 0.653799851920377 0.329882147930569 0.327460072491133 -9999 -9999 -9999 -9999 -9999 -9999 -9999 -9999 -9999 -9999 -9999 -9999 -9999 -9999 -9999 -9999 0.331752098766586 0.333200788190819 0.333983232793945 0.712879468141244 0.70652244597576
-9999 -9999 -9999 0.333590423411997 0.56659497435565 0.597383965087623 0.398157641979208 0.348607896551983 0.328993744202479 0.327026420367798 0.335639834861279 0.338338464466875 0.359916656579911 0.358758899491254 0.375847649938249 0.39698687681631 0.403186206525663 0.360007992764506 0.326274007532673 0.327984749905205 0.326313166405607 0.326335991268108 0.326333623319126 0.326557754136291 0.347449147958572 0.342893330580398 0.329200441841177 -9999 -9999 -9999 -9999 -9999 -9999 -9999 -9999 -9999 -9999 -9999 -9999 -9999 -9999 -9999 -9999 -9999 -9999 -9999 0.335337880497097 0.333486047385954 0.333876113834756
-9999 -9999 -9999 -9999 0.343235005622598 0.400584251240468 0.328807329314741 0.328430404173582 0.328115378167296 0.327034142798928 0.327103626595151 0.327122096501963 0.327034310978747 0.378196447659852 0.426983544291654 0.359892553948589 0.39833197112705 0.402395083051346 0.357642221393239 0.327668231780194 0.32644641734298 0.326239231374437 0.326430029295853 0.326511112416511 0.32689026308575 -9999 -9999 -9999 -9999 -9999 -9999 -9999 -9999 -9999 -9999 -9999 -9999 -9999 -9999 -9999 -9999 -9999 -9999 -9999 -9999 -9999 -9999 -9999 0.332553471838142
-9999 -9999 -9999 -9999 0.33352791375276 0.335179551807236 0.330064172101313 0.328807190573814 0.330704304421253 0.327685939148042 0.358203289258804 0.360404574711254 0.410186082606822 0.407368570277937 0.327013987392835 0.334673471346631 0.512264441601708 0.441159613929781 0.41548254792019 0.410696369976242 0.338648168440648 0.326557061600436 0.326429310815905 -9999 -9999 -9999 -9999 -9999 -9999 -9999 -9999 -9999 -9999 -9999 -9999 -9999 -9999 0.331454805899516 0.332302770885897 0.336537757083025 -9999 -9999 -9999 -9999 -9999 -9999 -9999 -9999 -9999
-9999 -9999 -9999 0.333068035055481 0.33314298120952 0.330523945180503 0.329231973552718 0.329296774261073 0.330049122666843 0.456174737960784 0.461690698348225 0.351185850967388 0.325821175042663 0.329047877583417 0.326427871039848 0.327026420367798 0.340159649244853 0.483696340749683 0.403523559283525 0.436443441026256 0.34051733479888 0.326329748231974 -9999 -9999 -9999 -9999 -9999 -9999 -9999 -9999 -9999 -9999 -9999 -9999 -9999 -9999 -9999 -9999 0.332017439065847 0.343017298249628 -9999 -9999 -9999 -9999 -9999 -9999 -9999 -9999 -9999
-9999 -9999 -9999 0.329380702160709 0.328942405451558 0.328975918376244 0.328248535240943 0.326679908777844 0.328127013574708 0.328408250626855 0.32762114715707 0.325915564286344 0.325864031152857 0.325882453995696 0.325942853409603 0.326874480503606 0.327024572281046 0.337026451300742 0.335539439297657 0.326737146408036 0.328210023862411 -9999 -9999 -9999 -9999 -9999 -9999 -9999 -9999 -9999 -9999 -9999 -9999 -9999 -9999 -9999 -9999 -9999 0.332184441984132 0.334420301179367 -9999 -9999 -9999 -9999 -9999 -9999 -9999 -9999 -9999
-9999 -9999 0.331649140840804 0.326709835672936 0.327926226556184 0.328164946718724 0.328321038711474 0.326239522173901 0.326288761156621 0.326239522173901 0.326536793681268 0.327282390591419 0.325858988200093 0.325821175042663 0.325942853409603 0.325965671727071 0.326009521017478 0.326738516023178 0.326915938035962 0.326166469794572 -9999 -9999 -9999 -9999 -9999 -9999 -9999 -9999 -9999 -9999 -9999 -9999 -9999 -9999 -9999 -9999 -9999 -9999 0.331787078957652 0.332807333058791 -9999 -9999 -9999 -9999 -9999 -9999 -9999 -9999 -9999
-9999 -9999 0.329814269055175 0.326265388457482 0.3263281580288 0.326507812463116 0.325897141443505 0.325916193055824 0.325801387443813 0.325741348481738 0.325796001203109 0.325836335259208 0.325801387443813 0.325801387443813 0.325821175042663 0.325892626442691 0.327323734684751 0.326475428204646 0.326507689024215 0.325839597885503 0.326383942685129 -9999 -9999 -9999 -9999 -9999 -9999 -9999 -9999 -9999 -9999 -9999 -9999 -9999 -9999 -9999 -9999 -9999 -9999 -9999 -9999 -9999 -9999 -9999 -9999 -9999 -9999 -9999 -9999
