Scripts_&_data/BRT_projection_files/BRT_SCV2/B_pyrenaeus_1_projection.asc
NCOLS 79 
NROWS 71 
XLLCORNER -10.5 
YLLCORNER 36 
CELLSIZE 0.5 
NODATA_value -9999 
[rows 42 to 62 of 71, columns 0 to 47 of 79]
-9999 -9999 -9999 -9999 -9999 -9999 -9999 -9999 -9999 -9999 0.0625590480543228 -9999 -9999 0.0630724935698011 -9999 -9999 -9999 -9999 -9999 -9999 -9999 -9999 -9999 -9999 0.0475831857398994 0.0475831857398994 0.0473430585918766 0.0471505682286142 0.0473430585918766 0.0475831857398994 0.0475831857398994 0.0659947376584607 0.065611769473884 0.0621512971267475 0.051149903503461 0.0471505682286142 0.047586912333075 0.0473430585918766 0.0471505682286142 0.0667453640354531 0.0484857439879335 0.0473769676140263 0.0475720960747756 0.0483808587916446 0.0483971456882809 0.0488762961438588 0.0639820325448094 0.0490031595923563
-9999 -9999 -9999 -9999 -9999 -9999 -9999 -9999 -9999 -9999 -9999 -9999 -9999 -9999 -9999 -9999 -9999 -9999 -9999 -9999 -9999 -9999 0.0650098860520221 0.0576667831864573 0.0475116865526929 0.0471505682286142 0.0473430585918766 0.0473430585918766 0.0473430585918766 0.0480078139100121 0.057808328007644 0.0632967829899587 0.0636836236211788 0.0473199593693407 0.0482168451291553 0.0477259964822826 0.0450296720334203 0.0450497115738875 0.0476609217775032 0.112264231198075 0.0470080795842276 0.045071550732911 0.0450590907635625 0.0479820088321379 0.0480050499762738 0.0488762961438588 0.0555870252947518 0.0451040535801124
-9999 -9999 -9999 -9999 -9999 -9999 -9999 -9999 -9999 -9999 -9999 -9999 -9999 -9999 -9999 -9999 -9999 -9999 0.0479919946522458 0.0473199593693407 0.0450497115738875 0.0601301433979301 0.0475375037414769 0.0473430585918766 0.0473430585918766 0.0471505682286142 0.0473430585918766 0.0473430585918766 0.0471505682286142 0.0469225147735466 0.0473430585918766 0.0475831857398994 0.0475375037414769 0.0477698543839223 0.0477610704725009 0.0574022991061822 0.196312882941252 0.0472813975980115 0.0473430585918766 0.0475331565725106 0.0516115140742636 0.0523012291919314 0.0454821535822081 0.0472868190132709 0.0478073468922798 0.0477976782789086 0.0490117120616444 0.323540180153271
-9999 -9999 -9999 -9999 -9999 -9999 -9999 -9999 -9999 -9999 -9999 -9999 -9999 -9999 0.0473430585918766 -9999 -9999 -9999 0.0630858162459698 0.0630713199885619 0.0512223207703005 0.0479314422147849 0.0471505682286142 0.0450497115738875 0.0450497115738875 0.107656177574083 0.0472573127923859 0.0473430585918766 0.0473430585918766 0.0473430585918766 0.0475831857398994 0.0622562887076841 0.0479217614016854 0.0473430585918766 0.0475599514630036 0.0645261967914969 0.0475112979365962 0.0759259966496246 0.0475831857398994 0.054410958553247 0.213601341713849 0.0484224740176263 0.0450408967845753 0.0450513557075415 0.0450599057799737 0.0470797393856369 0.0475766157101439 0.224507672933213
-9999 -9999 -9999 -9999 -9999 -9999 -9999 -9999 -9999 -9999 -9999 -9999 0.0571711099539242 0.062791307110159 0.0475618127446617 0.0473430585918766 0.0473430585918766 0.0450497115738875 0.0623050979186385 0.0623036164654458 0.0571637588138008 0.0472859829523866 0.0453733973732001 0.0450497115738875 0.0450497115738875 0.0450497115738875 0.0468715613595817 0.0471505682286142 0.0473430585918766 0.0473430585918766 0.0475831857398994 0.0476795828764334 0.0561739394767814 0.0623680817026581 0.102785755437673 0.123936737360921 0.0475331565725106 0.504308747111918 0.0508332932689601 0.0480057455527372 0.0484544719525712 0.0482814815850422 0.0481221114134096 0.0475331565725106 0.0477351513551037 0.0517721664926997 0.0630562488917328 0.0667103504953013
-9999 -9999 -9999 -9999 -9999 -9999 -9999 -9999 -9999 -9999 -9999 -9999 -9999 -9999 0.0623085762493334 0.0473430585918766 0.0471275764146544 0.045027983730695 0.04754602876968 0.0473430585918766 0.0471275764146544 0.0471293008349899 0.045027983730695 0.0450497115738875 0.0472644508959119 0.0473430585918766 0.0473430585918766 0.0473430585918766 0.0473430585918766 0.0475331565725106 0.0475831857398994 0.0475831857398994 0.0573409121867278 0.0636361568466785 0.156819248671781 0.0634277729479275 0.132011269259788 0.08899360502782 0.0475831857398994 0.0475618127446617 0.0635503418234609 0.290701147784665 0.23541174116145 0.375589313564877 0.42728378188504 0.484394730435683 0.592685146335994 0.648169673253782
-9999 -9999 -9999 -9999 -9999 -9999 -9999 -9999 -9999 -9999 -9999 -9999 -9999 -9999 -9999 -9999 -9999 0.0479314422147849 0.0475099546573146 0.0471222004271421 0.0450497115738875 0.0450497115738875 0.0469225147735466 0.0471904211606394 0.0471505682286142 0.0473430585918766 0.0473571909380453 0.0475331565725106 0.0622892851722795 0.0623752756724961 0.0475675176331395 0.0475831857398994 0.063191384475014 0.0646390960476733 0.286121041714877 0.0816919525292601 0.0624742662601906 0.130207095605697 0.132297892144967 0.293805040516491 0.620057693371528 0.594128167450132 0.604779204079716 0.586053540859591 0.651733903737412 0.573313533289803 0.644950347656735 0.666053677570694
-9999 -9999 -9999 -9999 -9999 -9999 -9999 -9999 -9999 -9999 -9999 -9999 -9999 -9999 -9999 -9999 -9999 0.0475831857398994 0.0475831857398994 0.0475675176331395 0.0473430585918766 0.0471505682286142 0.0473430585918766 0.0473216868340161 0.0473430585918766 0.0473220938724435 0.0473216868340161 0.0473216868340161 0.0628502049479288 0.0645734130102831 0.0475116865526929 0.0622766864132803 0.0734814715827102 0.398609465113049 0.107796306921157 0.44151964554929 0.562578627779711 0.659501810444306 0.58369189184569 0.451560171542735 0.400793433674727 0.0925978416264782 0.0889528832171894 0.296171770713978 0.0825628172891753 0.496390895065447 0.666757392120263 0.670979223351948
-9999 -9999 -9999 -9999 -9999 -9999 -9999 -9999 -9999 -9999 -9999 -9999 -9999 -9999 -9999 -9999 -9999 -9999 -9999 0.0475675176331395 0.0572693853829672 0.0475331565725106 0.0474860356853081 0.0617211020405267 0.062288649363848 0.0516042453225054 0.0515322640769649 0.0473199593693407 0.0480078139100121 0.060198310889839 0.0475831857398994 0.0623057423192422 0.152597571735576 0.084788078070161 0.581542441898157 0.48929915277352 0.566699838507697 0.657104192645819 0.576802641038115 0.621194870659476 0.621034337032131 0.54006258044379 0.518694873167998 0.221435284513683 0.513447791675539 0.602310335332414 0.114212976813165 0.167313025603684
-9999 -9999 -9999 -9999 -9999 -9999 -9999 -9999 -9999 -9999 -9999 -9999 -9999 -9999 -9999 -9999 -9999 -9999 -9999 0.0475831857398994 0.0475831857398994 0.0475861043534688 0.0622908740769222 0.0622892851722795 0.075887373979757 0.12427595861788 0.20501106934368 0.0473430585918766 0.138799544070927 0.0522126209480919 0.048012687881782 0.0623955674568988 0.0643035378179383 0.54907179535822 0.656516084200911 0.0929201585876964 0.0924879097166783 0.0637547258246569 0.0903977654172652 0.0860059080245337 0.0869229728000956 0.311165474978447 0.325710252045408 0.228824610615195 0.0799709542182977 0.0639095466717394 0.0827964275802484 -9999
-9999 -9999 -9999 -9999 -9999 -9999 -9999 -9999 -9999 -9999 -9999 -9999 -9999 -9999 -9999 -9999 -9999 -9999 -9999 0.0622842612539877 0.0571617052015932 0.0475675176331395 0.0477763330654523 0.0656445918065323 0.0647152847397044 0.0780229193635327 0.264572008608175 0.0475115457815307 0.0482519173535689 0.0483054472945514 0.0631601166220121 0.0625388251629838 0.0917236034377117 0.564514941010604 0.0732639475792108 0.0802859254365124 0.0473430585918766 0.0476861142500135 0.0585310052649406 0.0585310052649406 0.0585310052649406 0.0477377875459579 0.0475123939808257 0.0477535180325809 0.0477535180325809 -9999 -9999 -9999
-9999 -9999 -9999 -9999 -9999 -9999 -9999 -9999 -9999 -9999 -9999 -9999 -9999 -9999 -9999 -9999 -9999 -9999 -9999 0.123938473691522 0.0480078139100121 0.0473216868340161 0.0473430585918766 0.0477001928596919 0.0678361844841535 0.0630079413351464 0.0735401916944812 0.23783983824067 0.212820714416917 0.0791974001149214 0.0635483011178737 0.0647093198104124 0.567149040537437 0.5991315153501 0.0779848613023369 0.0514433206013799 0.0450574512923859 0.0450497115738875 0.047736332698029 0.0649199897160548 0.0629835433785044 0.0636333711043707 0.0477535180325809 0.0475123939808257 0.047280422954332 0.0450717337407386 -9999 -9999
-9999 -9999 -9999 -9999 -9999 -9999 -9999 -9999 -9999 -9999 -9999 -9999 -9999 -9999 -9999 -9999 -9999 -9999 0.064290806875425 0.0745615286236297 0.143778269166878 0.0473430585918766 0.0473216868340161 0.0473199593693407 0.0480310331663708 0.0622745810595656 0.0628266054143473 0.0707876943017531 0.190632143005857 0.0638614600357219 0.0479360687973555 0.0482678728889793 0.0591521630241635 0.106363977025501 0.375541309635127 0.305397712465504 0.0477763330654523 0.0491494767738461 -9999 -9999 0.0811233180055401 0.189679604828621 0.0719498922850407 0.0624018978888044 0.047738439558972 0.0475123939808257 -9999 -9999
-9999 -9999 -9999 -9999 -9999 -9999 -9999 -9999 -9999 -9999 -9999 -9999 -9999 -9999 -9999 -9999 -9999 -9999 0.0720926041869181 0.0628868089882431 0.0607723816491283 0.047334988232144 0.0451254176768992 0.0471434578348385 0.0473430585918766 0.0623036164654458 0.0635787458782881 0.0635660159900278 0.0805363843863219 0.0476493667634144 0.0452288776841458 0.0456071951297146 0.0483067660423358 0.0592706245074635 0.0678233964375964 0.065550367130258 -9999 -9999 -9999 -9999 -9999 -9999 0.0637624152542746 0.0624369034868339 0.1911632701489 0.0475331565725106 0.047751156299587 -9999
-9999 -9999 -9999 0.0729154879309892 0.0659023722289437 0.0643493203545314 0.0684041106697904 0.0684473725160205 0.0941803134596779 0.0880027451021849 0.100975257047221 0.0991081003754374 0.0911902952032391 0.0986723115523947 0.0906547071871832 0.0658355168671327 0.0790089151859974 0.079023421645066 0.0719901220263742 0.0795731607939142 0.0817743026641908 0.0623955674568988 0.0556452983180579 0.0475616847352287 0.0475616847352287 0.0624099214116635 0.0475331565725106 0.0452422188135714 -9999 -9999 -9999 -9999 0.0513254683585292 0.0708208836950647 -9999 -9999 -9999 -9999 -9999 -9999 -9999 -9999 0.0572777166642762 0.0475075077294312 0.0474973419552543 0.0475331565725106 0.0624099214116635 0.0474952592133758
-9999 -9999 -9999 0.0763125956359873 0.0720888410637986 0.0482305286286718 0.0491393353403607 0.0683419208931074 0.137918193139855 0.0481737783328873 0.0636622837510586 0.0633636251627037 0.0477096187344073 0.0477137066486094 0.047508132019129 0.0477096187344073 0.0633736196461191 0.0629037749901579 0.0682475972764284 0.444830746529067 0.649672009417258 0.45308666682146 0.539973446361467 0.518314140577462 0.60415416993319 0.141907166794611 0.114356404330833 -9999 -9999 -9999 -9999 -9999 -9999 -9999 -9999 -9999 -9999 -9999 -9999 -9999 -9999 -9999 -9999 0.0471505682286142 0.0473430585918766 0.0477145119996411 0.0595615904899328 0.196480817661091
-9999 -9999 -9999 -9999 0.0718484604905092 0.0649800882586063 0.0690785129677402 0.160749720073795 0.0480416801090751 0.045052525584347 0.045052525584347 0.045052525584347 0.045052525584347 0.045052525584347 0.049067053386523 0.0493894442460957 0.0453535175973185 0.045052525584347 0.0450497115738875 0.0453535175973185 0.0476752527400091 0.0479344645169241 0.0480113044096606 0.0479626034410059 0.0495009367491068 0.183407727193842 0.0860120726147768 0.0457823892469403 -9999 -9999 -9999 -9999 -9999 -9999 -9999 -9999 -9999 -9999 -9999 -9999 -9999 -9999 -9999 -9999 0.0636469810188987 0.0624225495320692 0.0638054488016003 0.0644484380961276
-9999 -9999 -9999 0.0839725585755286 0.0794780282763072 0.0740302655739545 0.0481779291400424 0.0483548391945142 0.045052525584347 0.045052525584347 0.045052525584347 0.045052525584347 0.045052525584347 0.045052525584347 0.045052525584347 0.045340449697408 0.045052525584347 0.045052525584347 0.0450602653028454 0.0450602653028454 0.045052525584347 0.045052525584347 0.045052525584347 0.0450324792089744 0.0455413329325878 0.047877111767259 0.0492331205238278 -9999 -9999 -9999 -9999 -9999 -9999 -9999 -9999 -9999 -9999 -9999 -9999 -9999 -9999 -9999 -9999 -9999 -9999 -9999 0.0624225495320692 0.0793750983602522
-9999 -9999 -9999 -9999 0.0852380628538801 0.066461082684177 0.0453662752934165 0.0452369260301064 0.0454548182942202 0.0450324792089744 0.045052525584347 0.045052525584347 0.045052525584347 0.045052525584347 0.0453278121273759 0.045052525584347 0.045052525584347 0.045052525584347 0.045052525584347 0.0450602653028454 0.0450602653028454 0.045052525584347 0.045052525584347 0.045052525584347 0.0459265946235168 -9999 -9999 -9999 -9999 -9999 -9999 -9999 -9999 -9999 -9999 -9999 -9999 -9999 -9999 -9999 -9999 -9999 -9999 -9999 -9999 -9999 -9999 -9999
-9999 -9999 -9999 -9999 0.0817543027696844 0.0649282400323206 0.0494227573812207 0.0451367757630709 0.0489177311387132 0.0450324792089744 0.0450324792089744 0.0450307909062491 0.045052525584347 0.0493606106451924 0.045052525584347 0.045052525584347 0.0495821638589648 0.045052525584347 0.045052525584347 0.045052525584347 0.045052525584347 0.045052525584347 0.0452932688489066 -9999 -9999 -9999 -9999 -9999 -9999 -9999 -9999 -9999 -9999 -9999 -9999 -9999 -9999 0.0452492659553996 0.0473430585918766 0.0572520898938869 -9999 -9999 -9999 -9999 -9999 -9999 -9999 -9999
-9999 -9999 -9999 0.0643285255497155 0.0677329102643041 0.100871221924862 0.0911093079007657 0.0896920133499521 0.0897256073336125 0.0890138573480752 0.08760916660007 0.048842851893834 0.045052525584347 0.0450602653028454 0.045052525584347 0.045052525584347 0.0481658280958264 0.0460218924000985 0.045052525584347 0.0453472979180843 0.0453424514580524 0.0453074941617517 -9999 -9999 -9999 -9999 -9999 -9999 -9999 -9999 -9999 -9999 -9999 -9999 -9999 -9999 -9999 -9999 0.0475599514630036 0.0662902985833715 -9999 -9999 -9999 -9999 -9999 -9999 -9999 -9999
