Scripts_&_data/BRT_projection_files/BRT_SCV2/B_pyrenaeus_2_projection.asc
NCOLS 79 
NROWS 71 
XLLCORNER -10.5 
YLLCORNER 36 
CELLSIZE 0.5 
NODATA_value -9999 
[rows 42 to 62 of 71, columns 0 to 47 of 79]
-9999 -9999 -9999 -9999 -9999 -9999 -9999 -9999 -9999 -9999 0.0522216158406477 -9999 -9999 0.0515008737242871 -9999 -9999 -9999 -9999 -9999 -9999 -9999 -9999 -9999 -9999 0.0358430500265855 0.0358507548597416 0.0342051428967391 0.0338984297585956 0.0345242296194018 0.0353365448540833 0.034653102966414 0.0365239356487371 0.0651861261576846 0.0581523052600894 0.0521010267272053 0.0339871048628758 0.0441157496387669 0.0327168431571652 0.0323461800974915 0.0868320757616896 0.0347648957187223 0.0336662437691501 0.033944526752756 0.0366121758720842 0.0388520219708734 0.034341209168464 0.069065140941031 0.0343122808657912
-9999 -9999 -9999 -9999 -9999 -9999 -9999 -9999 -9999 -9999 -9999 -9999 -9999 -9999 -9999 -9999 -9999 -9999 -9999 -9999 -9999 -9999 0.036862801383367 0.0358433225531938 0.0354973014702305 0.0340763803693396 0.0339941236452832 0.0340780899287062 0.0342583140991263 0.0354920295949188 0.0558641902347202 0.0667371543332627 0.0589126073574807 0.0348258901628977 0.0464411406679438 0.0736789857958194 0.0331875948295792 0.0336835031295016 0.038555811549039 0.0398676063863007 0.0332010477510452 0.033207340733827 0.0341617357405921 0.0351192688932177 0.0353483730205617 0.0343010756559583 0.0370768204283696 0.0333005959621156
-9999 -9999 -9999 -9999 -9999 -9999 -9999 -9999 -9999 -9999 -9999 -9999 -9999 -9999 -9999 -9999 -9999 -9999 0.0349865092585577 0.0346897539197461 0.0331865793235358 0.0367739959200338 0.0353376240702988 0.0341589403937896 0.0342583140991263 0.0336369414876379 0.0336369414876379 0.034223567684204 0.0339958289077821 0.0335357982850526 0.0345214157578171 0.03584540269568 0.0353417958502851 0.0338925129344567 0.0341984138115182 0.0505509861495006 0.0457371451446114 0.0315838944863504 0.0333351470186998 0.0350562717292165 0.0345481993138423 0.0343259317887573 0.0332420329401516 0.033873942304844 0.0337747348191987 0.0336411760916852 0.038882109930687 0.107404277341098
-9999 -9999 -9999 -9999 -9999 -9999 -9999 -9999 -9999 -9999 -9999 -9999 -9999 -9999 0.0345308764134177 -9999 -9999 -9999 0.0358507548597416 0.0358507548597416 0.034242578805703 0.0347331510786286 0.034223567684204 0.0335374703101614 0.0331800479947766 0.0300726241193587 0.032368812588528 0.0342492950434348 0.0339941236452832 0.0339941236452832 0.0345231380288854 0.0358448434680936 0.0344549465329489 0.0342555236035377 0.0353365448540833 0.0500912675793535 0.0339067074100426 0.044908179837536 0.0337284060152953 0.029487806666103 0.0373822973566564 0.034516415334453 0.0340226970068851 0.0336613698482249 0.0336613698482249 0.0340191279576323 0.0345641554625613 0.0391206834670603
-9999 -9999 -9999 -9999 -9999 -9999 -9999 -9999 -9999 -9999 -9999 -9999 0.0361020575689106 0.0361488406025297 0.0358507548597416 0.0347331510786286 0.0346992719844783 0.0341184992892813 0.0358696946470613 0.0358507548597416 0.0358410018514987 0.034242578805703 0.034242578805703 0.0335357982850526 0.0335357982850526 0.0335357982850526 0.0335994401717925 0.0339958289077821 0.034223567684204 0.0342600271445755 0.0349635902399482 0.0358438814793407 0.0387284524816086 0.0358838825641354 0.0656871295357312 0.0569965656639725 0.0351694240926923 0.0540291742579711 0.0372650268306553 0.0342181020833553 0.0342308074830139 0.0350366499681146 0.0349823459015004 0.0346671437082794 0.0360926301722534 0.0355197234939114 0.0358680999002647 0.0358721664431592
-9999 -9999 -9999 -9999 -9999 -9999 -9999 -9999 -9999 -9999 -9999 -9999 -9999 -9999 0.0360121405040798 0.0346992719844783 0.0346897539197461 0.034242578805703 0.0355337295732839 0.0346992719844783 0.0344163314000622 0.0339941236452832 0.0335357982850526 0.0335374703101614 0.0345855429477152 0.0338984297585956 0.034223567684204 0.0342583140991263 0.0342600271445755 0.0350077351709597 0.0350093830061913 0.0350123273528611 0.0369196751983471 0.0629267825626657 0.0588603420924275 0.0405591046501827 0.0658518773830039 0.0677671270969123 0.038082161938922 0.0503341914846029 0.0507317077805466 0.0766368687945262 0.0866154196676618 0.0728499299119016 0.210426274579242 0.49453475091847 0.724206660415254 0.714205946917661
-9999 -9999 -9999 -9999 -9999 -9999 -9999 -9999 -9999 -9999 -9999 -9999 -9999 -9999 -9999 -9999 -9999 0.035178364786196 0.0349865092585577 0.034242578805703 0.0335357982850526 0.0335293487369725 0.03395283716295 0.0340763803693396 0.0340780899287062 0.0338984297585956 0.0345214157578171 0.0345231380288854 0.0358931257565369 0.0358978136138193 0.03481009869798 0.0346485854491671 0.0441446047851463 0.0678455091317803 0.0683058589920679 0.0647561436352869 0.0675205417869763 0.0599877432089089 0.110515761831634 0.115111286070381 0.774249984266116 0.448236468105215 0.683961663431314 0.765600656520484 0.767489273641491 0.728986929277306 0.779482710482677 0.745518646465116
-9999 -9999 -9999 -9999 -9999 -9999 -9999 -9999 -9999 -9999 -9999 -9999 -9999 -9999 -9999 -9999 -9999 0.0350077351709597 0.0349865092585577 0.0349865092585577 0.0344163314000622 0.0339941236452832 0.034223567684204 0.0344299802036503 0.0347185857337126 0.0347939814403129 0.0344253797249817 0.0342583140991263 0.0358410018514987 0.0554091638281427 0.0345308764134177 0.0362712165193921 0.0809170455088484 0.195898210292166 0.0362834591048421 0.0942704136638446 0.702661760228016 0.784881494240038 0.777213917306389 0.684132190463759 0.678816968338971 0.305932292687628 0.26375875481324 0.615164698926947 0.398281081149635 0.393178461575688 0.749782494335999 0.772982344813566
-9999 -9999 -9999 -9999 -9999 -9999 -9999 -9999 -9999 -9999 -9999 -9999 -9999 -9999 -9999 -9999 -9999 -9999 -9999 0.0345308764134177 0.0350077351709597 0.0348941530392546 0.035178364786196 0.0358507548597416 0.0358610669395915 0.036816246933132 0.0346992719844783 0.0344163314000622 0.0355884011657989 0.0521165985092327 0.0350077351709597 0.0362438230241858 0.0724039932061598 0.0683429143532159 0.235273651044181 0.606608336320065 0.618765032750123 0.811967391753525 0.707644975258655 0.792982337901689 0.777731498277757 0.761649217175547 0.367045572468179 0.290694287631014 0.711180057969326 0.667808739646172 0.0674080670654347 0.0635108649613276
-9999 -9999 -9999 -9999 -9999 -9999 -9999 -9999 -9999 -9999 -9999 -9999 -9999 -9999 -9999 -9999 -9999 -9999 -9999 0.03481678425628 0.0345645931056276 0.035419867999057 0.0362111578129909 0.0359242298143443 0.0630719659165882 0.0662876498655151 0.0652959737098745 0.034223567684204 0.0820101443955508 0.0346897539197461 0.0352281985415561 0.0358580190874545 0.0663735191770608 0.0647203065446434 0.758756940506395 0.635552852268429 0.381147520993796 0.108898065375092 0.0526752415208439 0.0405723186752357 0.0974591182637074 0.100267029721713 0.169252118219396 0.0779141343113607 0.0376450388305298 0.0351477300974678 0.0350656927462167 -9999
-9999 -9999 -9999 -9999 -9999 -9999 -9999 -9999 -9999 -9999 -9999 -9999 -9999 -9999 -9999 -9999 -9999 -9999 -9999 0.0353383104312746 0.0351636179657423 0.03498303302846 0.0507819090472889 0.0555493765290622 0.111889354001972 0.0669358530722537 0.0785796460099382 0.0487716497948507 0.0533272078979422 0.0543093731054075 0.0543477711081815 0.0359325761634695 0.0596621209980645 0.551588619092454 0.229480297541168 0.345603375760677 0.0338918163033469 0.0354336871305023 0.0336270700266553 0.0330757308382497 0.0344514411698048 0.0333442774403043 0.0336303925540973 0.0329130441442308 0.0330659623254197 -9999 -9999 -9999
-9999 -9999 -9999 -9999 -9999 -9999 -9999 -9999 -9999 -9999 -9999 -9999 -9999 -9999 -9999 -9999 -9999 -9999 -9999 0.0595688340414476 0.0346992719844783 0.0339941236452832 0.0342583140991263 0.0494116339010897 0.0556781417244611 0.0615802500423774 0.045237835605753 0.0586144364695519 0.095802364043945 0.130510379765833 0.0629424484840396 0.100907333349258 0.271789759448445 0.235177408810676 0.252050280116147 0.0561173839810564 0.0338984297585956 0.0335994401717925 0.0342047092670198 0.0494563051045474 0.0392235942678621 0.0344514411698048 0.0331767645891826 0.0324501024016549 0.0331800479947766 0.0342358095662921 -9999 -9999
-9999 -9999 -9999 -9999 -9999 -9999 -9999 -9999 -9999 -9999 -9999 -9999 -9999 -9999 -9999 -9999 -9999 -9999 0.0322731709095139 0.0890110494346277 0.0561967359883331 0.0339545390211301 0.0336995282395778 0.0341599397599804 0.0344253797249817 0.0349865092585577 0.0365935024456807 0.0648979588466645 0.0764280127378224 0.0710919930056564 0.0365120597480498 0.0365171719737711 0.0553122912121279 0.0823820744689941 0.3816444675953 0.139269709770233 0.0543001518021785 0.0512411528727165 -9999 -9999 0.0424416374783453 0.0728773576265048 0.0552449406518269 0.0491571475116362 0.0336369414876379 0.033889261583418 -9999 -9999
-9999 -9999 -9999 -9999 -9999 -9999 -9999 -9999 -9999 -9999 -9999 -9999 -9999 -9999 -9999 -9999 -9999 -9999 0.0547928642192338 0.0382348180198162 0.0363031898660138 0.0341599397599804 0.0336995282395778 0.0335374703101614 0.0335357982850526 0.0358430500265855 0.0624369301750451 0.0634465876179656 0.0833397263425236 0.0338918163033469 0.0331865793235358 0.0347213439915283 0.0530346573214059 0.0627044659120756 0.0636355370711873 0.050274283744658 -9999 -9999 -9999 -9999 -9999 -9999 0.0342047092670198 0.0336208962106609 0.0634949373278882 0.0337262374661374 0.0338965217285565 -9999
-9999 -9999 -9999 0.0614920792359548 0.115798360993124 0.0716769449512397 0.0681321580380623 0.0676982694402336 0.121385247931376 0.0939574052766797 0.100329040103593 0.0818593854356584 0.146923849792116 0.121961375975794 0.081533275823751 0.0729348474359816 0.0769787513801818 0.0760970249230355 0.0600802878553397 0.0493703193421796 0.0379772322955031 0.0358219030824142 0.0349718463486411 0.0342583140991263 0.0345214157578171 0.0350449329713896 0.0341717194023654 0.0432173929700999 -9999 -9999 -9999 -9999 0.0405387096762559 0.0500025685720494 -9999 -9999 -9999 -9999 -9999 -9999 -9999 -9999 0.0338984297585956 0.0338862465373687 0.0341589403937896 0.0350637770205365 0.0341717194023654 0.0331800479947766
-9999 -9999 -9999 0.0954091816132936 0.0837875667975721 0.0593704883745588 0.0998277390534428 0.0551027558833358 0.0553994086978367 0.0516111292290165 0.0534466416516842 0.0381425435689212 0.033882097982123 0.0350527553312609 0.0338818966583718 0.0343452022318429 0.0400613625365284 0.0348846530786514 0.0605548438369299 0.146301711655121 0.451267126741343 0.49317010011322 0.126778297738857 0.179373943424764 0.132156462986965 0.0842861678727536 0.0802063188631568 -9999 -9999 -9999 -9999 -9999 -9999 -9999 -9999 -9999 -9999 -9999 -9999 -9999 -9999 -9999 -9999 0.0331865793235358 0.0341623701148721 0.0341589403937896 0.0337184328933938 0.0664311829348371
-9999 -9999 -9999 -9999 0.109699590977787 0.067421499970441 0.0683333646864359 0.0860174762294545 0.0517399639039762 0.0343217734819247 0.0337717440338723 0.03377327937972 0.033767888519463 0.03377327937972 0.0357291864080114 0.0478534810346053 0.033882097982123 0.03377327937972 0.0340471827659221 0.0339183186073477 0.0338818966583718 0.0360622136358114 0.0348827304840894 0.0441702610247737 0.0523875417021841 0.134742448072293 0.0656761315023918 0.049393466046472 -9999 -9999 -9999 -9999 -9999 -9999 -9999 -9999 -9999 -9999 -9999 -9999 -9999 -9999 -9999 -9999 0.035057970844822 0.0358261106398745 0.0350612802086581 0.0525922870671149
-9999 -9999 -9999 0.097359948313144 0.142076459554809 0.132439782610905 0.0513027375668853 0.054935701758314 0.0341970922115752 0.03377327937972 0.0337730785672863 0.0336092312041749 0.0337717440338723 0.0337730785672863 0.0342569608711913 0.0482492112500208 0.0342646338833726 0.0342386812434122 0.0390797423582378 0.037954326265582 0.0372854071803952 0.03377327937972 0.0343716819142569 0.03377327937972 0.035192348382513 0.0375965296663039 0.0383517800065725 -9999 -9999 -9999 -9999 -9999 -9999 -9999 -9999 -9999 -9999 -9999 -9999 -9999 -9999 -9999 -9999 -9999 -9999 -9999 0.0358573131285298 0.0392444181166819
-9999 -9999 -9999 -9999 0.0670122896067955 0.0920228813001779 0.05481563951389 0.0458031972806381 0.034233302867059 0.0337730785672863 0.033767888519463 0.03377327937972 0.0341012970965942 0.034251184315382 0.0482108022908785 0.0342713123524217 0.0342688423265815 0.0343564581652807 0.0342425940786507 0.0351534099305463 0.0342234805364841 0.0343447206538824 0.0340599284364209 0.0337906543216503 0.0498045214994398 -9999 -9999 -9999 -9999 -9999 -9999 -9999 -9999 -9999 -9999 -9999 -9999 -9999 -9999 -9999 -9999 -9999 -9999 -9999 -9999 -9999 -9999 -9999
-9999 -9999 -9999 -9999 0.0562440245769658 0.0508475051280786 0.0494235408643784 0.0459572471847867 0.034251184315382 0.0343530522268153 0.0342385714885712 0.0342955111106221 0.0343874999806742 0.048861597771041 0.0343793542512176 0.0340466636702551 0.057474197800491 0.0342666063730293 0.034233302867059 0.0342666063730293 0.0341638747368758 0.0340505524308993 0.0484114619527865 -9999 -9999 -9999 -9999 -9999 -9999 -9999 -9999 -9999 -9999 -9999 -9999 -9999 -9999 0.0479994429115811 0.0342583140991263 0.0502530406849718 -9999 -9999 -9999 -9999 -9999 -9999 -9999 -9999
-9999 -9999 -9999 0.0509454840601434 0.053244960456707 0.0977625259230765 0.0704181263314752 0.0656665943936136 0.0791986648097786 0.0693889103211984 0.0924336996960878 0.0412487757940295 0.0352142528172817 0.0338361206283994 0.0342771068393016 0.033767888519463 0.034072608813587 0.0906473671648726 0.0340466636702551 0.0492781325931903 0.0498618149699157 0.0486092610895997 -9999 -9999 -9999 -9999 -9999 -9999 -9999 -9999 -9999 -9999 -9999 -9999 -9999 -9999 -9999 -9999 0.0347939814403129 0.0346684853631053 -9999 -9999 -9999 -9999 -9999 -9999 -9999 -9999
