Scripts_&_data/BRT_projection_files/BRT_SCV2/B_ruderatus_2_projection.asc
NCOLS 79 
NROWS 71 
XLLCORNER -10.5 
YLLCORNER 36 
CELLSIZE 0.5 
NODATA_value -9999 
[rows 44 to 65 of 71, columns 0 to 48 of 79]
-9999 -9999 -9999 -9999 -9999 -9999 -9999 -9999 -9999 -9999 -9999 -9999 -9999 -9999 -9999 -9999 -9999 -9999 0.274131995880656 0.176479114634276 0.223092607215091 0.203479861491402 0.192852291034458 0.224419719543605 0.265635301220275 0.263863313882966 0.266232498446327 0.186257231776669 0.184755153916885 0.203319389566127 0.178723924571575 0.177624652539947 0.17877047738796 0.206458172871318 0.235845932777226 0.210688082023301 0.165355368179775 0.347872882673553 0.26208673584446 0.24215260836616 0.232890962213434 0.209641677895742 0.24491048543412 0.292911696753203 0.184758490401701 0.236415170091973 0.174669487247756 0.113702049535916 0.150391887231968
-9999 -9999 -9999 -9999 -9999 -9999 -9999 -9999 -9999 -9999 -9999 -9999 -9999 -9999 0.255695210308421 -9999 -9999 -9999 0.189953126921978 0.0955929443311785 0.212221634852915 0.213888276201362 0.184650124386468 0.193209823301145 0.252835706021304 0.21427450427322 0.352173989300094 0.244411733675319 0.191216248174031 0.190329987786423 0.176778424597089 0.178026857667848 0.177963393040683 0.226040174039212 0.190560309268041 0.204068830255383 0.270340830451198 0.164245326641798 0.322886628345208 0.213094660151568 0.233400676880409 0.236752319042039 0.212910618227689 0.241747783657405 0.231055013325284 0.230138826050255 0.231576858004032 0.196520551448947 0.120146328437656
-9999 -9999 -9999 -9999 -9999 -9999 -9999 -9999 -9999 -9999 -9999 -9999 0.217512342514706 0.185393899336774 0.185946254679302 0.199468816831632 0.265656048258504 0.307091797242507 0.205142653297611 0.202309006948847 0.214855782740988 0.246640737007773 0.200121633801781 0.184247999931809 0.22064614780132 0.257150252671854 0.274492829879954 0.253666665784543 0.194728094435436 0.184791758176194 0.186380683681322 0.177961636135577 0.177965358039591 0.184571006728058 0.190330063448174 0.231573379382231 0.244559070806035 0.190818316223408 0.213874334683883 0.223496935955871 0.209114205834135 0.232755692998565 0.234157960504581 0.302509963747049 0.285892033043796 0.200974886251957 0.220482437317098 0.222776225437086 0.0905725604624521
-9999 -9999 -9999 -9999 -9999 -9999 -9999 -9999 -9999 -9999 -9999 -9999 -9999 -9999 0.266326149941007 0.274678160146334 0.298633505611686 0.305248979192692 0.35152734923653 0.316041475988092 0.279972233258 0.265421919961399 0.265680848505708 0.244858544731427 0.282448925236061 0.256644268008399 0.269151612802059 0.254211840653801 0.185072808639077 0.185957275978462 0.185839771667118 0.17812650064966 0.176656094567312 0.191291114762604 0.209803427701026 0.232214833997621 0.264656629232949 0.210377166424041 0.199639481154803 0.198019871868977 0.197014625040279 0.1848339219751 0.184776686918168 0.19048804662125 0.126297202895638 0.126617716831879 0.127588893671541 0.126532719822618 0.118188667733661
-9999 -9999 -9999 -9999 -9999 -9999 -9999 -9999 -9999 -9999 -9999 -9999 -9999 -9999 -9999 -9999 -9999 0.370771760268676 0.345908534693838 0.318428143917022 0.285742500574288 0.246396001601974 0.261848636709572 0.262259685569608 0.252909392489357 0.255911550309437 0.285039701311839 0.182637753777012 0.18346929913686 0.183342178044234 0.185780300008188 0.209246780640226 0.1902817385692 0.18986120245785 0.211666304807626 0.205446074772945 0.206632355769285 0.279376009351859 0.25967773741373 0.161828918035462 0.127325300650153 0.0867727104843703 0.118709916328556 0.127286524734734 0.112818712311224 0.110690359294539 0.106564969972956 0.11800333117364 0.117628515089977
-9999 -9999 -9999 -9999 -9999 -9999 -9999 -9999 -9999 -9999 -9999 -9999 -9999 -9999 -9999 -9999 -9999 0.330523282675318 0.338833115049322 0.319331976587896 0.289754684811349 0.259124159447042 0.275538886096189 0.243851010849343 0.290342145594893 0.264141792760957 0.284733096401261 0.262458830938967 0.189309315337315 0.188740261154497 0.189883651553375 0.263001023761873 0.192916345934501 0.12108566162172 0.207641506448995 0.119886287505571 0.12893532098086 0.117999026949848 0.0870326723701648 0.0870326723701648 0.0872752983491385 0.119292078004146 0.119749454550537 0.119548091264895 0.119419787882721 0.119379584433831 0.120566335730674 0.118079667802571 0.118056033508023
-9999 -9999 -9999 -9999 -9999 -9999 -9999 -9999 -9999 -9999 -9999 -9999 -9999 -9999 -9999 -9999 -9999 -9999 -9999 0.293091357913187 0.325629391731249 0.270089155229869 0.357149229747541 0.211560732868907 0.187894008969835 0.18325727191165 0.196127321002477 0.195235371132078 0.171360096101589 0.19096427490601 0.20855875669338 0.184220476915457 0.192101464724004 0.277952853765677 0.129558327294284 0.119463403830852 0.1193909113977 0.118104768766639 0.118353943819647 0.118246113877761 0.120894361728432 0.118118381928886 0.118441491116853 0.130999085893432 0.118034090084047 0.121123177743422 0.18737105420991 0.223789529711873 0.0818892687266128
-9999 -9999 -9999 -9999 -9999 -9999 -9999 -9999 -9999 -9999 -9999 -9999 -9999 -9999 -9999 -9999 -9999 -9999 -9999 0.307559097599262 0.293636859938595 0.316248019702998 0.293662287196774 0.212913663363562 0.196743358360258 0.19802050708165 0.163209865222064 0.210446230833392 0.192186320116795 0.20802312415992 0.230051863931945 0.28220089765202 0.215025842169157 0.196182938199323 0.118197154327567 0.119291121083192 0.120398140500928 0.217963213287324 0.17994442519466 0.179754550464151 0.253780758165076 0.190478161621434 0.122216493834628 0.192599523528495 0.255754363489351 0.279445963885427 0.257265083480413 -9999 0.251944268539757
-9999 -9999 -9999 -9999 -9999 -9999 -9999 -9999 -9999 -9999 -9999 -9999 -9999 -9999 -9999 -9999 -9999 -9999 -9999 0.293347575826889 0.311259834526168 0.287284997061792 0.303244270368311 0.324822145362312 0.297133313972526 0.196069678029741 0.158116704061136 0.185125682269162 0.189320390878623 0.217336210668797 0.293168165641663 0.264698343673332 0.216431606780755 0.118459206748986 0.11839659227252 0.119374769002458 0.270551115707252 0.267669691776759 0.260765616998575 0.284321823810726 0.253712282060204 0.255894859995387 0.250969963122295 0.256091365431424 0.279829711920597 -9999 -9999 -9999 0.295472784038312
-9999 -9999 -9999 -9999 -9999 -9999 -9999 -9999 -9999 -9999 -9999 -9999 -9999 -9999 -9999 -9999 -9999 -9999 -9999 0.193155759629254 0.27463163152477 0.256643438805899 0.260747415027414 0.283331239131556 0.265801962735919 0.191938819700856 0.189480866354869 0.173203100252842 0.119956095817521 0.190219319330117 0.302741157670733 0.19096682997354 0.118745021338974 0.119563186606068 0.119203635107341 0.20252989247191 0.244071085891565 0.251939028882007 0.277213139730748 0.196967960275915 0.267611841289115 0.280199197972553 0.348570059907589 0.26522729100504 0.254297360812516 0.247611677530943 -9999 -9999 -9999
-9999 -9999 -9999 -9999 -9999 -9999 -9999 -9999 -9999 -9999 -9999 -9999 -9999 -9999 -9999 -9999 -9999 -9999 0.207803265069469 0.314605553838564 0.306746497230119 0.245972539062415 0.276733588594009 0.272115305851228 0.291241460349009 0.274124797715918 0.197928803377477 0.193435344350882 0.189444589086483 0.315711561183495 0.273465579979693 0.187584660938037 0.196339090053921 0.120426039679652 0.119077565539964 0.170451920423852 0.18756608584144 0.304189327700592 -9999 -9999 0.184377651423175 0.226200388879454 0.184511536286248 0.227485926456835 0.271644910897511 0.269732790195932 -9999 -9999 -9999
-9999 -9999 -9999 -9999 -9999 -9999 -9999 -9999 -9999 -9999 -9999 -9999 -9999 -9999 -9999 -9999 -9999 -9999 0.310247636327991 0.280506311468624 0.313342498972682 0.272845770624986 0.257283360800015 0.324291300946226 0.270150278922175 0.312288574555376 0.290678703059908 0.318740897563574 0.268111591903513 0.262236338709234 0.246868288106921 0.261640423064955 0.299094745762176 0.327493265353744 0.30040619908154 0.268361753873596 -9999 -9999 -9999 -9999 -9999 -9999 0.269710546432664 0.294293253062761 0.204219728862849 0.182828221575045 0.287690375344799 -9999 -9999
-9999 -9999 -9999 0.287832579647657 0.266230388035051 0.279587023292224 0.245717630681346 0.194475989101322 0.246657569624262 0.247248922296571 0.246442223559073 0.248433351522764 0.328030084587783 0.343202995023628 0.290283880181735 0.267647542543301 0.249046161860182 0.275510577471541 0.301404030793506 0.302384500166201 0.252868652152314 0.291340472048692 0.301537518683173 0.257109041516639 0.27269609771706 0.302595203476665 0.261004779636045 0.273786141109397 -9999 -9999 -9999 -9999 0.283075353881052 0.313501230744963 -9999 -9999 -9999 -9999 -9999 -9999 -9999 -9999 0.252615883922518 0.254236977129965 0.256875894827004 0.26766821055223 0.185005293057086 0.262674410195746 0.27311590688636
-9999 -9999 -9999 0.278169605992969 0.318130176096897 0.323208913457624 0.196268978580567 0.195690401978798 0.191591661511872 0.193504892874423 0.19157061988093 0.176904175842696 0.178532102963286 0.175853533624598 0.179199973464829 0.201556948682392 0.1859395749694 0.26361639189837 0.237927803826142 0.18832885411112 0.111195203973219 0.112231242512203 0.113707089835147 0.172847992403297 0.17669540067089 0.208151544950841 0.277661404565231 -9999 -9999 -9999 -9999 -9999 -9999 -9999 -9999 -9999 -9999 -9999 -9999 -9999 -9999 -9999 -9999 0.249379688048077 0.261578764149629 0.26196865106809 0.283135102916151 0.193611051319432 0.275364317214229
-9999 -9999 -9999 -9999 0.317762175708574 0.301778462277381 0.192405766897682 0.184257234259111 0.194554073210304 0.231286242858095 0.244320509367587 0.256529429579314 0.276112959047987 0.181172176634233 0.179421832886616 0.18347818925113 0.178267579629291 0.23600883928286 0.238482734385957 0.231846674462012 0.228370063501467 0.243496204151121 0.176146883853234 0.19539109116506 0.191937711756383 0.220356579782022 0.307387877232785 0.21903769167692 -9999 -9999 -9999 -9999 -9999 -9999 -9999 -9999 -9999 -9999 -9999 -9999 -9999 -9999 -9999 -9999 0.312313269398858 0.281560372367804 0.288351864374914 0.196020148866275 0.18350351439855
-9999 -9999 -9999 0.261516859586058 0.276971200505445 0.193246465597584 0.303366835629621 0.331491594284163 0.231381128141821 0.245486366064234 0.253274005470935 0.245348609646296 0.257793762960507 0.228961614828626 0.216631280013319 0.183708860111057 0.19072615423149 0.222903412494058 0.209973349937997 0.226548983802524 0.211056695194271 0.22510414728028 0.235251355369319 0.224017297225799 0.224811288738827 0.323974385954826 0.267530601561468 -9999 -9999 -9999 -9999 -9999 -9999 -9999 -9999 -9999 -9999 -9999 -9999 -9999 -9999 -9999 -9999 -9999 -9999 -9999 0.290737231365702 0.267008218001736 0.330441583040741
-9999 -9999 -9999 -9999 0.25880905060033 0.318716923310142 0.289731185625235 0.233443530557395 0.102087352975561 0.219326335529836 0.258458505959818 0.223023178445268 0.218534406778941 0.188213953012019 0.179561280189288 0.240451682604188 0.190789941387415 0.173714360309057 0.21934486276111 0.208814119314749 0.207937553449161 0.235193119996937 0.206839998792454 0.20286218975201 0.305936581902894 -9999 -9999 -9999 -9999 -9999 -9999 -9999 -9999 -9999 -9999 -9999 -9999 -9999 -9999 -9999 -9999 -9999 -9999 -9999 -9999 -9999 -9999 -9999 0.292066640284511
-9999 -9999 -9999 -9999 0.179762260552071 0.322604746794348 0.235564663840744 0.222268383790923 0.10225089566593 0.237006694660367 0.222387503115761 0.212970955734189 0.211748325724163 0.297613002473273 0.236238687735553 0.217755110650991 0.226211421279421 0.171387386932294 0.19423613730812 0.171524792736905 0.216837845680586 0.209643801469651 0.221520996824949 -9999 -9999 -9999 -9999 -9999 -9999 -9999 -9999 -9999 -9999 -9999 -9999 -9999 -9999 0.265416042173228 0.279765231857447 0.309883291858802 -9999 -9999 -9999 -9999 -9999 -9999 -9999 -9999 -9999
-9999 -9999 -9999 0.265181298008746 0.299618627087579 0.371200361856503 0.311535154135075 0.307024229840301 0.295257793207906 0.294132486652421 0.297313773657054 0.298910421118117 0.23396838472215 0.318094226932394 0.212013535671471 0.238601380388062 0.223124798785253 0.24678343459124 0.180280558662131 0.188227735926689 0.242725598132331 0.213449560285823 -9999 -9999 -9999 -9999 -9999 -9999 -9999 -9999 -9999 -9999 -9999 -9999 -9999 -9999 -9999 -9999 0.305585159183053 0.270419350911896 -9999 -9999 -9999 -9999 -9999 -9999 -9999 -9999 -9999
-9999 -9999 -9999 0.269565378183031 0.329249037213915 0.31250635171646 0.244125794726366 0.101446828796597 0.263095750615382 0.272369531657556 0.23429286468706 0.25367205220862 0.263397692868325 0.205107386863253 0.226579432491456 0.266050888798391 0.237842014390084 0.225169300689046 0.224421926387627 0.217288366880047 0.27507398478195 -9999 -9999 -9999 -9999 -9999 -9999 -9999 -9999 -9999 -9999 -9999 -9999 -9999 -9999 -9999 -9999 -9999 0.256898562448094 0.272221491131548 -9999 -9999 -9999 -9999 -9999 -9999 -9999 -9999 -9999
-9999 -9999 0.234255653787807 0.238226963263686 0.264179821685501 0.236310419764535 0.205715272387314 0.227804195812909 0.218349328548292 0.0996551844322499 0.208797421743171 0.227088487761801 0.208523249474953 0.223094307749245 0.249970262528266 0.264573964470284 0.253112971038751 0.216775277848908 0.213754301475015 0.217873215357219 -9999 -9999 -9999 -9999 -9999 -9999 -9999 -9999 -9999 -9999 -9999 -9999 -9999 -9999 -9999 -9999 -9999 -9999 0.234864381382746 0.261230386622979 -9999 -9999 -9999 -9999 -9999 -9999 -9999 -9999 -9999
-9999 -9999 0.31644156398329 0.267913232082649 0.207349932449663 0.213490110287051 0.216232602512102 0.22160098640778 0.236180239891893 0.2249267954472 0.100511771407931 0.236045227589002 0.222089501709075 0.100980590306912 0.237202048738228 0.10064799567655 0.217643367261857 0.205142048986071 0.20472010732126 0.233856780062502 0.24188908497286 -9999 -9999 -9999 -9999 -9999 -9999 -9999 -9999 -9999 -9999 -9999 -9999 -9999 -9999 -9999 -9999 -9999 -9999 -9999 -9999 -9999 -9999 -9999 -9999 -9999 -9999 -9999 -9999
