Scripts_&_data/BRT_projection_files/BRT_SCV2/B_ruderatus_1_projection.asc
NCOLS 79 
NROWS 71 
XLLCORNER -10.5 
YLLCORNER 36 
CELLSIZE 0.5 
NODATA_value -9999 
[rows 44 to 65 of 71, columns 0 to 48 of 79]
-9999 -9999 -9999 -9999 -9999 -9999 -9999 -9999 -9999 -9999 -9999 -9999 -9999 -9999 -9999 -9999 -9999 -9999 0.298866085528752 0.308852278739163 0.403094611486659 0.39165784580293 0.362474663128619 0.532257303944517 0.361571520672923 0.469793000044994 0.366975562256928 0.362858911326682 0.370489583591665 0.380612356908008 0.371749255122773 0.356146524906468 0.366024907690746 0.544765187296739 0.576447193905031 0.569297685779373 0.398181543683671 0.586249396816143 0.587386620799351 0.516304483377957 0.339466161988867 0.346226091268551 0.476535936572378 0.563479951422997 0.382318610439655 0.493485877911825 0.326007000995499 0.303961772819926 0.392588586840319
-9999 -9999 -9999 -9999 -9999 -9999 -9999 -9999 -9999 -9999 -9999 -9999 -9999 -9999 0.361864513767128 -9999 -9999 -9999 0.291592327347462 0.290163439215304 0.309278815021936 0.301359342110589 0.369699865922028 0.40069124524454 0.47812416800034 0.585451912819538 0.578464684771445 0.362728646612182 0.363746979068236 0.375647682033597 0.354359724790524 0.358501511337268 0.3611438885547 0.537767894567565 0.299804229775011 0.364311275370653 0.547509647524374 0.44834755382774 0.537577745498348 0.584036697752539 0.501350505705878 0.458433981224537 0.44717738243588 0.51227712701092 0.497362260312659 0.501503693164647 0.472107944956217 0.404379224664776 0.233975754504265
-9999 -9999 -9999 -9999 -9999 -9999 -9999 -9999 -9999 -9999 -9999 -9999 0.434193197780805 0.292438727600452 0.296527073707943 0.373635598658629 0.365934053818024 0.489180009471762 0.350556347510715 0.357404576740706 0.321821040880377 0.329639662565811 0.344140171824458 0.412479930392636 0.410927383584276 0.401436538851455 0.368046558332645 0.368247219908425 0.368458090988267 0.363260648461196 0.35775131678083 0.360540161361743 0.35715030213624 0.358242549063924 0.308764358572879 0.31538301928986 0.529392145533908 0.42470059256375 0.510654019973929 0.484470417789554 0.464102740597864 0.469938889007627 0.503952235527199 0.546858528992629 0.586673192720506 0.329781566655869 0.414963716238696 0.396722245611685 0.320992894013301
-9999 -9999 -9999 -9999 -9999 -9999 -9999 -9999 -9999 -9999 -9999 -9999 -9999 -9999 0.364893468052858 0.378767042003122 0.320497195160612 0.353059394765647 0.32581194651404 0.367739298684988 0.324910933490787 0.342155892834792 0.352023948106884 0.397781536629458 0.366820212965271 0.360095811071241 0.369522980205453 0.364975084103694 0.36401527991258 0.363198848569497 0.36188570175346 0.359587421662418 0.32622747089094 0.449330846040693 0.422639935860676 0.47644667015729 0.554389358678941 0.477005409036832 0.512155517731548 0.422927098235404 0.409963390313743 0.404988312051243 0.318860793100161 0.436731937981087 0.375852789898804 0.431489002286841 0.227860001784543 0.229595604287608 0.209453341958772
-9999 -9999 -9999 -9999 -9999 -9999 -9999 -9999 -9999 -9999 -9999 -9999 -9999 -9999 -9999 -9999 -9999 0.451734570823408 0.404617761453469 0.441618003296611 0.407652334953911 0.39895167768757 0.463006903022396 0.365912559060479 0.366344986339788 0.36504962622935 0.362450934950449 0.354494669357771 0.349418810676901 0.353324351780447 0.355609216698571 0.369704649139271 0.431314656380275 0.445230553241563 0.455440596063674 0.490732931300621 0.513324823151308 0.520846150129097 0.541055158733577 0.414844466535984 0.233841862827263 0.177741450336227 0.197793043480854 0.213153960835726 0.18330765832542 0.180669888091417 0.180730898731877 0.192091621945257 0.19902457806535
-9999 -9999 -9999 -9999 -9999 -9999 -9999 -9999 -9999 -9999 -9999 -9999 -9999 -9999 -9999 -9999 -9999 0.364256451725029 0.359567478943346 0.35563123353125 0.365913735918114 0.37361107528582 0.364923965808581 0.479496233745564 0.365006650645254 0.476395664986031 0.334039009939536 0.334395332090159 0.296217991865835 0.320478691869228 0.341651512275966 0.292703664891489 0.449385229976294 0.430263618670905 0.457552880110963 0.403234956899944 0.224195352026816 0.179898761918957 0.176366226196241 0.181454206269401 0.175757278817821 0.179622058675874 0.18829410473538 0.194528814569647 0.197340418355619 0.198304435002647 0.199006735391354 0.21054340952144 0.207823684004213
-9999 -9999 -9999 -9999 -9999 -9999 -9999 -9999 -9999 -9999 -9999 -9999 -9999 -9999 -9999 -9999 -9999 -9999 -9999 0.359452443945249 0.362490705857091 0.458796268602796 0.332898394365553 0.301665534059068 0.293778012333528 0.407303434335153 0.30291741833287 0.317785427241505 0.409831539722155 0.319572763419336 0.363456543747522 0.345188690391001 0.426954904677324 0.493577010919636 0.450862829381001 0.184987712289221 0.180179228720146 0.191558475215369 0.215911336717421 0.19103318125289 0.179336220232132 0.19775572090464 0.212365149591313 0.233882946999562 0.21028160749876 0.210309355230608 0.461514301098308 0.292282449688765 0.13294807874266
-9999 -9999 -9999 -9999 -9999 -9999 -9999 -9999 -9999 -9999 -9999 -9999 -9999 -9999 -9999 -9999 -9999 -9999 -9999 0.361392569276569 0.355520617559184 0.363180655079929 0.336838913418739 0.427253432027503 0.448901239276209 0.307450278823771 0.376668659045898 0.532769689773192 0.301690912759058 0.437801033406244 0.572176560436988 0.442351584538116 0.450250588545614 0.42421917675475 0.211830426698798 0.191324829997429 0.17962518234002 0.482265084276326 0.553591505741457 0.555137714937033 0.549730920528332 0.533769556384489 0.430432677485994 0.512995924339666 0.512741922653915 0.540442953403966 0.437292147630053 -9999 0.315757347280498
-9999 -9999 -9999 -9999 -9999 -9999 -9999 -9999 -9999 -9999 -9999 -9999 -9999 -9999 -9999 -9999 -9999 -9999 -9999 0.353511002794211 0.296229439435317 0.360478779874985 0.350218117427672 0.370059699195995 0.443369998877053 0.43086934995379 0.462599893066071 0.312248280424543 0.455542252111285 0.49576054998462 0.478810786482737 0.345866142816152 0.462559377303456 0.212861524627089 0.212504822343716 0.225300591495411 0.583562458626842 0.385275544215767 0.492893044421601 0.50795951364739 0.519920450680985 0.463623518294392 0.536320413247051 0.517192473515206 0.570079295375694 -9999 -9999 -9999 0.227707562643113
-9999 -9999 -9999 -9999 -9999 -9999 -9999 -9999 -9999 -9999 -9999 -9999 -9999 -9999 -9999 -9999 -9999 -9999 -9999 0.464884423846969 0.398984376154238 0.340707342642642 0.362378871969316 0.354439826115944 0.402373861262597 0.371007420059006 0.377034118839605 0.331295737648735 0.462221909359199 0.427596817346203 0.478680649428483 0.457126097098295 0.207114953249438 0.197902929090781 0.211959943784711 0.345035662105805 0.547853346531859 0.473259132546492 0.457221304385654 0.441782436955664 0.345252185816296 0.487122794578205 0.574287901024589 0.50307001212029 0.42806977168002 0.38379248034532 -9999 -9999 -9999
-9999 -9999 -9999 -9999 -9999 -9999 -9999 -9999 -9999 -9999 -9999 -9999 -9999 -9999 -9999 -9999 -9999 -9999 0.292912996810283 0.307734948236323 0.298261041525715 0.363088491185533 0.363793675949587 0.308866049449193 0.300123851302029 0.296393322774302 0.295386717837755 0.450000674911875 0.431216878067044 0.449821031233434 0.449217425840384 0.459398364565615 0.458376413113571 0.445555707331689 0.210918379531775 0.396088794683582 0.354754858406438 0.440927469983175 -9999 -9999 0.459365961030866 0.312598502898745 0.365866034778429 0.452150319692895 0.456770709395898 0.538569977132983 -9999 -9999 -9999
-9999 -9999 -9999 -9999 -9999 -9999 -9999 -9999 -9999 -9999 -9999 -9999 -9999 -9999 -9999 -9999 -9999 -9999 0.44285721102878 0.354321715356375 0.350886672439143 0.367930865695457 0.379572221547591 0.533626586196586 0.372698433743089 0.353463319870625 0.455137469460116 0.453145415942035 0.481174172223095 0.440281921088638 0.529189869691669 0.526880907567449 0.456833428575712 0.440618159523657 0.429855662548997 0.500406264093463 -9999 -9999 -9999 -9999 -9999 -9999 0.510707401473482 0.541075990428344 0.308781896095834 0.35884095711716 0.463249731091917 -9999 -9999
-9999 -9999 -9999 0.451923793305623 0.473267270222563 0.437838342380668 0.253299524001923 0.253712638031255 0.404770846909161 0.512866613707263 0.393026651336058 0.393971839543677 0.412670433736261 0.400101282422442 0.417854128345948 0.488238738179392 0.454478317311487 0.471309585789877 0.43059453153107 0.430162164917962 0.451292291050911 0.356666012714427 0.320041707808829 0.343293089496565 0.323264520609345 0.348577750224608 0.357345263921434 0.386833127707567 -9999 -9999 -9999 -9999 0.452704127628087 0.34300671363241 -9999 -9999 -9999 -9999 -9999 -9999 -9999 -9999 0.35961835503613 0.354894446045369 0.373552877257284 0.434737414144612 0.355816599926217 0.459773746175602 0.402834996118238
-9999 -9999 -9999 0.444008025093037 0.37782772812275 0.473192349283721 0.27736078130517 0.254209142080517 0.251550595260506 0.473527312397888 0.481908729527465 0.473000493109796 0.371202523454669 0.424584665047198 0.377279181954716 0.417290488824463 0.477607775121314 0.361379102157239 0.477873938090605 0.482909273891866 0.222505445785485 0.222303644914138 0.410279688672003 0.408223956913635 0.308107587764026 0.31066454173596 0.36644594613468 -9999 -9999 -9999 -9999 -9999 -9999 -9999 -9999 -9999 -9999 -9999 -9999 -9999 -9999 -9999 -9999 0.365860663364551 0.364004157233706 0.360790379757211 0.370675463174478 0.315727913814212 0.517371146474598
-9999 -9999 -9999 -9999 0.430113819742342 0.455876122690643 0.252036826075278 0.250998539790223 0.461094919363263 0.383835015030439 0.398331806209659 0.393528881752786 0.402067969747305 0.393568762710183 0.374909479441222 0.38610414382444 0.438705373410274 0.384314290149191 0.407387203450461 0.403149852894306 0.370784455372981 0.479340883730664 0.431565957747433 0.449456126381147 0.463631929282872 0.391173215825382 0.376233218269852 0.363438170368399 -9999 -9999 -9999 -9999 -9999 -9999 -9999 -9999 -9999 -9999 -9999 -9999 -9999 -9999 -9999 -9999 0.359132541533272 0.451860153107092 0.4453534733893 0.377727795496793 0.355471131065834
-9999 -9999 -9999 0.474683793730925 0.460037894457238 0.451737672810925 0.474396696273059 0.479801423321955 0.367528851943519 0.387747706041346 0.406886513269581 0.467038313024881 0.4089516572093 0.399058452367232 0.396989566393424 0.357360284251078 0.403840683396511 0.384537354653062 0.374049508995649 0.475825538988191 0.392296867431388 0.382317960124058 0.388733833845613 0.380386337265332 0.507463759629576 0.536395810333609 0.457776877426193 -9999 -9999 -9999 -9999 -9999 -9999 -9999 -9999 -9999 -9999 -9999 -9999 -9999 -9999 -9999 -9999 -9999 -9999 -9999 0.534517848318445 0.442921785713156 0.446616926490497
-9999 -9999 -9999 -9999 0.539591708356561 0.463987328525669 0.351984894065541 0.363523350851584 0.342672260318737 0.375704743848592 0.40127442667303 0.387851261534565 0.397125801823082 0.395375117988277 0.371201946465588 0.395980544779242 0.400455488088757 0.389908951186096 0.395852895381802 0.386580050576654 0.374944388441835 0.389324188428234 0.384030703251803 0.377065419441484 0.495323461157392 -9999 -9999 -9999 -9999 -9999 -9999 -9999 -9999 -9999 -9999 -9999 -9999 -9999 -9999 -9999 -9999 -9999 -9999 -9999 -9999 -9999 -9999 -9999 0.428832085490542
-9999 -9999 -9999 -9999 0.405194260003515 0.461272199472418 0.363738869610187 0.368638290230197 0.325386600910031 0.362839870548272 0.363711480277267 0.358143646609205 0.456691924897664 0.46322790273852 0.388227947269357 0.395945049264286 0.362241117004151 0.392139034084112 0.395990219074911 0.379848132578248 0.376014979998152 0.377428636239541 0.355583219371419 -9999 -9999 -9999 -9999 -9999 -9999 -9999 -9999 -9999 -9999 -9999 -9999 -9999 -9999 0.382892803422849 0.372636575011096 0.354940479293341 -9999 -9999 -9999 -9999 -9999 -9999 -9999 -9999 -9999
-9999 -9999 -9999 0.402583356926254 0.477359657185766 0.391455522894191 0.40477970567702 0.405060953857593 0.408868485424937 0.395736759682817 0.419793858972681 0.367652550133698 0.389932211629851 0.528097779535628 0.461338150075821 0.400616595477021 0.375689957929666 0.364757718049144 0.378872152776714 0.372270025948449 0.362914687353116 0.357214074078131 -9999 -9999 -9999 -9999 -9999 -9999 -9999 -9999 -9999 -9999 -9999 -9999 -9999 -9999 -9999 -9999 0.317540466602974 0.357388572046595 -9999 -9999 -9999 -9999 -9999 -9999 -9999 -9999 -9999
-9999 -9999 -9999 0.510632083322163 0.368468637076978 0.34899837695447 0.356749593788838 0.323238538880267 0.370209325330381 0.372642020156359 0.377843623896394 0.390644366466259 0.388474163193662 0.383451305457175 0.398237477706618 0.408168553397006 0.400522811969145 0.36956837263735 0.361935094181666 0.36396125346323 0.493270921748493 -9999 -9999 -9999 -9999 -9999 -9999 -9999 -9999 -9999 -9999 -9999 -9999 -9999 -9999 -9999 -9999 -9999 0.366017762924846 0.357238187654846 -9999 -9999 -9999 -9999 -9999 -9999 -9999 -9999 -9999
-9999 -9999 0.387967081358624 0.464651240006763 0.34986199600871 0.366794757325751 0.364384210000726 0.372552611683058 0.353382947559162 0.317451641492138 0.344233703609924 0.367374408915067 0.386946690839155 0.385760410245073 0.388719186865785 0.393641787164111 0.399152385478581 0.388297714810212 0.386536020459642 0.369020437103599 -9999 -9999 -9999 -9999 -9999 -9999 -9999 -9999 -9999 -9999 -9999 -9999 -9999 -9999 -9999 -9999 -9999 -9999 0.406559992271624 0.478469192474305 -9999 -9999 -9999 -9999 -9999 -9999 -9999 -9999 -9999
-9999 -9999 0.537294422923717 0.378508329739892 0.381585047033728 0.386280180033904 0.388445910192782 0.396638855111959 0.389810861429014 0.366684795974185 0.346666533970736 0.399121050079298 0.385668589706995 0.386092732399682 0.3889090312039 0.39629529310531 0.398214346693264 0.383432765965085 0.384896364656683 0.386453426676148 0.389791358871069 -9999 -9999 -9999 -9999 -9999 -9999 -9999 -9999 -9999 -9999 -9999 -9999 -9999 -9999 -9999 -9999 -9999 -9999 -9999 -9999 -9999 -9999 -9999 -9999 -9999 -9999 -9999 -9999
