Scripts_&_data/BRT_projection_files/BRT_SCV2/B_rupestris_1_projection.asc
NCOLS 79 
NROWS 71 
XLLCORNER -10.5 
YLLCORNER 36 
CELLSIZE 0.5 
NODATA_value -9999 
[rows 44 to 65 of 71, columns 0 to 48 of 79]
-9999 -9999 -9999 -9999 -9999 -9999 -9999 -9999 -9999 -9999 -9999 -9999 -9999 -9999 -9999 -9999 -9999 -9999 0.305327687767429 0.288630510508868 0.311334816014636 0.345272595478011 0.366123386899571 0.391796876103175 0.307528904834691 0.320972345126922 0.32116986061104 0.337451448415326 0.348902763924931 0.379894403079781 0.381646207603942 0.458396651444043 0.474214645578977 0.604481482063667 0.60734817653018 0.609360643158154 0.599059477540464 0.51278936193261 0.606887349392267 0.601622787986785 0.528852391417018 0.477863371520748 0.550724337630657 0.563439959217704 0.448791536136455 0.563323894662823 0.561969736041168 0.532415433691809 0.45005815187213
-9999 -9999 -9999 -9999 -9999 -9999 -9999 -9999 -9999 -9999 -9999 -9999 -9999 -9999 0.286129044086878 -9999 -9999 -9999 0.320411119187065 0.471415852479148 0.379444798201474 0.358582941892668 0.361954098237921 0.29311869147981 0.317354447757363 0.294409804103453 0.282087050413183 0.285700928752986 0.303883620413636 0.303845708529338 0.316046326043668 0.484545433283915 0.434398771758422 0.606787845583734 0.517771099269031 0.555345082632161 0.541670151317151 0.599227730620619 0.59737570259163 0.638802712296035 0.598159402946262 0.603485627325519 0.444351569694077 0.558993712999531 0.460623749318252 0.553736179676798 0.516643266496333 0.569642000350405 0.555815392429561
-9999 -9999 -9999 -9999 -9999 -9999 -9999 -9999 -9999 -9999 -9999 -9999 0.346717937374295 0.317405899992101 0.303227265910476 0.322464596852456 0.299469922761269 0.317258639206414 0.33547223483969 0.354980803136962 0.434267129736781 0.333932058689079 0.321489807103347 0.300552600320921 0.257809246522291 0.262308578286861 0.268812377458827 0.262299216827165 0.283890041757952 0.304157909695615 0.327407478390976 0.472034437146681 0.491666019139977 0.560432983752684 0.550663324734907 0.577989103759043 0.605568351452828 0.585962153882314 0.602254982587979 0.60092235817702 0.596992979249848 0.60120579636897 0.604608736881791 0.603098304321717 0.60782794987909 0.544910329581425 0.596265763377622 0.560379016205363 0.543791725908775
-9999 -9999 -9999 -9999 -9999 -9999 -9999 -9999 -9999 -9999 -9999 -9999 -9999 -9999 0.276820843664765 0.288453070049734 0.275216066930867 0.255000181957062 0.273072562802056 0.265348735523505 0.265888432749693 0.312845727395691 0.266430785983472 0.267617758273748 0.306912015598904 0.317207118016953 0.275714791491557 0.292167109562901 0.285239622138126 0.386290519943863 0.49682163946662 0.461749992826184 0.441034653027015 0.533711866604942 0.59143652616013 0.610784207283119 0.569000646727593 0.573611137094046 0.596862434765494 0.601044544707348 0.578257092948102 0.572479596381877 0.551643691518686 0.581877452227239 0.597940814934563 0.589295127279041 0.621921482337444 0.603881550856024 0.607767005193753
-9999 -9999 -9999 -9999 -9999 -9999 -9999 -9999 -9999 -9999 -9999 -9999 -9999 -9999 -9999 -9999 -9999 0.278862351468137 0.274831521541775 0.284779120713802 0.27100686570324 0.266241537276099 0.282979946536369 0.263508491702961 0.273516789815246 0.294889491665891 0.280868865335555 0.347175011596785 0.444667311540123 0.507039746671269 0.419570429397986 0.342365330141418 0.480540509874678 0.56119819512635 0.589038359726834 0.592773434695493 0.592316079452558 0.595162412934326 0.598618203872755 0.596158323232276 0.47566770017444 0.521627723676816 0.593780354683663 0.625631409632292 0.554186873643853 0.552063858478882 0.55296187835043 0.596433034899348 0.598071400852285
-9999 -9999 -9999 -9999 -9999 -9999 -9999 -9999 -9999 -9999 -9999 -9999 -9999 -9999 -9999 -9999 -9999 0.261275763505084 0.262972327522805 0.265104371535418 0.262840363374274 0.307181445349382 0.257547415243946 0.247234344308627 0.290612975800076 0.261237293432369 0.291716512791892 0.329934032651588 0.349250736127986 0.545037865767962 0.348398275473973 0.319967878060042 0.532022717956231 0.558922433237134 0.58977773167244 0.603561834203477 0.594399120877168 0.559368796787638 0.520485126136787 0.518969677602609 0.499869255408774 0.338159411087765 0.400314617885574 0.607113410183796 0.540351131811917 0.588114722917091 0.594418889921347 0.596891906257104 0.613315688997787
-9999 -9999 -9999 -9999 -9999 -9999 -9999 -9999 -9999 -9999 -9999 -9999 -9999 -9999 -9999 -9999 -9999 -9999 -9999 0.259408268114623 0.267040761212499 0.261850580168164 0.264198908905971 0.319479600448771 0.447995600247015 0.465306517174667 0.45522319248905 0.46813761921887 0.406353141588493 0.56364669310275 0.38574100763082 0.327619585181527 0.54133210918595 0.600691429825585 0.588276438703886 0.555419744727978 0.556594620645522 0.59451573275765 0.609313109944344 0.610436944305075 0.546395402813603 0.592427973513984 0.592960635303047 0.606461149497983 0.594677304098746 0.595506557366128 0.53556573649261 0.45244170995093 0.310796030249781
-9999 -9999 -9999 -9999 -9999 -9999 -9999 -9999 -9999 -9999 -9999 -9999 -9999 -9999 -9999 -9999 -9999 -9999 -9999 0.268593411048452 0.255891714825007 0.268081154956044 0.300595960292517 0.349424801670323 0.537310018600835 0.52881935666973 0.529116765464217 0.607327630639764 0.520704401075833 0.601790935045727 0.399197601103178 0.345065390815355 0.589140945609576 0.587522860051915 0.596510068205588 0.549825729555292 0.393616288295572 0.607555333944997 0.330099206560959 0.328837870961225 0.619475830308103 0.591810653208125 0.591451629992486 0.591279069028034 0.600281213101065 0.301964052462923 0.224552348689492 -9999 0.237466550677266
-9999 -9999 -9999 -9999 -9999 -9999 -9999 -9999 -9999 -9999 -9999 -9999 -9999 -9999 -9999 -9999 -9999 -9999 -9999 0.272095806834848 0.269525508628405 0.254035947171229 0.270272747734878 0.292108581455256 0.355100841387498 0.537416684994218 0.555627351503948 0.452575084315135 0.444725064475944 0.592577673456153 0.350391879583591 0.335133184346847 0.599621935142642 0.593611626532917 0.452728248277129 0.61325247474562 0.284162056380857 0.265027700127452 0.244115824363021 0.249956943286779 0.276814649509526 0.220225514799259 0.274824939903144 0.275706965728687 0.276690111223491 -9999 -9999 -9999 0.241311805901295
-9999 -9999 -9999 -9999 -9999 -9999 -9999 -9999 -9999 -9999 -9999 -9999 -9999 -9999 -9999 -9999 -9999 -9999 -9999 0.278382041784069 0.275290275578972 0.269380307037023 0.269091062913822 0.276256833302066 0.274238675793794 0.471356774588333 0.494197029163332 0.516629632798135 0.55550277823316 0.540796940789386 0.315055035867808 0.536144887463391 0.558461502735437 0.595547618745911 0.441451279323522 0.512975739426253 0.268312263606125 0.249284028103951 0.276682624971887 0.530487247360448 0.322761436160254 0.274273030457072 0.277070250245696 0.220935042381613 0.211079909801669 0.224815466034932 -9999 -9999 -9999
-9999 -9999 -9999 -9999 -9999 -9999 -9999 -9999 -9999 -9999 -9999 -9999 -9999 -9999 -9999 -9999 -9999 -9999 0.221238156730922 0.285937325656505 0.291837102214299 0.254456258200799 0.268110699309387 0.257846379219833 0.256692993217059 0.309189824551555 0.489273778081649 0.537339666180834 0.549750710490567 0.290473455753261 0.267346139895905 0.503875755008195 0.529478883199823 0.55021809456998 0.49753807497939 0.552888107778113 0.528999010297098 0.282230017603288 -9999 -9999 0.286961227493295 0.553453368878886 0.53420375437189 0.536186630115 0.275841750423804 0.276711680061911 -9999 -9999 -9999
-9999 -9999 -9999 -9999 -9999 -9999 -9999 -9999 -9999 -9999 -9999 -9999 -9999 -9999 -9999 -9999 -9999 -9999 0.29355911959539 0.272584694168685 0.264364762422377 0.242888770887965 0.233115081577253 0.274022737468514 0.264763468579003 0.27181272483672 0.354576251515956 0.296122196503243 0.288698612634893 0.268358143033823 0.272558997595856 0.278412164679831 0.272988923712134 0.34681745364103 0.322751491008493 0.289102824059114 -9999 -9999 -9999 -9999 -9999 -9999 0.276154659958182 0.2776102541359 0.53400663991739 0.478059404306797 0.268820768137981 -9999 -9999
-9999 -9999 -9999 0.242497749949862 0.237178072411498 0.292354766007992 0.277729984508017 0.310397057205775 0.406238154483725 0.484367396674897 0.410372980300285 0.406295426542077 0.254494175567162 0.22709488600364 0.218376786858081 0.23708531452647 0.235670660193274 0.248443803016412 0.267316172880379 0.291848870563368 0.259252163730694 0.27055750726292 0.264186749519329 0.258516147863534 0.262678202584513 0.27036566989908 0.275987499897224 0.264289185003393 -9999 -9999 -9999 -9999 0.270822206030149 0.274015649556072 -9999 -9999 -9999 -9999 -9999 -9999 -9999 -9999 0.269571240999558 0.258324099540996 0.262162343993015 0.264338850611598 0.333786860938162 0.289679842921994 0.204280301906016
-9999 -9999 -9999 0.235952891127172 0.242893451055722 0.27364968250016 0.243141032653885 0.407692859676114 0.40780048442354 0.372284485468191 0.398842785829951 0.398674555970841 0.293959153685752 0.293477125416531 0.262519172326379 0.329456609586176 0.399741971585427 0.270101947579468 0.350821862348994 0.421501399437805 0.489121057472434 0.457841397451404 0.464742068637667 0.50275066375716 0.542597902107747 0.475060824584517 0.272033322479568 -9999 -9999 -9999 -9999 -9999 -9999 -9999 -9999 -9999 -9999 -9999 -9999 -9999 -9999 -9999 -9999 0.241767007221421 0.251189149934475 0.264232483428245 0.260142230887589 0.523897402745795 0.27731109121213
-9999 -9999 -9999 -9999 0.243550545774242 0.248531863760636 0.400147988532055 0.414428628176233 0.292042530521977 0.190485949266717 0.184603643234544 0.201483444460876 0.188242496181453 0.229480315498542 0.333929653017741 0.33863871813939 0.293033924140876 0.1908808454315 0.205215659803897 0.21905619567816 0.265971387315073 0.216448902716768 0.267532731872725 0.26707147639468 0.309142915978988 0.47261963580554 0.22101192626739 0.188671575546715 -9999 -9999 -9999 -9999 -9999 -9999 -9999 -9999 -9999 -9999 -9999 -9999 -9999 -9999 -9999 -9999 0.262043010534127 0.275182702904601 0.276500032963006 0.519667550451711 0.518799480125456
-9999 -9999 -9999 0.236622774633086 0.278086403948939 0.278663344562682 0.226618524100195 0.223654447427645 0.188741433741895 0.185400900163279 0.193069640208054 0.211767379199089 0.215915243979033 0.197772051529655 0.198681276775893 0.22753444597524 0.241345519871698 0.19697498266784 0.188986436371634 0.210701114973141 0.188453469225837 0.192136585613056 0.199746557225027 0.185793523523611 0.230748936075596 0.237058209498357 0.216580635392334 -9999 -9999 -9999 -9999 -9999 -9999 -9999 -9999 -9999 -9999 -9999 -9999 -9999 -9999 -9999 -9999 -9999 -9999 -9999 0.282480610858572 0.277204335497655 0.286837723755128
-9999 -9999 -9999 -9999 0.237959190598373 0.245296750375746 0.189729774827213 0.190240917433296 0.18613575261399 0.184928752541134 0.187927161665824 0.184844444306162 0.184773404242218 0.225093064681137 0.227674403125192 0.197570742992817 0.218898696480279 0.235859530608979 0.196248233970194 0.188471609757215 0.198307825082 0.190439202153475 0.186022463208802 0.197304980723296 0.206093719183241 -9999 -9999 -9999 -9999 -9999 -9999 -9999 -9999 -9999 -9999 -9999 -9999 -9999 -9999 -9999 -9999 -9999 -9999 -9999 -9999 -9999 -9999 -9999 0.263503896556637
-9999 -9999 -9999 -9999 0.200182731189229 0.235845026994578 0.210161262081185 0.189646632727213 0.196557949968956 0.202237799235193 0.197039247626778 0.199861775409117 0.321293909190891 0.269700505338449 0.196003418202628 0.189127051665515 0.231676132202777 0.235746122342119 0.249239687771027 0.238570894732812 0.197700099892868 0.184766438911927 0.185752107532259 -9999 -9999 -9999 -9999 -9999 -9999 -9999 -9999 -9999 -9999 -9999 -9999 -9999 -9999 0.227791824819884 0.259944474479039 0.278228912852615 -9999 -9999 -9999 -9999 -9999 -9999 -9999 -9999 -9999
-9999 -9999 -9999 0.23547177806551 0.210164280007356 0.202526865498252 0.221144550070779 0.222764219495857 0.222954969178807 0.251707818495343 0.260904506642722 0.223459803631719 0.1941824584005 0.205087168658587 0.199918704186387 0.184598578442612 0.206689363121718 0.240941502229319 0.245749043815489 0.2365830617217 0.186094670906928 0.184954367008539 -9999 -9999 -9999 -9999 -9999 -9999 -9999 -9999 -9999 -9999 -9999 -9999 -9999 -9999 -9999 -9999 0.242560580597623 0.274203208063154 -9999 -9999 -9999 -9999 -9999 -9999 -9999 -9999 -9999
-9999 -9999 -9999 0.219158351040915 0.216075581511185 0.202323452136599 0.194173436163518 0.189533035774393 0.192019881610533 0.199601386112198 0.195715096388962 0.184880021870153 0.185372217716305 0.184875989783424 0.188205233006429 0.208008764774038 0.184300609274767 0.175724463221597 0.1858989744735 0.194185561874518 0.208276209516326 -9999 -9999 -9999 -9999 -9999 -9999 -9999 -9999 -9999 -9999 -9999 -9999 -9999 -9999 -9999 -9999 -9999 0.258295243778933 0.277494217718121 -9999 -9999 -9999 -9999 -9999 -9999 -9999 -9999 -9999
-9999 -9999 0.2249426031953 0.208406345869719 0.194819191179349 0.198637965972824 0.196653306733024 0.184626355702128 0.185821063960067 0.185768855207441 0.189646765277328 0.179965957497635 0.184555906699227 0.185371951485445 0.188805044116611 0.188240571304116 0.188289597028665 0.188796757530316 0.184605391359783 0.196063382730557 -9999 -9999 -9999 -9999 -9999 -9999 -9999 -9999 -9999 -9999 -9999 -9999 -9999 -9999 -9999 -9999 -9999 -9999 0.251716591514825 0.266978531254748 -9999 -9999 -9999 -9999 -9999 -9999 -9999 -9999 -9999
-9999 -9999 0.206557683310681 0.196960608850625 0.188226593412662 0.191803346607407 0.188790290066338 0.200535396236449 0.197310755129399 0.185496949327093 0.184682296121589 0.18432839949699 0.185194669893851 0.185436247199824 0.188487512109402 0.184625096823964 0.184253713819376 0.185387280180371 0.184846952248008 0.19539119324281 0.198147419062581 -9999 -9999 -9999 -9999 -9999 -9999 -9999 -9999 -9999 -9999 -9999 -9999 -9999 -9999 -9999 -9999 -9999 -9999 -9999 -9999 -9999 -9999 -9999 -9999 -9999 -9999 -9999 -9999
