Scripts_&_data/BRT_projection_files/BRT_SCV2/B_ruderarius_2_projection.asc
NCOLS 79 
NROWS 71 
XLLCORNER -10.5 
YLLCORNER 36 
CELLSIZE 0.5 
NODATA_value -9999 
[rows 44 to 65 of 71, columns 0 to 48 of 79]
-9999 -9999 -9999 -9999 -9999 -9999 -9999 -9999 -9999 -9999 -9999 -9999 -9999 -9999 -9999 -9999 -9999 -9999 0.345370214192601 0.353550585252061 0.382099248302031 0.380779225179566 0.375802163386311 0.382485530659734 0.358987508006155 0.367850351403965 0.366679551927563 0.36876227926381 0.378504296220546 0.357660637511525 0.401677720229406 0.401724053212804 0.40076003692778 0.402231205213551 0.420610486032431 0.419393911981062 0.428484340149056 0.387473040339482 0.419547613205337 0.42545468624844 0.42514504181404 0.420732360339615 0.431242241401007 0.427960169092344 0.418048253433047 0.421620389736584 0.413251961193226 0.436460036713706 0.42487390763733
-9999 -9999 -9999 -9999 -9999 -9999 -9999 -9999 -9999 -9999 -9999 -9999 -9999 -9999 0.34334206469843 -9999 -9999 -9999 0.377397954818121 0.419072433074714 0.421517574275879 0.41649577290024 0.415932134903976 0.35117257038327 0.369692666445877 0.3615504374413 0.356289616650047 0.350158539489597 0.355004985290166 0.350314724174738 0.382732309542039 0.401035353619365 0.402986574792245 0.428736002819972 0.41426562638359 0.411360610073924 0.381569253657096 0.406814470435716 0.420849297632752 0.449459275077901 0.414327818177328 0.426480283297402 0.420599012512547 0.426896140260871 0.424721350662406 0.426863671152018 0.425672280280328 0.403791440986279 0.431762508153798
-9999 -9999 -9999 -9999 -9999 -9999 -9999 -9999 -9999 -9999 -9999 -9999 0.35085806579705 0.367249793590665 0.351725378064135 0.33785841258715 0.335230287320598 0.360727200586234 0.345318356440467 0.342260511061655 0.4120698936364 0.369619951232789 0.411155361076851 0.34319902476791 0.330384639010362 0.34555042869257 0.353608000235769 0.357017362064338 0.355052982342528 0.366989567226012 0.407657373494623 0.401285722134437 0.401848386997727 0.413621701308424 0.403150606301182 0.404968749442953 0.400912809760431 0.399457805745396 0.407913813071996 0.420910186362916 0.40816712732265 0.427216825296141 0.427566650157161 0.427049036378524 0.440134052871046 0.418266227928553 0.403075188325321 0.405165863723209 0.379344768537312
-9999 -9999 -9999 -9999 -9999 -9999 -9999 -9999 -9999 -9999 -9999 -9999 -9999 -9999 0.330347602565199 0.333484828128488 0.358773006606593 0.354580442148402 0.35850784003663 0.335755218289002 0.361773468630075 0.362203640375423 0.362030961374147 0.359720162619077 0.368220431277444 0.357958524614467 0.36001171746118 0.363373859791175 0.37460116418487 0.416083036116647 0.413965758401985 0.402174897631009 0.398063880753957 0.399325282126437 0.396294187882373 0.401299592727677 0.421169017466403 0.399708140689802 0.404967225563545 0.405220832092096 0.399766649491764 0.401783133908016 0.400887668627322 0.399999354056155 0.429741788139719 0.461873182783903 0.470039557310436 0.473875721360468 0.470958154994066
-9999 -9999 -9999 -9999 -9999 -9999 -9999 -9999 -9999 -9999 -9999 -9999 -9999 -9999 -9999 -9999 -9999 0.361826368541519 0.362350721810157 0.362318783906763 0.349272642477222 0.351354827390927 0.359278474604201 0.354282890711578 0.353574481301202 0.352217201168425 0.365376884400648 0.373575249505621 0.404878486207369 0.408851362931288 0.415471476989218 0.353274205588054 0.388672293348155 0.399276430025316 0.400379574157452 0.400467680516658 0.401845608190458 0.399891864213952 0.413014469103316 0.389559936096733 0.457395696336764 0.444975731180972 0.481580728112344 0.472878992913556 0.457354170603541 0.451326137000095 0.477310156369105 0.467824844391036 0.461377350579351
-9999 -9999 -9999 -9999 -9999 -9999 -9999 -9999 -9999 -9999 -9999 -9999 -9999 -9999 -9999 -9999 -9999 0.316375977317604 0.308040821876096 0.339491865646607 0.342317904253497 0.348658924758921 0.346904375775399 0.352110725876991 0.360262571191165 0.362627784752695 0.36551082417662 0.364459513252602 0.375713860938883 0.402228123754592 0.374984176454053 0.363642721687346 0.399451355352644 0.429765508724137 0.399729746623893 0.417348374629967 0.476058056062734 0.467923378569572 0.469760498989044 0.469467117546077 0.473797875945794 0.445963087641213 0.462713495150544 0.475486058446511 0.399253429315537 0.450717188800656 0.4797841183348 0.465415435936176 0.468587635441093
-9999 -9999 -9999 -9999 -9999 -9999 -9999 -9999 -9999 -9999 -9999 -9999 -9999 -9999 -9999 -9999 -9999 -9999 -9999 0.28386406345406 0.332154689461659 0.329325365833632 0.363697178938037 0.367246267132764 0.404902295285112 0.41610545276035 0.416815430200254 0.396129385718644 0.410505055545385 0.414065122917607 0.398516485083689 0.373275188445622 0.399533462329939 0.401739125427077 0.406480949288434 0.483007763394938 0.461811768230325 0.461324306385026 0.467363248613793 0.463012246566997 0.475653901294517 0.464848530064949 0.372072127195874 0.474579661262211 0.382473873554809 0.467046165620229 0.399695633324268 0.400988437163431 0.427022479032138
-9999 -9999 -9999 -9999 -9999 -9999 -9999 -9999 -9999 -9999 -9999 -9999 -9999 -9999 -9999 -9999 -9999 -9999 -9999 0.295484731737004 0.289384944468802 0.322990160680461 0.35939897004923 0.367584310252397 0.398664092154772 0.401452692344789 0.405924583605955 0.418910456582034 0.408311388731759 0.398360076017361 0.366279591771066 0.366306486443626 0.400061102495051 0.400463312077112 0.459881767793681 0.470470316647954 0.459820550939285 0.400227663133793 0.335118314453387 0.336661166036513 0.401621174066516 0.402393281495705 0.429178917609736 0.406251521135295 0.40073112020073 0.331081811644501 0.2776289911203 -9999 0.304089246275177
-9999 -9999 -9999 -9999 -9999 -9999 -9999 -9999 -9999 -9999 -9999 -9999 -9999 -9999 -9999 -9999 -9999 -9999 -9999 0.2935286616539 0.294824351043236 0.292911127002421 0.320997646556984 0.331377281181535 0.341873333071096 0.398626450761311 0.399304910065133 0.415648812489392 0.403330840908368 0.405018644657735 0.343685844578949 0.361759292514651 0.399443605585287 0.463182875038241 0.439505050771996 0.471660597742883 0.31377343617654 0.277088954805603 0.277613869517917 0.28804210854625 0.277529359304515 0.277161931446534 0.277457473838442 0.277378853438354 0.27766749870213 -9999 -9999 -9999 0.277469811816894
-9999 -9999 -9999 -9999 -9999 -9999 -9999 -9999 -9999 -9999 -9999 -9999 -9999 -9999 -9999 -9999 -9999 -9999 -9999 0.302280409051812 0.295267766564001 0.291122435544298 0.291693127074114 0.291820845510175 0.351742208692567 0.393154404010581 0.398440674274569 0.402165503861623 0.399863648260791 0.398993769819298 0.320219486502071 0.398232755763215 0.451134739944499 0.443761906856163 0.448980082924165 0.405029577315763 0.277431469777442 0.277337863860035 0.283043483746672 0.401847932285127 0.342992500633803 0.347029602891463 0.296559351590739 0.292559296227865 0.284815056343708 0.281800338793893 -9999 -9999 -9999
-9999 -9999 -9999 -9999 -9999 -9999 -9999 -9999 -9999 -9999 -9999 -9999 -9999 -9999 -9999 -9999 -9999 -9999 0.29837814095059 0.291799705901898 0.295658750003087 0.291250088529497 0.292985608724481 0.292003365299726 0.291039921007973 0.341844709950833 0.400346930005977 0.399039279761002 0.398518161438062 0.277317908572971 0.27714699836121 0.392548431695387 0.402504162798305 0.402904884806173 0.448811501506322 0.399128245140158 0.409241174420686 0.277160292077065 -9999 -9999 0.275458437718073 0.408018531876971 0.408068042785954 0.41137087857655 0.296505050091144 0.296453021168714 -9999 -9999 -9999
-9999 -9999 -9999 -9999 -9999 -9999 -9999 -9999 -9999 -9999 -9999 -9999 -9999 -9999 -9999 -9999 -9999 -9999 0.277293522008304 0.277254736351032 0.294622052032376 0.275705749030161 0.275709377399414 0.294621974226912 0.292558917386074 0.294572076772072 0.340957884223544 0.319076736241921 0.27739702274843 0.294052000116643 0.292516670283765 0.27655823211933 0.277219155943309 0.338499750040144 0.328911770027977 0.273686597390967 -9999 -9999 -9999 -9999 -9999 -9999 0.278520514524345 0.296196077797533 0.411588988642491 0.414303140781877 0.32441964456685 -9999 -9999
-9999 -9999 -9999 0.277206851261651 0.277401693473526 0.341229387340224 0.339695664583157 0.36804372266914 0.411412281406783 0.409878435834678 0.411593348170765 0.40544257010613 0.3409670849577 0.332923162833796 0.304123395689208 0.276432377920966 0.276115120076907 0.282186728371066 0.320199353692805 0.277612095802391 0.297013686471803 0.293171875882884 0.294879118520792 0.292426496360627 0.292977755138971 0.2932625196542 0.291648566929185 0.294515785339523 -9999 -9999 -9999 -9999 0.298570868465657 0.29551894202431 -9999 -9999 -9999 -9999 -9999 -9999 -9999 -9999 0.291008206238185 0.291296583174913 0.277990746843068 0.320678457058337 0.374574033919166 0.351235513808819 0.271931685141485
-9999 -9999 -9999 0.277373457632305 0.299849393234162 0.343290124401362 0.350788339396653 0.399356934159164 0.399283584816607 0.404899433136107 0.402741604204167 0.400630997958894 0.403759138984855 0.403367075927364 0.402774220464948 0.373053719919616 0.401318026059184 0.321076633715165 0.340964270934696 0.398752713953158 0.465844645193129 0.288977455724065 0.431118355194265 0.418451555954689 0.410114687998362 0.387540708942017 0.294008300178019 -9999 -9999 -9999 -9999 -9999 -9999 -9999 -9999 -9999 -9999 -9999 -9999 -9999 -9999 -9999 -9999 0.290711346385263 0.292169083452907 0.292562555285911 0.294347908523404 0.411046734439412 0.322239294994081
-9999 -9999 -9999 -9999 0.29995618622767 0.328938099533866 0.396514061592667 0.395836934963787 0.403552492534759 0.272342191172632 0.268826676038657 0.297441473235898 0.273368889310196 0.353448973061553 0.419192378170559 0.418717000132348 0.349230706733145 0.27222755929896 0.259867541505576 0.296856896630875 0.340477579319178 0.276051604850709 0.391998237765669 0.402259659706732 0.414508438050795 0.437064920232788 0.276264545354696 0.259246968639721 -9999 -9999 -9999 -9999 -9999 -9999 -9999 -9999 -9999 -9999 -9999 -9999 -9999 -9999 -9999 -9999 0.293453101965693 0.298912294859499 0.296249476164879 0.404754946362797 0.412950142631953
-9999 -9999 -9999 0.277334227295165 0.341289383878994 0.372329371594229 0.331792749908586 0.319978048512738 0.283279823847952 0.289817494616316 0.285011306737668 0.294156554981548 0.296007280860428 0.327475062061058 0.361174356685565 0.361679877790352 0.344018046941139 0.32506610756556 0.272101982854747 0.276969419357435 0.27025596331492 0.271273709221201 0.275403418894036 0.272139125137658 0.271579007690577 0.288451113254482 0.272030867854887 -9999 -9999 -9999 -9999 -9999 -9999 -9999 -9999 -9999 -9999 -9999 -9999 -9999 -9999 -9999 -9999 -9999 -9999 -9999 0.309391742102613 0.277485564898156 0.277307863729036
-9999 -9999 -9999 -9999 0.277582535082499 0.331482433644427 0.315092420089392 0.275262032107896 0.283524169633761 0.304428034975512 0.274823557393258 0.279365842582158 0.29082795266399 0.373554163753173 0.282695181048077 0.335144713661818 0.269203477599038 0.347580828849088 0.319432719359555 0.271086779915976 0.269472922011812 0.269584363243202 0.270570678212605 0.266509964041741 0.258506249184655 -9999 -9999 -9999 -9999 -9999 -9999 -9999 -9999 -9999 -9999 -9999 -9999 -9999 -9999 -9999 -9999 -9999 -9999 -9999 -9999 -9999 -9999 -9999 0.29589796940169
-9999 -9999 -9999 -9999 0.275614882671903 0.277404880373242 0.282458178957429 0.282119444015039 0.288336952497597 0.313689631756353 0.331193734292368 0.331938866972078 0.385129063130606 0.366846009753678 0.275595625845793 0.291532237723978 0.269421650458944 0.277200824289663 0.389185810321393 0.275842859686584 0.311421816187509 0.266562361830948 0.258203442868056 -9999 -9999 -9999 -9999 -9999 -9999 -9999 -9999 -9999 -9999 -9999 -9999 -9999 -9999 0.280147485827091 0.291151953318159 0.293268343413783 -9999 -9999 -9999 -9999 -9999 -9999 -9999 -9999 -9999
-9999 -9999 -9999 0.2760798941022 0.276732012349854 0.276846857461985 0.277571760424002 0.28838053082637 0.287304063929078 0.368981885680692 0.367018721136944 0.339185620356484 0.259513499896792 0.268267145009541 0.272081357025707 0.268016071171015 0.329006971963653 0.278443929497727 0.398390038968339 0.277126120878486 0.260495232376384 0.259359758496422 -9999 -9999 -9999 -9999 -9999 -9999 -9999 -9999 -9999 -9999 -9999 -9999 -9999 -9999 -9999 -9999 0.291496141116484 0.292337982101841 -9999 -9999 -9999 -9999 -9999 -9999 -9999 -9999 -9999
-9999 -9999 -9999 0.275571613698011 0.275331583764498 0.274292422917799 0.271597841899774 0.282816719020818 0.287044614439785 0.287858304941912 0.274719409595981 0.270263812511958 0.258319517754496 0.267706734978805 0.258116953255372 0.257855831918281 0.25915271739776 0.268672584585218 0.263296369117934 0.265868608412432 0.266646546527025 -9999 -9999 -9999 -9999 -9999 -9999 -9999 -9999 -9999 -9999 -9999 -9999 -9999 -9999 -9999 -9999 -9999 0.290502075767955 0.290118657663657 -9999 -9999 -9999 -9999 -9999 -9999 -9999 -9999 -9999
-9999 -9999 0.270985263034491 0.277513461805933 0.273925525907335 0.280166514540567 0.284447686851253 0.268211035279181 0.282857383933121 0.283814153600343 0.285585056265661 0.25830182434982 0.279725209591452 0.26047612608966 0.257880686686355 0.257853012029306 0.257693933261962 0.258290092961734 0.267495995772699 0.271168234379899 -9999 -9999 -9999 -9999 -9999 -9999 -9999 -9999 -9999 -9999 -9999 -9999 -9999 -9999 -9999 -9999 -9999 -9999 0.283404718859768 0.287427006596617 -9999 -9999 -9999 -9999 -9999 -9999 -9999 -9999 -9999
-9999 -9999 0.280141926462669 0.270164173313716 0.268893187644533 0.280046309733632 0.279696622107611 0.271283330889717 0.271342266831862 0.270974153446769 0.268308740716907 0.279400922721024 0.268835767849691 0.259569430647476 0.258494982635539 0.270251937229673 0.263024001198092 0.271841718139206 0.268806834298151 0.258087251543536 0.260887045864996 -9999 -9999 -9999 -9999 -9999 -9999 -9999 -9999 -9999 -9999 -9999 -9999 -9999 -9999 -9999 -9999 -9999 -9999 -9999 -9999 -9999 -9999 -9999 -9999 -9999 -9999 -9999 -9999
