Scripts_&_data/BRT_projection_files/BRT_SCV2/B_soroeensis_2_projection.asc
NCOLS 79 
NROWS 71 
XLLCORNER -10.5 
YLLCORNER 36 
CELLSIZE 0.5 
NODATA_value -9999 
[rows 44 to 65 of 71, columns 0 to 48 of 79]
-9999 -9999 -9999 -9999 -9999 -9999 -9999 -9999 -9999 -9999 -9999 -9999 -9999 -9999 -9999 -9999 -9999 -9999 0.247006895200089 0.2612818701769 0.263411531778355 0.262030934787607 0.252986866438776 0.259259562737989 0.243997907365804 0.239376326889747 0.239448658315377 0.251751939205237 0.288959295901709 0.287391072094114 0.304912879253376 0.345492834770733 0.309272176670367 0.310482082002354 0.308241149840659 0.326942586287466 0.326085749000875 0.256446085472151 0.307304077582479 0.33822340384273 0.34065207934692 0.380388134311353 0.386539095317413 0.372549461976339 0.387953598678676 0.38786339221514 0.387964629410244 0.596562492731397 0.394817610215712
-9999 -9999 -9999 -9999 -9999 -9999 -9999 -9999 -9999 -9999 -9999 -9999 -9999 -9999 0.253123275428458 -9999 -9999 -9999 0.253850027266246 0.287967398818005 0.289777740965503 0.289795329373558 0.288611574107479 0.251567635899823 0.236960643173206 0.239576364913733 0.244699483135943 0.243711453072735 0.258884846571072 0.286559129952302 0.288536807887509 0.319621225297684 0.332239182975457 0.327519331653349 0.306344551706986 0.327174073202338 0.268111302074224 0.330635603715175 0.342377830733065 0.344207576775805 0.390620438420288 0.385766743445912 0.367223938572362 0.391346962698994 0.388395652830573 0.372258423497254 0.383100173044598 0.454606386354582 0.615767639173582
-9999 -9999 -9999 -9999 -9999 -9999 -9999 -9999 -9999 -9999 -9999 -9999 0.253497952086391 0.274063670398439 0.247614223798239 0.247648339560881 0.241260705649892 0.242022029070359 0.240446134003536 0.247596753031138 0.281936786969983 0.242454869037496 0.284018658991354 0.278744174952632 0.239244172458586 0.238493555960065 0.239294153341577 0.239026289596773 0.244124642685511 0.25246322940057 0.297233270459067 0.33130624123721 0.410227435042168 0.339573347570328 0.342230727193562 0.341549861498646 0.304789746998165 0.460971514526068 0.463077294389086 0.391186050261453 0.397183120886998 0.369573670366034 0.341531720771519 0.341504783860835 0.393331683286355 0.374789712830584 0.331888960354975 0.32191263229714 0.306646013020619
-9999 -9999 -9999 -9999 -9999 -9999 -9999 -9999 -9999 -9999 -9999 -9999 -9999 -9999 0.25014487355406 0.237114828165675 0.234453748062961 0.234929770978353 0.236090299079492 0.235132694715333 0.236828392928824 0.250364532209117 0.236998572384925 0.23884419115787 0.252557183272644 0.253312872353013 0.237626712548548 0.238337918247079 0.252430095782421 0.293484400232982 0.32631046666266 0.334098555018413 0.310826190854193 0.397709741870743 0.420956602572566 0.420206812445082 0.351524177583693 0.422362320787484 0.435209029377207 0.338928607342337 0.34571436999257 0.435668433826868 0.44510844053332 0.471237206103302 0.596105410974248 0.629178975620207 0.637232932342953 0.636607853117095 0.637112824325849
-9999 -9999 -9999 -9999 -9999 -9999 -9999 -9999 -9999 -9999 -9999 -9999 -9999 -9999 -9999 -9999 -9999 0.237036780598082 0.237213412997038 0.236859106614787 0.233538616878501 0.243540161719854 0.238344272532928 0.237643930269039 0.242107437612266 0.253352267846658 0.237190495226776 0.268087067858758 0.307672537162429 0.345388498087047 0.307237803184709 0.257203476235222 0.391566326586353 0.441905557758339 0.46822638443191 0.440166914778641 0.43902870893217 0.347641691859003 0.412358078434537 0.447091577743274 0.636024132949259 0.634546305512377 0.586292593879847 0.639964567725199 0.63860588191963 0.638450991886677 0.609706844042136 0.635892988464679 0.63673401264684
-9999 -9999 -9999 -9999 -9999 -9999 -9999 -9999 -9999 -9999 -9999 -9999 -9999 -9999 -9999 -9999 -9999 0.238744590802217 0.237291257735735 0.235213047135683 0.236716754693796 0.23849690271088 0.23744656619972 0.236921024306548 0.237481533238921 0.236896361705647 0.251542673283234 0.257447376700913 0.266627442721093 0.394310948798278 0.266757076769152 0.259072396731982 0.447103765130664 0.623236204531353 0.393889892809369 0.616542456409139 0.634394713020097 0.639065702267475 0.637643762543734 0.60954280082887 0.637737269875598 0.375847942813352 0.408795568139667 0.634770569065896 0.482676267007711 0.443589771369755 0.634410595757907 0.637464603355938 0.637603827253498
-9999 -9999 -9999 -9999 -9999 -9999 -9999 -9999 -9999 -9999 -9999 -9999 -9999 -9999 -9999 -9999 -9999 -9999 -9999 0.237190495226776 0.238537151249705 0.237244160218185 0.235925646127706 0.254687087498428 0.305436062485607 0.297635316133301 0.303144553232418 0.29971625197761 0.30423581657057 0.306001132682492 0.298128504052378 0.268745477873315 0.470054473527979 0.445190267802134 0.594883186592497 0.63461215642327 0.461233507027705 0.641827522840807 0.641527965868881 0.6420199945166 0.463493326542368 0.462929381912592 0.446117439666679 0.638418148751515 0.607000993075357 0.638265531191409 0.465916337743973 0.470871559383254 0.640365260893204
-9999 -9999 -9999 -9999 -9999 -9999 -9999 -9999 -9999 -9999 -9999 -9999 -9999 -9999 -9999 -9999 -9999 -9999 -9999 0.238242089942596 0.23777936979369 0.239678171324372 0.253333223078811 0.260736561815126 0.398496493157394 0.342246932421383 0.406276129046509 0.305669144507776 0.342254256203449 0.304536027569854 0.269962676970188 0.254864788056472 0.39688545698063 0.471669749732327 0.642195506059637 0.641053952812874 0.640475965563281 0.422676383738395 0.260055661227704 0.260072043845863 0.421530593625071 0.462727594194875 0.589543553058355 0.462943368151265 0.331481292348994 0.240783402846825 0.240783402846825 -9999 0.253286972389159
-9999 -9999 -9999 -9999 -9999 -9999 -9999 -9999 -9999 -9999 -9999 -9999 -9999 -9999 -9999 -9999 -9999 -9999 -9999 0.254428905775039 0.24002982519841 0.25211406862395 0.254771091344102 0.259892871835296 0.270976446046485 0.447386987871892 0.468571870060292 0.339299133369931 0.4245853584824 0.441310685204745 0.268948687581638 0.261648970960097 0.391597373874606 0.63839114299388 0.642715431767008 0.638034102352871 0.251107124164039 0.239639779360701 0.239683134301359 0.239345414389696 0.239635980781468 0.239624018796904 0.239242809227149 0.239276972900498 0.239276972900498 -9999 -9999 -9999 0.257715262208122
-9999 -9999 -9999 -9999 -9999 -9999 -9999 -9999 -9999 -9999 -9999 -9999 -9999 -9999 -9999 -9999 -9999 -9999 -9999 0.254670024601595 0.250625515332786 0.250554401076694 0.252882168393218 0.254241346074053 0.250314843158432 0.390936383445535 0.444963880868472 0.454522931151083 0.487577954962455 0.423258552473811 0.25998424403904 0.422766308882444 0.641148777325714 0.642927849243038 0.64228853960671 0.468296218151202 0.239268367743622 0.241299745745797 0.243900986713006 0.447000592348227 0.269732887456236 0.239591910578704 0.239118267960919 0.227736772314923 0.226249143011905 0.2249213789746 -9999 -9999 -9999
-9999 -9999 -9999 -9999 -9999 -9999 -9999 -9999 -9999 -9999 -9999 -9999 -9999 -9999 -9999 -9999 -9999 -9999 0.255512103790114 0.255366886246245 0.253982149981118 0.252824625594607 0.236945241969053 0.238808329005303 0.248702872711857 0.24519172119235 0.297451394637248 0.420940934154804 0.462133345425356 0.261039237435934 0.25704262039363 0.389579814234782 0.429117848041197 0.505088567798053 0.640158125121541 0.46834108172186 0.327361153715603 0.26006303755246 -9999 -9999 0.260405719650076 0.40188733742019 0.342107519954901 0.308578964761967 0.242909480801278 0.233200249266853 -9999 -9999 -9999
-9999 -9999 -9999 -9999 -9999 -9999 -9999 -9999 -9999 -9999 -9999 -9999 -9999 -9999 -9999 -9999 -9999 -9999 0.261109245807628 0.252502430599677 0.238830029565657 0.236716754693796 0.232951257122081 0.2277050742208 0.237322609808565 0.241507549590537 0.270330890221919 0.260819292406769 0.259725768567133 0.254030221892783 0.237910768330188 0.257617068810091 0.25952199593435 0.26083771709787 0.26041034325598 0.260375238468625 -9999 -9999 -9999 -9999 -9999 -9999 0.252184745376946 0.253839029245058 0.343807640637198 0.330012236424765 0.239312890826568 -9999 -9999
-9999 -9999 -9999 0.25348289781786 0.260083569762463 0.271269605930095 0.27137289765004 0.389789406774569 0.336382339930799 0.311695833459725 0.315681335601199 0.351583379111707 0.255553878731777 0.255473035433934 0.252752625569445 0.260445444239996 0.253775599429465 0.259960963511152 0.26073322765643 0.260353268423993 0.25495237854741 0.254773610606865 0.23917975515237 0.251185966683273 0.239692323205224 0.254767218941102 0.253422007337762 0.249036893609434 -9999 -9999 -9999 -9999 0.253551277362367 0.255242016630793 -9999 -9999 -9999 -9999 -9999 -9999 -9999 -9999 0.253453204988548 0.253229109974239 0.239487697796905 0.251054886830451 0.268290922174762 0.227776782631885 0.224938144757806
-9999 -9999 -9999 0.25999827775921 0.261040308762639 0.258935325381468 0.306825027577283 0.448468840577324 0.476798339004347 0.444864389866001 0.428369978250272 0.429258221540227 0.316582298224918 0.341888280978596 0.280389540360191 0.299246818035714 0.393071233419326 0.248190435175426 0.270566357008167 0.469214658695619 0.622785406644604 0.630073535607598 0.583451393198183 0.416265804091784 0.393772357528644 0.300261337998268 0.253918703981069 -9999 -9999 -9999 -9999 -9999 -9999 -9999 -9999 -9999 -9999 -9999 -9999 -9999 -9999 -9999 -9999 0.238987067202384 0.252609752260183 0.242752885140264 0.253289077029936 0.396726939283628 0.239395514227358
-9999 -9999 -9999 -9999 0.259725675577784 0.260136183966149 0.442677492807589 0.467607962768272 0.422091880231197 0.224241596276312 0.222541504521843 0.222575126021665 0.222554118564372 0.227762973155698 0.341926808689603 0.343289362921902 0.243687386329027 0.223206498607077 0.22257493412341 0.225269940617074 0.23981362881255 0.255154483836039 0.30853463571477 0.430285010474226 0.362197278035045 0.41197529058532 0.25330464391224 0.225624006567747 -9999 -9999 -9999 -9999 -9999 -9999 -9999 -9999 -9999 -9999 -9999 -9999 -9999 -9999 -9999 -9999 0.250139667363381 0.24070279292531 0.252987554869721 0.441186696175523 0.325685366902901
-9999 -9999 -9999 0.253385434351557 0.25995193438272 0.372183080823042 0.259408476638663 0.2601584152457 0.229243495083079 0.222541504521843 0.222576700250709 0.222599488198798 0.222575126021665 0.22255586149397 0.229167127383375 0.231206398685887 0.235099893938971 0.224724671930074 0.22260989712311 0.222642527055822 0.222586874156269 0.222575126021665 0.224248297205241 0.224085636202522 0.23018009585904 0.241115265875237 0.230813089725559 -9999 -9999 -9999 -9999 -9999 -9999 -9999 -9999 -9999 -9999 -9999 -9999 -9999 -9999 -9999 -9999 -9999 -9999 -9999 0.25056952324116 0.256493253296107 0.260650278787746
-9999 -9999 -9999 -9999 0.259781253628014 0.260078713168384 0.230723761084715 0.228835830119427 0.224214575015298 0.222521337862316 0.222568475536499 0.22256408620818 0.223291556025224 0.235117334285663 0.270722669212754 0.224650667186293 0.234500505250945 0.235280474243328 0.224253505268563 0.22260989712311 0.222642234950467 0.224659619640385 0.224882268624316 0.22557260243685 0.225657012805041 -9999 -9999 -9999 -9999 -9999 -9999 -9999 -9999 -9999 -9999 -9999 -9999 -9999 -9999 -9999 -9999 -9999 -9999 -9999 -9999 -9999 -9999 -9999 0.25137892567047
-9999 -9999 -9999 -9999 0.259867220457031 0.260068485322295 0.249181881592023 0.224748684565514 0.232728224899585 0.224427631215302 0.225270695365715 0.228669576411733 0.242293050861623 0.230266800216488 0.224193492542579 0.224813469436844 0.242456845682195 0.269401501306326 0.256243843639256 0.257438085003586 0.225111055673036 0.225025842627588 0.225617689420123 -9999 -9999 -9999 -9999 -9999 -9999 -9999 -9999 -9999 -9999 -9999 -9999 -9999 -9999 0.225705059404073 0.24717689780199 0.254199355791812 -9999 -9999 -9999 -9999 -9999 -9999 -9999 -9999 -9999
-9999 -9999 -9999 0.252195902168064 0.259885466999237 0.255112748751815 0.250830500914178 0.249201006709302 0.250956579809145 0.249580682772258 0.2501661779271 0.246621831516973 0.222752597764447 0.224937419171388 0.224411010920132 0.222541504521843 0.22873587646409 0.284367059561313 0.257788977932386 0.271300522485417 0.22667334404434 0.22562562935303 -9999 -9999 -9999 -9999 -9999 -9999 -9999 -9999 -9999 -9999 -9999 -9999 -9999 -9999 -9999 -9999 0.241458913913077 0.253377896374164 -9999 -9999 -9999 -9999 -9999 -9999 -9999 -9999 -9999
-9999 -9999 -9999 0.252583231538332 0.253765198046401 0.253136467373851 0.229597673831555 0.224623360744825 0.242699369790318 0.248223336210717 0.246763565636096 0.225126312905984 0.222541504521843 0.222611505356242 0.222586874156269 0.222554118564372 0.222541504521843 0.225149280835503 0.224960892297088 0.224948131948751 0.225631212509979 -9999 -9999 -9999 -9999 -9999 -9999 -9999 -9999 -9999 -9999 -9999 -9999 -9999 -9999 -9999 -9999 -9999 0.239476928925567 0.254052250453144 -9999 -9999 -9999 -9999 -9999 -9999 -9999 -9999 -9999
-9999 -9999 0.23010576708656 0.229190918818978 0.230374001036549 0.24093637297157 0.22889329783034 0.224688428436841 0.224891407584024 0.224731951415352 0.231022682454709 0.233004315518095 0.224888743221618 0.222562511979136 0.222575126021665 0.222554118564372 0.222575126021665 0.222576700250709 0.224838471056565 0.225498953604304 -9999 -9999 -9999 -9999 -9999 -9999 -9999 -9999 -9999 -9999 -9999 -9999 -9999 -9999 -9999 -9999 -9999 -9999 0.226149615718944 0.226939249093277 -9999 -9999 -9999 -9999 -9999 -9999 -9999 -9999 -9999
-9999 -9999 0.229369834645458 0.229756837894079 0.22776777072158 0.228388753596383 0.223110686625856 0.222714641254795 0.224704170195574 0.224031687547682 0.223933783722322 0.223179019611484 0.222520051012684 0.222520051012684 0.222532665055212 0.222501643603482 0.224193492542579 0.222611505356242 0.22260989712311 0.22260989712311 0.222642234950467 -9999 -9999 -9999 -9999 -9999 -9999 -9999 -9999 -9999 -9999 -9999 -9999 -9999 -9999 -9999 -9999 -9999 -9999 -9999 -9999 -9999 -9999 -9999 -9999 -9999 -9999 -9999 -9999
