Scripts_&_data/BRT_projection_files/BRT_SCV2/B_soroeensis_1_projection.asc
NCOLS 79 
NROWS 71 
XLLCORNER -10.5 
YLLCORNER 36 
CELLSIZE 0.5 
NODATA_value -9999 
[rows 44 to 65 of 71, columns 0 to 48 of 79]
-9999 -9999 -9999 -9999 -9999 -9999 -9999 -9999 -9999 -9999 -9999 -9999 -9999 -9999 -9999 -9999 -9999 -9999 0.247265903990171 0.251000674139839 0.249993248681621 0.256759435394129 0.253648349281168 0.25777670151497 0.241004901205587 0.247273691837871 0.243604452164336 0.242397720624778 0.283534052292592 0.280752869026581 0.456218109868489 0.485146842847882 0.474372304123671 0.559690001058229 0.54965161332919 0.545858313580095 0.616300612057013 0.328239019944899 0.542103822289787 0.543600218368562 0.53324722187341 0.482380537167617 0.430608602461453 0.463525885165961 0.415524262671144 0.464156211084719 0.568387425014794 0.57316213083157 0.53872448780724
-9999 -9999 -9999 -9999 -9999 -9999 -9999 -9999 -9999 -9999 -9999 -9999 -9999 -9999 0.240851500627872 -9999 -9999 -9999 0.253298842610608 0.366428551971155 0.422730682416948 0.320632790579664 0.382754127187743 0.237099070221881 0.256194859209121 0.22684775720615 0.221751781333332 0.24106403372262 0.240360356873345 0.241585245579154 0.246526983848807 0.476486125899096 0.535295940595442 0.532514342903494 0.476347612051432 0.528009014089285 0.358815565834191 0.59959046575014 0.555320750308733 0.61387240584593 0.552603204152973 0.550467895878868 0.447221862019796 0.433132116793319 0.429103968117286 0.443560272303925 0.522614892580845 0.570091787459623 0.577381290029515
-9999 -9999 -9999 -9999 -9999 -9999 -9999 -9999 -9999 -9999 -9999 -9999 0.260228934646075 0.247688056861594 0.246398810191188 0.243419056603759 0.241145511176878 0.246092495506452 0.248526279283136 0.249720470491422 0.306586202546243 0.247571014869127 0.278729124087736 0.262122779900347 0.236713629564028 0.233008762389692 0.219339182738794 0.23054871279507 0.240354259336913 0.241402053912562 0.251792463693758 0.534127393233115 0.538997787011537 0.519471897323787 0.514151290344012 0.618493368500601 0.540431963312455 0.604038858416932 0.595642213655877 0.5513212602694 0.530832310848729 0.545580971394999 0.549729696844184 0.547001768873753 0.548058479124679 0.518030687791094 0.52307958373046 0.521378432512928 0.498652614043875
-9999 -9999 -9999 -9999 -9999 -9999 -9999 -9999 -9999 -9999 -9999 -9999 -9999 -9999 0.225696656719617 0.224371043720342 0.231445864529876 0.230171462229966 0.238328442746469 0.236389985911243 0.230981734816541 0.239781425875084 0.236414603905508 0.236111048739483 0.241742659255942 0.240612094533125 0.234321180683868 0.241209153326469 0.245236029078247 0.321474266378712 0.476645020834107 0.498925070440898 0.351005081824704 0.539532936955016 0.61335184785557 0.580697409082886 0.548826671355418 0.598023003694473 0.534264266121557 0.524949935781025 0.532479811988134 0.519426218710427 0.592751903577932 0.597104365868671 0.645012343022957 0.64692748403596 0.671066465454561 0.650277099771487 0.668923548395698
-9999 -9999 -9999 -9999 -9999 -9999 -9999 -9999 -9999 -9999 -9999 -9999 -9999 -9999 -9999 -9999 -9999 0.22547204845769 0.223936539175001 0.238317800998841 0.221600858359824 0.232338126882245 0.238976112071577 0.231436125061374 0.231020375585217 0.244733351566084 0.242717213871785 0.253225450755849 0.312039067416022 0.483769114891891 0.321564184716237 0.260329393878472 0.34124818196756 0.556936834927444 0.59388205498819 0.54266173858613 0.523874390370352 0.51387213968405 0.556797743903905 0.590235991832907 0.671316015506073 0.582746572316683 0.669961040127098 0.670522613695297 0.672163193473432 0.670725625364141 0.67253136938824 0.672227789606525 0.671554507631807
-9999 -9999 -9999 -9999 -9999 -9999 -9999 -9999 -9999 -9999 -9999 -9999 -9999 -9999 -9999 -9999 -9999 0.222818878649706 0.222387408056214 0.23746491997325 0.23336733222471 0.236189360508857 0.2320430151798 0.233702095239505 0.242702172652805 0.238402963257549 0.245777274584824 0.251698289983461 0.254177690735374 0.551912958149848 0.261064171579549 0.253140839379345 0.54020025162656 0.633386991974968 0.51146886542686 0.574776845850759 0.623486447841513 0.672581581654771 0.579743781383576 0.576003665887625 0.552964024910757 0.565097739893324 0.521021269868673 0.668991079358749 0.64899168197351 0.575743127791504 0.671623624319541 0.671540464832069 0.669338534082143
-9999 -9999 -9999 -9999 -9999 -9999 -9999 -9999 -9999 -9999 -9999 -9999 -9999 -9999 -9999 -9999 -9999 -9999 -9999 0.222387408056214 0.223175174262376 0.237454147880837 0.23824926507844 0.253096128916077 0.323749815684634 0.473922492937395 0.475752498901254 0.301006866685083 0.325887138705886 0.52452634598165 0.261750378182727 0.255093792895019 0.5553858753891 0.585722514769051 0.639506934943838 0.668461645808145 0.639042177149244 0.672486257394304 0.672155702232741 0.672470868486191 0.653202680272441 0.650526153773722 0.573677616744118 0.667591564115799 0.668856760393891 0.669563584254032 0.551957621335381 0.591352945838206 0.667623477883836
-9999 -9999 -9999 -9999 -9999 -9999 -9999 -9999 -9999 -9999 -9999 -9999 -9999 -9999 -9999 -9999 -9999 -9999 -9999 0.222888404434116 0.222311859487623 0.222780150912382 0.248251842859967 0.266612936552341 0.539272200967659 0.571846088623082 0.505875865464892 0.380971177748663 0.498948635918612 0.548800290481737 0.27322441238575 0.261561866907246 0.576403006968808 0.568459539740123 0.66963948755281 0.659566756139805 0.659100278846814 0.579958300593026 0.269982880298722 0.260581889455853 0.579343814383149 0.596400384018326 0.63643822996329 0.595693819181459 0.537307781746716 0.253790510364523 0.22539507105037 -9999 0.228206221888283
-9999 -9999 -9999 -9999 -9999 -9999 -9999 -9999 -9999 -9999 -9999 -9999 -9999 -9999 -9999 -9999 -9999 -9999 -9999 0.224966230361965 0.224396284074973 0.224192304634491 0.225471395717478 0.251225699248591 0.262499931064914 0.539157833963303 0.619024580365641 0.481169421961904 0.554378914856114 0.586549458106403 0.272695422255839 0.260687518699631 0.580036758872324 0.667999681484734 0.604724459194251 0.662304463070971 0.223899216717477 0.222793506429906 0.224167712980743 0.225974455679783 0.224130845756095 0.223956255243667 0.224168838284545 0.224133430215314 0.225385647210055 -9999 -9999 -9999 0.225717111761289
-9999 -9999 -9999 -9999 -9999 -9999 -9999 -9999 -9999 -9999 -9999 -9999 -9999 -9999 -9999 -9999 -9999 -9999 -9999 0.228954693529197 0.225347655197782 0.223828350267329 0.224188103374073 0.225932608329537 0.229443277199196 0.356857829901422 0.543680283053239 0.560207189737758 0.628438560023269 0.554087293208964 0.230459826519487 0.55234783232617 0.635173680033111 0.668053824899578 0.581526254496389 0.575370315856993 0.220030705590141 0.218134758825449 0.22461592819017 0.539803192731298 0.262916044513676 0.224643109936131 0.225821585693894 0.223629454715017 0.222176990226601 0.221111809965878 -9999 -9999 -9999
-9999 -9999 -9999 -9999 -9999 -9999 -9999 -9999 -9999 -9999 -9999 -9999 -9999 -9999 -9999 -9999 -9999 -9999 0.227466876976161 0.226817158291478 0.226584804513252 0.223381601224803 0.220418597734029 0.221155687645179 0.22426049316536 0.243295434459038 0.451165978352177 0.541782379230088 0.578707715743303 0.226374777104524 0.225847909293918 0.538469276633058 0.538822057043721 0.624522015970762 0.666689075470827 0.559980143062774 0.492922834856103 0.225435179581946 -9999 -9999 0.22769309639358 0.550575878929975 0.509479064880833 0.3571261815487 0.224120229437206 0.223839610957562 -9999 -9999 -9999
-9999 -9999 -9999 -9999 -9999 -9999 -9999 -9999 -9999 -9999 -9999 -9999 -9999 -9999 -9999 -9999 -9999 -9999 0.226695027565909 0.226002373732797 0.223757083360312 0.220161801907047 0.217876388226803 0.220020418132998 0.222362764373131 0.224994243103154 0.26388354390119 0.228271118108166 0.227817501445019 0.226500662143535 0.221646129087287 0.221167051597401 0.22500928473127 0.256415326816927 0.251838871262084 0.226446368614492 -9999 -9999 -9999 -9999 -9999 -9999 0.224507307053163 0.22659025711072 0.498425010647388 0.480820218825715 0.224285467491189 -9999 -9999
-9999 -9999 -9999 0.227025539783352 0.226925196674001 0.269926916909841 0.269156584810886 0.36839162857688 0.460574746734565 0.521531599043544 0.519084731369665 0.521010920360334 0.25555548805343 0.244991013162778 0.225868660359542 0.227259426796971 0.227318518942734 0.236801762401253 0.26411750648786 0.228471033524659 0.22905614598606 0.225724289520006 0.223845443271823 0.22413155036326 0.223549977053864 0.226323894382851 0.225259540369187 0.219542440762293 -9999 -9999 -9999 -9999 0.228142955106527 0.226927813735891 -9999 -9999 -9999 -9999 -9999 -9999 -9999 -9999 0.225043473472822 0.223883059026121 0.22167274717565 0.223148859975993 0.251554025837026 0.249984261860934 0.22222760628471
-9999 -9999 -9999 0.227991137375868 0.22661543675228 0.265040615501446 0.266065096727836 0.575935181103086 0.5861676998938 0.554861294633856 0.539027752812654 0.548169879445397 0.489865007821928 0.500103376597636 0.457064335037835 0.536006713543456 0.535716657098766 0.262565026733659 0.348989707279664 0.556985565261335 0.578690659119017 0.609274654783024 0.571737544360798 0.502677024987327 0.503834339509129 0.360324886043352 0.226066229742545 -9999 -9999 -9999 -9999 -9999 -9999 -9999 -9999 -9999 -9999 -9999 -9999 -9999 -9999 -9999 -9999 0.21826707293388 0.220495223635598 0.22286577469543 0.224631394109001 0.500490135233607 0.22483699666897
-9999 -9999 -9999 -9999 0.226928233909608 0.235158147912099 0.538780616773705 0.554907373224287 0.487700615946102 0.2172528401057 0.216972493102414 0.231368607704185 0.216973675330859 0.241504500473116 0.415022029068661 0.464663133379319 0.342030657840926 0.21712133264481 0.217201006097912 0.243204074029557 0.318871660861614 0.226414694668062 0.53527554356766 0.566540628711549 0.518432125756053 0.495386644013268 0.224060896620901 0.218912548648104 -9999 -9999 -9999 -9999 -9999 -9999 -9999 -9999 -9999 -9999 -9999 -9999 -9999 -9999 -9999 -9999 0.222991784432712 0.22465050466011 0.224679467674369 0.543696416882317 0.478763370169268
-9999 -9999 -9999 0.228159700819983 0.27388779050519 0.273552891865404 0.226362527474801 0.225069152093594 0.218405411074932 0.216951015792998 0.217345731894818 0.236486786900397 0.233246940866162 0.234507537869354 0.239147060856558 0.275246173136163 0.321965401649742 0.236007205056551 0.217901759690359 0.219269050700398 0.217296438670877 0.217296438670877 0.217756565134259 0.217331793666602 0.221020805833592 0.227224578267977 0.226415850096528 -9999 -9999 -9999 -9999 -9999 -9999 -9999 -9999 -9999 -9999 -9999 -9999 -9999 -9999 -9999 -9999 -9999 -9999 -9999 0.226729155416612 0.227189787064091 0.226233215852729
-9999 -9999 -9999 -9999 0.228303871985791 0.229045405913121 0.219342450843442 0.219105730319902 0.21814451753517 0.217231351478464 0.216951015792998 0.216951015792998 0.217259804200872 0.269654270192565 0.330057716673432 0.236252722550935 0.3234162693201 0.323849533305557 0.235978935640265 0.217885976128719 0.219787689549244 0.217604737296463 0.21759195047648 0.217753186362402 0.220057728107924 -9999 -9999 -9999 -9999 -9999 -9999 -9999 -9999 -9999 -9999 -9999 -9999 -9999 -9999 -9999 -9999 -9999 -9999 -9999 -9999 -9999 -9999 -9999 0.225835794754077
-9999 -9999 -9999 -9999 0.227824519626092 0.226341026755539 0.224710204078828 0.218548006784223 0.220038787789059 0.217498233596743 0.235956274652253 0.236613707733105 0.3002988144596 0.254189297955764 0.217441481803057 0.229483925767063 0.389470725534614 0.344352526247423 0.339210589554893 0.335781169179298 0.234134380048025 0.217361800644146 0.21765977059754 -9999 -9999 -9999 -9999 -9999 -9999 -9999 -9999 -9999 -9999 -9999 -9999 -9999 -9999 0.218372807271933 0.223698989115394 0.225218131250118 -9999 -9999 -9999 -9999 -9999 -9999 -9999 -9999 -9999
-9999 -9999 -9999 0.226036817064619 0.226824609363571 0.226402366836504 0.225268808245838 0.225162947422916 0.224909868041227 0.252980510177454 0.253486213600561 0.241719003972913 0.217338289742523 0.219216452985099 0.218625288996657 0.216951015792998 0.235594412364012 0.347886680661879 0.3362113793695 0.348220246293694 0.217314098123671 0.217527120079372 -9999 -9999 -9999 -9999 -9999 -9999 -9999 -9999 -9999 -9999 -9999 -9999 -9999 -9999 -9999 -9999 0.222567462328983 0.22510293179718 -9999 -9999 -9999 -9999 -9999 -9999 -9999 -9999 -9999
-9999 -9999 -9999 0.225981228566472 0.22512538055612 0.224039225281263 0.219124988094046 0.218263184811271 0.218872705431363 0.223997094841287 0.218828540718875 0.217904376059754 0.216951015792998 0.217228640445991 0.217236523282366 0.216951015792998 0.216951015792998 0.217408785364688 0.217314098123671 0.217442895295204 0.219778058615276 -9999 -9999 -9999 -9999 -9999 -9999 -9999 -9999 -9999 -9999 -9999 -9999 -9999 -9999 -9999 -9999 -9999 0.220489049244951 0.22629867275959 -9999 -9999 -9999 -9999 -9999 -9999 -9999 -9999 -9999
-9999 -9999 0.21881816689378 0.219907077504918 0.219486654538222 0.221616537267059 0.220116762397153 0.217964521203259 0.217909494385002 0.217543729563123 0.218509266362163 0.218571770313894 0.21734315580878 0.216972493102414 0.216951015792998 0.216951015792998 0.216951015792998 0.216951015792998 0.217267136394948 0.217444762043292 -9999 -9999 -9999 -9999 -9999 -9999 -9999 -9999 -9999 -9999 -9999 -9999 -9999 -9999 -9999 -9999 -9999 -9999 0.218540535480167 0.220669406816254 -9999 -9999 -9999 -9999 -9999 -9999 -9999 -9999 -9999
-9999 -9999 0.224990732184616 0.218620230050465 0.218298387122277 0.218498152753516 0.217447831866448 0.217255846277185 0.217328169986544 0.217250506862121 0.217293702162283 0.217918097671466 0.217303323040145 0.216972493102414 0.216951015792998 0.217369558126986 0.217413445944463 0.217094690419887 0.217258011542943 0.217304926571357 0.219822090707008 -9999 -9999 -9999 -9999 -9999 -9999 -9999 -9999 -9999 -9999 -9999 -9999 -9999 -9999 -9999 -9999 -9999 -9999 -9999 -9999 -9999 -9999 -9999 -9999 -9999 -9999 -9999 -9999
