Scripts_&_data/BRT_projection_files/BRT_SCV2/B_sporadicus_2_projection.asc
NCOLS 79 
NROWS 71 
XLLCORNER -10.5 
YLLCORNER 36 
CELLSIZE 0.5 
NODATA_value -9999 
[rows 42 to 62 of 71, columns 0 to 47 of 79]
-9999 -9999 -9999 -9999 -9999 -9999 -9999 -9999 -9999 -9999 0.0300083509325402 -9999 -9999 0.0299919286303605 -9999 -9999 -9999 -9999 -9999 -9999 -9999 -9999 -9999 -9999 0.0299926488785943 0.0299926488785943 0.0299926488785943 0.0299926488785943 0.0299926488785943 0.0299926488785943 0.0299926488785943 0.0299926488785943 0.0300065577768734 0.0299926488785943 0.0299926488785943 0.0299926488785943 0.0299926488785943 0.0299926488785943 0.0299926488785943 0.0299926488785943 0.0299926488785943 0.0299926488785943 0.0299926488785943 0.0299926488785943 0.0299926488785943 0.0299926488785943 0.0299926488785943 0.0299926488785943
-9999 -9999 -9999 -9999 -9999 -9999 -9999 -9999 -9999 -9999 -9999 -9999 -9999 -9999 -9999 -9999 -9999 -9999 -9999 -9999 -9999 -9999 0.0299926488785943 0.0299926488785943 0.0299926488785943 0.0299926488785943 0.0299926488785943 0.0299926488785943 0.0299926488785943 0.0299926488785943 0.0299926488785943 0.0300083509325402 0.0300083509325402 0.0300083509325402 0.0299926488785943 0.0299926488785943 0.0299926488785943 0.0299926488785943 0.0299926488785943 0.0336300225234017 0.0299926488785943 0.0299926488785943 0.0299926488785943 0.0299926488785943 0.0299926488785943 0.0299926488785943 0.0299926488785943 0.0299926488785943
-9999 -9999 -9999 -9999 -9999 -9999 -9999 -9999 -9999 -9999 -9999 -9999 -9999 -9999 -9999 -9999 -9999 -9999 0.0299926488785943 0.0299926488785943 0.0299926488785943 0.0299926488785943 0.0299926488785943 0.0299926488785943 0.0299926488785943 0.0299926488785943 0.0299926488785943 0.0299926488785943 0.0299926488785943 0.0299926488785943 0.0299926488785943 0.0299926488785943 0.0299926488785943 0.0299926488785943 0.0299926488785943 0.0299926488785943 0.0341068010619615 0.0299926488785943 0.0299926488785943 0.0299926488785943 0.0299926488785943 0.0299926488785943 0.0299926488785943 0.0299926488785943 0.0299926488785943 0.0299926488785943 0.0299926488785943 0.0299926488785943
-9999 -9999 -9999 -9999 -9999 -9999 -9999 -9999 -9999 -9999 -9999 -9999 -9999 -9999 0.0299926488785943 -9999 -9999 -9999 0.0299926488785943 0.0299926488785943 0.0299926488785943 0.0299926488785943 0.0299926488785943 0.0299926488785943 0.0299926488785943 0.0341123309157635 0.0299926488785943 0.0299926488785943 0.0299926488785943 0.0299926488785943 0.0299926488785943 0.0299926488785943 0.0299926488785943 0.0299926488785943 0.0299926488785943 0.0299926488785943 0.0299926488785943 0.0299956608067546 0.0299926488785943 0.0501655229949522 0.0299926488785943 0.0299926488785943 0.0299926488785943 0.0299926488785943 0.0299926488785943 0.0299926488785943 0.0299926488785943 0.0299926488785943
-9999 -9999 -9999 -9999 -9999 -9999 -9999 -9999 -9999 -9999 -9999 -9999 0.0299926488785943 0.0299926488785943 0.0299926488785943 0.0299926488785943 0.0299926488785943 0.0299926488785943 0.0299926488785943 0.0299926488785943 0.0299926488785943 0.0299926488785943 0.0299926488785943 0.0299926488785943 0.0299926488785943 0.0299926488785943 0.0299926488785943 0.0299926488785943 0.0299926488785943 0.0299926488785943 0.0299926488785943 0.0299926488785943 0.0299926488785943 0.0299926488785943 0.0299926488785943 0.0299926488785943 0.0299926488785943 0.0306067945884795 0.0299926488785943 0.0299926488785943 0.0299926488785943 0.0299926488785943 0.0299926488785943 0.0299926488785943 0.0299926488785943 0.0299926488785943 0.0299926488785943 0.0299926488785943
-9999 -9999 -9999 -9999 -9999 -9999 -9999 -9999 -9999 -9999 -9999 -9999 -9999 -9999 0.0300083509325402 0.0299926488785943 0.0299926488785943 0.0299926488785943 0.0299926488785943 0.0299926488785943 0.0299926488785943 0.0299926488785943 0.0299926488785943 0.0299926488785943 0.0299926488785943 0.0299926488785943 0.0299926488785943 0.0299926488785943 0.0299926488785943 0.0299926488785943 0.0299926488785943 0.0299926488785943 0.0299926488785943 0.0299926488785943 0.0299924077692957 0.0299926488785943 0.0299926488785943 0.0299926488785943 0.0300124507488956 0.0300083509325402 0.0299926488785943 0.0299926488785943 0.0299926488785943 0.0300026472571678 0.0299926488785943 0.0299926488785943 0.0299926488785943 0.0299926488785943
-9999 -9999 -9999 -9999 -9999 -9999 -9999 -9999 -9999 -9999 -9999 -9999 -9999 -9999 -9999 -9999 -9999 0.0299926488785943 0.0299926488785943 0.0299926488785943 0.0299926488785943 0.0299926488785943 0.0299926488785943 0.0299926488785943 0.0299926488785943 0.0299926488785943 0.0299926488785943 0.0299926488785943 0.0299926488785943 0.0299926488785943 0.0299926488785943 0.0299926488785943 0.0299926488785943 0.0299926488785943 0.0299926488785943 0.0300124507488956 0.0300017371077236 0.0300083509325402 0.0300083509325402 0.0299926488785943 0.0300083509325402 0.0464205550347913 0.0510781313282564 0.044972186417345 0.0315855585488205 0.0301153938881917 0.0450170642731244 0.0437326746585929
-9999 -9999 -9999 -9999 -9999 -9999 -9999 -9999 -9999 -9999 -9999 -9999 -9999 -9999 -9999 -9999 -9999 0.0299926488785943 0.0299926488785943 0.0299926488785943 0.0299926488785943 0.0299926488785943 0.0299926488785943 0.0299926488785943 0.0299926488785943 0.0299926488785943 0.0299926488785943 0.0299926488785943 0.0299926488785943 0.0299926488785943 0.0299926488785943 0.0299926488785943 0.0299926488785943 0.0299926488785943 0.0300124507488956 0.0299926488785943 0.0299926488785943 0.0462611664697988 0.0463600070122416 0.046251985525103 0.0463266594707494 0.0875987428769309 0.0959847047719901 0.0992275056431845 0.105189295234981 0.0771093697535629 0.0464197965743416 0.0440972717152714
-9999 -9999 -9999 -9999 -9999 -9999 -9999 -9999 -9999 -9999 -9999 -9999 -9999 -9999 -9999 -9999 -9999 -9999 -9999 0.0299926488785943 0.0299926488785943 0.0299926488785943 0.0299926488785943 0.0299926488785943 0.0299926488785943 0.0299926488785943 0.0299926488785943 0.0299926488785943 0.0299926488785943 0.0299926488785943 0.0299926488785943 0.0299926488785943 0.0299924077692957 0.0300083509325402 0.0300083509325402 0.0932614069509442 0.0814013448482849 0.0463866241644912 0.0301958425897852 0.0318858439135801 0.0467266662762447 0.0720763357738876 0.0958635297966626 0.0301956000711343 0.111450886927566 0.0696091858221319 0.0299926488785943 0.0300083509325402
-9999 -9999 -9999 -9999 -9999 -9999 -9999 -9999 -9999 -9999 -9999 -9999 -9999 -9999 -9999 -9999 -9999 -9999 -9999 0.0299926488785943 0.0299926488785943 0.0299926488785943 0.0299926488785943 0.0299926488785943 0.0299924077692957 0.0299926488785943 0.0299926488785943 0.0299926488785943 0.0299926488785943 0.0299926488785943 0.0299926488785943 0.0299926488785943 0.0299926488785943 0.0307031694780293 0.0464939256274095 0.0978900479432078 0.0322194612337408 0.0299926488785943 0.0361882376348545 0.0365072683389697 0.0299926488785943 0.0299926488785943 0.0299926488785943 0.0299926488785943 0.0299926488785943 0.0299926488785943 0.0299926488785943 -9999
-9999 -9999 -9999 -9999 -9999 -9999 -9999 -9999 -9999 -9999 -9999 -9999 -9999 -9999 -9999 -9999 -9999 -9999 -9999 0.0299926488785943 0.0299926488785943 0.0299926488785943 0.0299926488785943 0.0299926488785943 0.0299924077692957 0.030368759631105 0.0299926488785943 0.0299926488785943 0.0299926488785943 0.0299926488785943 0.0299926488785943 0.0299926488785943 0.0299926488785943 0.031658985890444 0.152327183716503 0.0301958425897852 0.0299926488785943 0.0299926488785943 0.0299926488785943 0.0299926488785943 0.0299926488785943 0.0299926488785943 0.0299926488785943 0.0299926488785943 0.0299926488785943 -9999 -9999 -9999
-9999 -9999 -9999 -9999 -9999 -9999 -9999 -9999 -9999 -9999 -9999 -9999 -9999 -9999 -9999 -9999 -9999 -9999 -9999 0.0336343288326876 0.0299926488785943 0.0299926488785943 0.0299926488785943 0.0299926488785943 0.0299926488785943 0.0299926488785943 0.0299926488785943 0.0299926488785943 0.0299926488785943 0.0299924077692957 0.0299926488785943 0.0299926488785943 0.0299917733375423 0.0331730641950378 0.0333835864819715 0.0300124507488956 0.0299926488785943 0.0299926488785943 0.0299926488785943 0.0299926488785943 0.0299926488785943 0.0299926488785943 0.0299926488785943 0.0299926488785943 0.0299926488785943 0.0299926488785943 -9999 -9999
-9999 -9999 -9999 -9999 -9999 -9999 -9999 -9999 -9999 -9999 -9999 -9999 -9999 -9999 -9999 -9999 -9999 -9999 0.0547209883068215 0.0299926488785943 0.0299960882309832 0.0299926488785943 0.0299926488785943 0.0299926488785943 0.0299926488785943 0.0299926488785943 0.0300083509325402 0.0300083509325402 0.0306219009621323 0.0300083509325402 0.0299926488785943 0.0299919286303605 0.0299926488785943 0.0299910447625268 0.0306109997838451 0.0304502815736486 0.0299926488785943 0.0301958425897852 -9999 -9999 0.0365544848462358 0.0301916882575631 0.0299926488785943 0.0299926488785943 0.0299926488785943 0.0299926488785943 -9999 -9999
-9999 -9999 -9999 -9999 -9999 -9999 -9999 -9999 -9999 -9999 -9999 -9999 -9999 -9999 -9999 -9999 -9999 -9999 0.0299926488785943 0.0299926488785943 0.0299926488785943 0.0299926488785943 0.0299926488785943 0.0299926488785943 0.0299926488785943 0.0299926488785943 0.0299960882309832 0.0300017210960541 0.0299926488785943 0.0299926488785943 0.0299926488785943 0.030006885585524 0.0300124507488956 0.0300083509325402 0.0306581081583558 0.0302904730969673 -9999 -9999 -9999 -9999 -9999 -9999 0.0299926488785943 0.0299926488785943 0.0299926488785943 0.0299926488785943 0.0299926488785943 -9999
-9999 -9999 -9999 0.0300083509325402 0.0300083509325402 0.0300083509325402 0.0300081099267247 0.0323138746286508 0.0301911625381171 0.0301916882575631 0.0301911625381171 0.0301951611163097 0.0301860577159247 0.0307364925392153 0.0299926488785943 0.0302117487129804 0.0302075724668176 0.0300083509325402 0.0300083509325402 0.0299926488785943 0.0299926488785943 0.0299926488785943 0.0299926488785943 0.0299926488785943 0.0299926488785943 0.0299926488785943 0.0299926488785943 0.0299926488785943 -9999 -9999 -9999 -9999 0.0299926488785943 0.0299926488785943 -9999 -9999 -9999 -9999 -9999 -9999 -9999 -9999 0.0299926488785943 0.0299926488785943 0.0299926488785943 0.0299926488785943 0.0299926488785943 0.0299926488785943
-9999 -9999 -9999 0.0300083509325402 0.0300083509325402 0.0300083509325402 0.0300081099267247 0.0304316460854907 0.0300072344811481 0.030023159296195 0.0300083509325402 0.0300138914840848 0.0300293785368888 0.030023159296195 0.0300256637393625 0.030023159296195 0.0300083509325402 0.0300083509325402 0.0300138914840848 0.0300138914840848 0.0299960882309832 0.0299960882309832 0.0299960882309832 0.0299960882309832 0.0299926488785943 0.0299926488785943 0.0299926488785943 -9999 -9999 -9999 -9999 -9999 -9999 -9999 -9999 -9999 -9999 -9999 -9999 -9999 -9999 -9999 -9999 0.0299926488785943 0.0299926488785943 0.0299926488785943 0.0299926488785943 0.0299926488785943
-9999 -9999 -9999 -9999 0.030076275478508 0.0300083509325402 0.0302187164700152 0.0300138914840848 0.0300293785368888 0.0299926488785943 0.0299926488785943 0.0299926488785943 0.0299960882309832 0.0299926488785943 0.0299960882309832 0.0299926488785943 0.0300256637393625 0.0299926488785943 0.0300256637393625 0.0300312042909071 0.0300256637393625 0.0300270424188335 0.030022387143569 0.0300349190884334 0.0300256637393625 0.0299926488785943 0.0299926488785943 0.0299926488785943 -9999 -9999 -9999 -9999 -9999 -9999 -9999 -9999 -9999 -9999 -9999 -9999 -9999 -9999 -9999 -9999 0.0299926488785943 0.0299926488785943 0.0299926488785943 0.0299926488785943
-9999 -9999 -9999 0.0300083509325402 0.0300083509325402 0.0300081099267247 0.0300083509325402 0.0300083509325402 0.0299960882309832 0.0299926488785943 0.0299926488785943 0.0299926488785943 0.0299926488785943 0.0299926488785943 0.0299960882309832 0.0299960882309832 0.0299926488785943 0.0299926488785943 0.0299926488785943 0.0299926488785943 0.0299926488785943 0.0299926488785943 0.0299926488785943 0.0299926488785943 0.0300256637393625 0.0300256637393625 0.0299926488785943 -9999 -9999 -9999 -9999 -9999 -9999 -9999 -9999 -9999 -9999 -9999 -9999 -9999 -9999 -9999 -9999 -9999 -9999 -9999 0.0299926488785943 0.0299926488785943
-9999 -9999 -9999 -9999 0.0300083509325402 0.0300083509325402 0.0299926488785943 0.0299960882309832 0.0299960882309832 0.0299926488785943 0.0299917733375423 0.0299926488785943 0.0299960882309832 0.0299960882309832 0.0299960882309832 0.0299960882309832 0.0299960882309832 0.0299960882309832 0.0299926488785943 0.0299926488785943 0.0299926488785943 0.0299960882309832 0.0299926488785943 0.0299926488785943 0.0299926488785943 -9999 -9999 -9999 -9999 -9999 -9999 -9999 -9999 -9999 -9999 -9999 -9999 -9999 -9999 -9999 -9999 -9999 -9999 -9999 -9999 -9999 -9999 -9999
-9999 -9999 -9999 -9999 0.0369729112792612 0.0300083509325402 0.0299926488785943 0.0299926488785943 0.0299960882309832 0.0299926488785943 0.0299926488785943 0.0299926488785943 0.0299926488785943 0.0299926488785943 0.0299926488785943 0.0299960882309832 0.0300455829123088 0.0299960882309832 0.0299960882309832 0.0299960882309832 0.0299960882309832 0.0299926488785943 0.0299926488785943 -9999 -9999 -9999 -9999 -9999 -9999 -9999 -9999 -9999 -9999 -9999 -9999 -9999 -9999 0.0299926488785943 0.0299926488785943 0.0299926488785943 -9999 -9999 -9999 -9999 -9999 -9999 -9999 -9999
-9999 -9999 -9999 0.0300083509325402 0.0300081099267247 0.0299926488785943 0.0299926488785943 0.0299960882309832 0.0299926488785943 0.0299926488785943 0.0299960882309832 0.0299926488785943 0.0299926488785943 0.0299926488785943 0.0299926488785943 0.0299917733375423 0.0299960882309832 0.0300455829123088 0.0299926488785943 0.0299960882309832 0.0299926488785943 0.0299926488785943 -9999 -9999 -9999 -9999 -9999 -9999 -9999 -9999 -9999 -9999 -9999 -9999 -9999 -9999 -9999 -9999 0.0299926488785943 0.0299926488785943 -9999 -9999 -9999 -9999 -9999 -9999 -9999 -9999
