Scripts_&_data/BRT_projection_files/BRT_SCV2/B_sporadicus_1_projection.asc
NCOLS 79 
NROWS 71 
XLLCORNER -10.5 
YLLCORNER 36 
CELLSIZE 0.5 
NODATA_value -9999 
[rows 42 to 62 of 71, columns 0 to 48 of 79]
-9999 -9999 -9999 -9999 -9999 -9999 -9999 -9999 -9999 -9999 0.038363932217597 -9999 -9999 0.038363932217597 -9999 -9999 -9999 -9999 -9999 -9999 -9999 -9999 -9999 -9999 0.038363932217597 0.038363932217597 0.038363932217597 0.038363932217597 0.038363932217597 0.038363932217597 0.038363932217597 0.038363932217597 0.038363932217597 0.038363932217597 0.038363932217597 0.038363932217597 0.038363932217597 0.038363932217597 0.038363932217597 0.038363932217597 0.038363932217597 0.038363932217597 0.038363932217597 0.038363932217597 0.038363932217597 0.038363932217597 0.038363932217597 0.038363932217597 0.038363932217597
-9999 -9999 -9999 -9999 -9999 -9999 -9999 -9999 -9999 -9999 -9999 -9999 -9999 -9999 -9999 -9999 -9999 -9999 -9999 -9999 -9999 -9999 0.038363932217597 0.038363932217597 0.038363932217597 0.038363932217597 0.038363932217597 0.038363932217597 0.038363932217597 0.038363932217597 0.038363932217597 0.038363932217597 0.038363932217597 0.038363932217597 0.038363932217597 0.038363932217597 0.038363932217597 0.038363932217597 0.038363932217597 0.038363932217597 0.038363932217597 0.038363932217597 0.038363932217597 0.038363932217597 0.038363932217597 0.038363932217597 0.038363932217597 0.038363932217597 0.038363932217597
-9999 -9999 -9999 -9999 -9999 -9999 -9999 -9999 -9999 -9999 -9999 -9999 -9999 -9999 -9999 -9999 -9999 -9999 0.038363932217597 0.038363932217597 0.038363932217597 0.038363932217597 0.038363932217597 0.038363932217597 0.038363932217597 0.038363932217597 0.038363932217597 0.038363932217597 0.038363932217597 0.038363932217597 0.038363932217597 0.038363932217597 0.038363932217597 0.038363932217597 0.038363932217597 0.038363932217597 0.0384500677691029 0.038363932217597 0.038363932217597 0.038363932217597 0.038363932217597 0.038363932217597 0.038363932217597 0.038363932217597 0.038363932217597 0.038363932217597 0.038363932217597 0.038363932217597 0.038363932217597
-9999 -9999 -9999 -9999 -9999 -9999 -9999 -9999 -9999 -9999 -9999 -9999 -9999 -9999 0.038363932217597 -9999 -9999 -9999 0.038363932217597 0.038363932217597 0.038363932217597 0.038363932217597 0.038363932217597 0.038363932217597 0.038363932217597 0.0385487089168587 0.038363932217597 0.038363932217597 0.038363932217597 0.038363932217597 0.038363932217597 0.038363932217597 0.038363932217597 0.038363932217597 0.038363932217597 0.038363932217597 0.038363932217597 0.038363932217597 0.038363932217597 0.0385488922883839 0.038363932217597 0.038363932217597 0.038363932217597 0.038363932217597 0.038363932217597 0.038363932217597 0.038363932217597 0.038363932217597 0.038363932217597
-9999 -9999 -9999 -9999 -9999 -9999 -9999 -9999 -9999 -9999 -9999 -9999 0.038363932217597 0.038363932217597 0.038363932217597 0.038363932217597 0.038363932217597 0.038363932217597 0.038363932217597 0.038363932217597 0.038363932217597 0.038363932217597 0.038363932217597 0.038363932217597 0.038363932217597 0.038363932217597 0.038363932217597 0.038363932217597 0.038363932217597 0.038363932217597 0.038363932217597 0.038363932217597 0.038363932217597 0.038363932217597 0.038363932217597 0.0383718491577133 0.038363932217597 0.038363932217597 0.038363932217597 0.038363932217597 0.038363932217597 0.038363932217597 0.038363932217597 0.038363932217597 0.038363932217597 0.038363932217597 0.038363932217597 0.038363932217597 0.038363932217597
-9999 -9999 -9999 -9999 -9999 -9999 -9999 -9999 -9999 -9999 -9999 -9999 -9999 -9999 0.038363932217597 0.038363932217597 0.038363932217597 0.038363932217597 0.038363932217597 0.038363932217597 0.038363932217597 0.038363932217597 0.038363932217597 0.038363932217597 0.038363932217597 0.038363932217597 0.038363932217597 0.038363932217597 0.038363932217597 0.038363932217597 0.038363932217597 0.038363932217597 0.038363932217597 0.038363932217597 0.038363932217597 0.038363932217597 0.038363932217597 0.038363932217597 0.038363932217597 0.038363932217597 0.038363932217597 0.038363932217597 0.038363932217597 0.038363932217597 0.038363932217597 0.038363932217597 0.0544379577415415 0.04632257004353 0.0495979417334978
-9999 -9999 -9999 -9999 -9999 -9999 -9999 -9999 -9999 -9999 -9999 -9999 -9999 -9999 -9999 -9999 -9999 0.038363932217597 0.038363932217597 0.038363932217597 0.038363932217597 0.038363932217597 0.038363932217597 0.038363932217597 0.038363932217597 0.038363932217597 0.038363932217597 0.038363932217597 0.038363932217597 0.038363932217597 0.038363932217597 0.038363932217597 0.038363932217597 0.038363932217597 0.038363932217597 0.038363932217597 0.038363932217597 0.038363932217597 0.038363932217597 0.038363932217597 0.0501173839591815 0.0597337656823241 0.0650003276363073 0.0620130812267127 0.0622336191570696 0.0614143027023154 0.0582427077899832 0.0606849057443311 0.0606905368153313
-9999 -9999 -9999 -9999 -9999 -9999 -9999 -9999 -9999 -9999 -9999 -9999 -9999 -9999 -9999 -9999 -9999 0.038363932217597 0.038363932217597 0.038363932217597 0.038363932217597 0.038363932217597 0.038363932217597 0.038363932217597 0.038363932217597 0.038363932217597 0.038363932217597 0.038363932217597 0.038363932217597 0.038363932217597 0.038363932217597 0.038363932217597 0.038363932217597 0.038363932217597 0.038363932217597 0.038363932217597 0.0499854606818426 0.0595124059129464 0.0581952774699572 0.0591695254453532 0.0596059343186877 0.0798028435338395 0.0762566116413459 0.0702575824073739 0.0695730428469633 0.0682335869527718 0.0603035037521584 0.0603058571274762 0.0626299335216834
-9999 -9999 -9999 -9999 -9999 -9999 -9999 -9999 -9999 -9999 -9999 -9999 -9999 -9999 -9999 -9999 -9999 -9999 -9999 0.038363932217597 0.038363932217597 0.038363932217597 0.038363932217597 0.038363932217597 0.038363932217597 0.038363932217597 0.038363932217597 0.038363932217597 0.038363932217597 0.038363932217597 0.038363932217597 0.038363932217597 0.038363932217597 0.038363932217597 0.038363932217597 0.0628693834817588 0.0660523893825638 0.0595942145503054 0.0593546423952696 0.0604793173758883 0.0585448532105386 0.0597588830621294 0.0604808698951049 0.0586045371488561 0.0590958115933553 0.0608801166711325 0.038363932217597 0.0383591259632826 0.374538961787914
-9999 -9999 -9999 -9999 -9999 -9999 -9999 -9999 -9999 -9999 -9999 -9999 -9999 -9999 -9999 -9999 -9999 -9999 -9999 0.038363932217597 0.038363932217597 0.038363932217597 0.038363932217597 0.038363932217597 0.038363932217597 0.038363932217597 0.038363932217597 0.038363932217597 0.038363932217597 0.038363932217597 0.038363932217597 0.038363932217597 0.038363932217597 0.038363870977409 0.0606587536545626 0.0692165329912147 0.069516454158744 0.038363932217597 0.0385453945217972 0.0385453945217972 0.038363932217597 0.038363932217597 0.038363932217597 0.038363932217597 0.038363932217597 0.0385465314920201 0.0413156633858466 -9999 0.0383591259632826
-9999 -9999 -9999 -9999 -9999 -9999 -9999 -9999 -9999 -9999 -9999 -9999 -9999 -9999 -9999 -9999 -9999 -9999 -9999 0.038363932217597 0.038363932217597 0.038363932217597 0.038363932217597 0.038363932217597 0.038363932217597 0.038363932217597 0.038363932217597 0.038363932217597 0.038363932217597 0.038363932217597 0.038363932217597 0.038363932217597 0.038363932217597 0.0619619124300809 0.0705454322669285 0.0588168983158128 0.038363932217597 0.0385618742029846 0.041739680793867 0.041739680793867 0.0394984691511941 0.0418236259271134 0.0395505274100851 0.0394999630906457 0.0394984691511941 -9999 -9999 -9999 0.0383591259632826
-9999 -9999 -9999 -9999 -9999 -9999 -9999 -9999 -9999 -9999 -9999 -9999 -9999 -9999 -9999 -9999 -9999 -9999 -9999 0.0385488922883839 0.038363932217597 0.038363932217597 0.038363932217597 0.038363932217597 0.038363932217597 0.038363932217597 0.038363932217597 0.038363932217597 0.038363932217597 0.038363932217597 0.038363932217597 0.038363932217597 0.0384586772697068 0.069881901096803 0.0679324779526283 0.038363932217597 0.038363932217597 0.038363932217597 0.0385618742029846 0.038363932217597 0.038363932217597 0.038363932217597 0.0385488922883839 0.0414834028065892 0.0418856244135913 0.0392450810667021 -9999 -9999 -9999
-9999 -9999 -9999 -9999 -9999 -9999 -9999 -9999 -9999 -9999 -9999 -9999 -9999 -9999 -9999 -9999 -9999 -9999 0.0422696601006659 0.038363932217597 0.038363932217597 0.038363932217597 0.038363932217597 0.038363932217597 0.038363932217597 0.038363932217597 0.038363932217597 0.038363932217597 0.038363870977409 0.038363932217597 0.038363932217597 0.038363932217597 0.038363932217597 0.038363932217597 0.055718064637121 0.038363870977409 0.038363932217597 0.0383698472361198 -9999 -9999 0.0393698783340626 0.038363870977409 0.038363932217597 0.038363932217597 0.038363932217597 0.0385488922883839 -9999 -9999 -9999
-9999 -9999 -9999 -9999 -9999 -9999 -9999 -9999 -9999 -9999 -9999 -9999 -9999 -9999 -9999 -9999 -9999 -9999 0.038363932217597 0.038363932217597 0.038363932217597 0.038363932217597 0.038363932217597 0.038363932217597 0.038363932217597 0.038363932217597 0.038363932217597 0.038363932217597 0.038363932217597 0.038363932217597 0.038363932217597 0.038363932217597 0.038363932217597 0.038363932217597 0.038363870977409 0.0384434173349787 -9999 -9999 -9999 -9999 -9999 -9999 0.038363932217597 0.038363932217597 0.038363932217597 0.038363932217597 0.038363932217597 -9999 -9999
-9999 -9999 -9999 0.0385499604417902 0.038363870977409 0.038363932217597 0.038363932217597 0.0385446620992937 0.0384238658875473 0.0383695788999162 0.0385977546258429 0.0385453559407805 0.038363870977409 0.038363870977409 0.038363870977409 0.038363870977409 0.038363870977409 0.0384506178953762 0.038363932217597 0.038363932217597 0.038363932217597 0.038363932217597 0.038363932217597 0.038363932217597 0.038363932217597 0.038363932217597 0.038363932217597 0.038363932217597 -9999 -9999 -9999 -9999 0.0385618500765467 0.0383698472361198 -9999 -9999 -9999 -9999 -9999 -9999 -9999 -9999 0.038363932217597 0.038363932217597 0.038363932217597 0.038363932217597 0.038363932217597 0.038363932217597 0.0419237037354015
-9999 -9999 -9999 0.038363870977409 0.038363932217597 0.038363932217597 0.038363932217597 0.0383698472361198 0.0383591259632826 0.038363932217597 0.038363932217597 0.038363932217597 0.038363932217597 0.038363932217597 0.038363932217597 0.038363932217597 0.038363932217597 0.038363932217597 0.038363932217597 0.038363932217597 0.038452448414903 0.0603865020017944 0.038363932217597 0.038363932217597 0.038363870977409 0.0383698472361198 0.038363932217597 -9999 -9999 -9999 -9999 -9999 -9999 -9999 -9999 -9999 -9999 -9999 -9999 -9999 -9999 -9999 -9999 0.038363932217597 0.038363932217597 0.038363932217597 0.038363932217597 0.038363932217597 0.0385488922883839
-9999 -9999 -9999 -9999 0.038363870977409 0.038363932217597 0.038363870977409 0.0383590647394445 0.038363932217597 0.038363932217597 0.038363932217597 0.038363932217597 0.038363932217597 0.038363932217597 0.038363932217597 0.038363932217597 0.038363932217597 0.038363932217597 0.038363932217597 0.038363932217597 0.038363932217597 0.038363932217597 0.038363932217597 0.0384566915819222 0.038363932217597 0.038363932217597 0.038363932217597 0.038363932217597 -9999 -9999 -9999 -9999 -9999 -9999 -9999 -9999 -9999 -9999 -9999 -9999 -9999 -9999 -9999 -9999 0.038363932217597 0.038363932217597 0.038363932217597 0.038363932217597 0.038363932217597
-9999 -9999 -9999 0.0385453945217972 0.0385400124706125 0.0385400124706125 0.038363932217597 0.038363932217597 0.038363932217597 0.038363932217597 0.038363932217597 0.038363932217597 0.038363932217597 0.038363932217597 0.038363932217597 0.038363932217597 0.038363932217597 0.038363932217597 0.038363932217597 0.038363932217597 0.038363932217597 0.038363932217597 0.038363932217597 0.038363932217597 0.038363932217597 0.038557791817674 0.0385488922883839 -9999 -9999 -9999 -9999 -9999 -9999 -9999 -9999 -9999 -9999 -9999 -9999 -9999 -9999 -9999 -9999 -9999 -9999 -9999 0.038363932217597 0.038363932217597 0.038363932217597
-9999 -9999 -9999 -9999 0.038363932217597 0.0385489931053442 0.038363932217597 0.038363932217597 0.038363932217597 0.038363932217597 0.038363932217597 0.038363932217597 0.038363932217597 0.038363932217597 0.038363932217597 0.038363932217597 0.038363932217597 0.038363932217597 0.038363932217597 0.038363932217597 0.038363932217597 0.038363932217597 0.038363932217597 0.038363932217597 0.038363932217597 -9999 -9999 -9999 -9999 -9999 -9999 -9999 -9999 -9999 -9999 -9999 -9999 -9999 -9999 -9999 -9999 -9999 -9999 -9999 -9999 -9999 -9999 -9999 0.038363932217597
-9999 -9999 -9999 -9999 0.0415751966587259 0.0385453945217972 0.038363932217597 0.038363932217597 0.038363932217597 0.038363932217597 0.038363932217597 0.038363932217597 0.038363932217597 0.038363932217597 0.038363932217597 0.038363932217597 0.0384242591208541 0.038363932217597 0.038363932217597 0.038363932217597 0.038363932217597 0.038363932217597 0.038363932217597 -9999 -9999 -9999 -9999 -9999 -9999 -9999 -9999 -9999 -9999 -9999 -9999 -9999 -9999 0.038363932217597 0.038363932217597 0.038363932217597 -9999 -9999 -9999 -9999 -9999 -9999 -9999 -9999 -9999
-9999 -9999 -9999 0.0385606610045267 0.0394713288961594 0.0393450303357014 0.038363932217597 0.038363932217597 0.038363932217597 0.038363932217597 0.038363932217597 0.038363932217597 0.038363932217597 0.038363932217597 0.038363932217597 0.038363932217597 0.038363932217597 0.0384299670433613 0.038363932217597 0.038363932217597 0.038363932217597 0.038363932217597 -9999 -9999 -9999 -9999 -9999 -9999 -9999 -9999 -9999 -9999 -9999 -9999 -9999 -9999 -9999 -9999 0.038363932217597 0.038363932217597 -9999 -9999 -9999 -9999 -9999 -9999 -9999 -9999 -9999
