Scripts_&_data/BRT_projection_files/BRT_SCV2/B_subterraneus_2_projection.asc
NCOLS 79 
NROWS 71 
XLLCORNER -10.5 
YLLCORNER 36 
CELLSIZE 0.5 
NODATA_value -9999 
[rows 44 to 65 of 71, columns 0 to 48 of 79]
-9999 -9999 -9999 -9999 -9999 -9999 -9999 -9999 -9999 -9999 -9999 -9999 -9999 -9999 -9999 -9999 -9999 -9999 0.125503925481987 0.131371601532995 0.137446210423207 0.123408468991826 0.136844265980108 0.13860061082064 0.136759032793833 0.138620357429936 0.137352891247974 0.136782206542695 0.136782585767668 0.137082478421965 0.136656841870656 0.136698109415723 0.136677039187444 0.138193140739068 0.138885067009234 0.138286234827087 0.14264662806226 0.142708890633989 0.140888564797099 0.140596614298085 0.192869225344992 0.249536502429877 0.256955874203346 0.217929644216883 0.215576186733221 0.233064734064646 0.200086968494947 0.170081938372163 0.301287276095808
-9999 -9999 -9999 -9999 -9999 -9999 -9999 -9999 -9999 -9999 -9999 -9999 -9999 -9999 0.136647286567336 -9999 -9999 -9999 0.125303787226561 0.120690339156316 0.126119347887028 0.125638704879685 0.13679176923392 0.136797886365922 0.138870198027452 0.143727089761246 0.141583202395853 0.136782206542695 0.136792148458893 0.135286733671107 0.136656841870656 0.13686042781263 0.136744294317047 0.138436608948638 0.136835132397641 0.137802053884501 0.140653900353584 0.134619130599328 0.142849455627643 0.144210391612602 0.177683233150897 0.213158834166215 0.217476495769813 0.213686526987825 0.24387244976965 0.262962693650902 0.240281947474903 0.24198525364537 0.168058682219648
-9999 -9999 -9999 -9999 -9999 -9999 -9999 -9999 -9999 -9999 -9999 -9999 0.125189368523253 0.117997126154804 0.120932009352141 0.125489284811713 0.125978697825699 0.128318954958876 0.119733082028611 0.120754535324849 0.124378650771817 0.131836788867953 0.131424918399899 0.136782585767668 0.136725494419881 0.136782585767668 0.137333382916183 0.136791933016886 0.13679176923392 0.136759032793833 0.136928768128184 0.136704367844699 0.136684468868274 0.137322821276773 0.132962652195154 0.133624630960682 0.140584856095937 0.158052994090891 0.218017891870657 0.213782921113839 0.256538254314596 0.202341025604316 0.197947304849105 0.16612942558183 0.238938594917958 0.188932542520699 0.191271602180095 0.160651803529173 0.135294632222941
-9999 -9999 -9999 -9999 -9999 -9999 -9999 -9999 -9999 -9999 -9999 -9999 -9999 -9999 0.131985455003669 0.126502159509253 0.124318522001973 0.124363680149207 0.12562042188988 0.124548328150344 0.126269809691871 0.137179746307613 0.131909208604223 0.136782585767668 0.139571408908981 0.136898966234887 0.136791553603611 0.136768594771756 0.136799184137014 0.136857415108149 0.136928768128184 0.136698109415723 0.136686604769949 0.131379418348683 0.152787969557634 0.13634952688104 0.142797942227611 0.149968813232045 0.138941844655056 0.138573281616086 0.132127514352268 0.136145520268633 0.145651786728963 0.153862361296978 0.170868214351945 0.174564935346747 0.172844034690005 0.175773455911096 0.171424732856697
-9999 -9999 -9999 -9999 -9999 -9999 -9999 -9999 -9999 -9999 -9999 -9999 -9999 -9999 -9999 -9999 -9999 0.127626459146071 0.126649948786266 0.132005858587282 0.137194469197123 0.136912964141478 0.138006332479639 0.13679176923392 0.136850810340868 0.136944963191237 0.131886359762756 0.136827622156214 0.137986791497917 0.133459556852002 0.136827622156214 0.137168233335226 0.129916074339574 0.130605608238973 0.154057983864282 0.131946688615446 0.132254054967185 0.126825189372107 0.151875706769159 0.132108719591266 0.176878441654614 0.137407735635167 0.139739343225795 0.143866665483348 0.155847832195629 0.155560865633956 0.137435844385993 0.14279039362635 0.151127934510677
-9999 -9999 -9999 -9999 -9999 -9999 -9999 -9999 -9999 -9999 -9999 -9999 -9999 -9999 -9999 -9999 -9999 0.136657576092375 0.12628202250268 0.125601682796423 0.126253264194526 0.136805709754921 0.136557910044862 0.126898866085986 0.131718931182069 0.126347010538727 0.129951646377923 0.136686820131669 0.131505252503406 0.136830933706945 0.136798466272004 0.130102953567992 0.130597433638736 0.170256147837407 0.137739820603101 0.154704189022633 0.158939875386994 0.149336236129512 0.134882740925166 0.135608037470068 0.135895189421025 0.195306516703538 0.201971710082731 0.198934229080969 0.213123574132349 0.195683941130442 0.139658331990341 0.14889145899977 0.172710278417053
-9999 -9999 -9999 -9999 -9999 -9999 -9999 -9999 -9999 -9999 -9999 -9999 -9999 -9999 -9999 -9999 -9999 -9999 -9999 0.131877157099366 0.135349468537259 0.131485327625139 0.126088118592417 0.127236143623613 0.127056530494714 0.124491301314633 0.12628644711902 0.131539151842159 0.126429384577284 0.132026905148178 0.137259875680165 0.130030027915103 0.156621405854915 0.134226488527884 0.161502939668585 0.213887234604124 0.21532201662098 0.143886922049856 0.172552852687155 0.148048899019919 0.136964939872438 0.139524511956983 0.170125639210245 0.35685482205573 0.14798208404663 0.152461527949513 0.152590770894542 0.155546730060531 0.149179798306545
-9999 -9999 -9999 -9999 -9999 -9999 -9999 -9999 -9999 -9999 -9999 -9999 -9999 -9999 -9999 -9999 -9999 -9999 -9999 0.136644029107588 0.135329435310336 0.136804097010595 0.131505802054589 0.130406242427289 0.132193859840171 0.138968916250527 0.162227564425078 0.138317183975347 0.181430309532821 0.126410620843838 0.138076538499209 0.134405601257089 0.130225077974552 0.158052074767967 0.147332591333325 0.207114090170389 0.249014730789767 0.132359570227136 0.13484145182475 0.135012970224127 0.133255106023249 0.155572112789115 0.171818787853811 0.204381536162437 0.133412283893094 0.134277725604502 0.133952936069906 -9999 0.131145354128826
-9999 -9999 -9999 -9999 -9999 -9999 -9999 -9999 -9999 -9999 -9999 -9999 -9999 -9999 -9999 -9999 -9999 -9999 -9999 0.136857415108149 0.131813934659144 0.136925524055621 0.136827925477235 0.136684468868274 0.131954493611675 0.132925891635793 0.153472087591668 0.157408275449361 0.13741226916515 0.138052323993064 0.1369987962364 0.130079880313441 0.133517923465839 0.249496667601262 0.258998688412334 0.333705103256182 0.14046538694157 0.139631709062355 0.142697677085452 0.141546546390285 0.138568183470427 0.141458327813896 0.142047477622601 0.142383180786092 0.14166200577321 -9999 -9999 -9999 0.135008045544789
-9999 -9999 -9999 -9999 -9999 -9999 -9999 -9999 -9999 -9999 -9999 -9999 -9999 -9999 -9999 -9999 -9999 -9999 -9999 0.142823656157431 0.130969852860383 0.135467353827004 0.136827622156214 0.137223085772677 0.126391797420501 0.129856749637913 0.130520672691055 0.234095232820784 0.156762277723639 0.151504251468039 0.132007579962717 0.161082416338113 0.251787597268777 0.257451328127437 0.313257735811164 0.253638796523008 0.138444588515432 0.137388082734123 0.139946382925853 0.135860119392607 0.137895942577328 0.138453422713618 0.142078988144446 0.141773006889822 0.137673206760139 0.140316540285934 -9999 -9999 -9999
-9999 -9999 -9999 -9999 -9999 -9999 -9999 -9999 -9999 -9999 -9999 -9999 -9999 -9999 -9999 -9999 -9999 -9999 0.14114068220062 0.139391505861296 0.140684072419966 0.136851189780709 0.131493253309257 0.130540203578392 0.12628644711902 0.126127505441866 0.127207933564455 0.129817526669618 0.155830082218825 0.130024325072781 0.137138400095866 0.136708181530014 0.136749447103858 0.24537882809569 0.308015283586809 0.153633481947383 0.133164360771313 0.138546261220048 -9999 -9999 0.132123407149671 0.156056916911056 0.156855548482376 0.140772653788469 0.137502368528161 0.141639083817373 -9999 -9999 -9999
-9999 -9999 -9999 -9999 -9999 -9999 -9999 -9999 -9999 -9999 -9999 -9999 -9999 -9999 -9999 -9999 -9999 -9999 0.132573520669694 0.131715118458075 0.136749374457957 0.126253616246765 0.131437965198264 0.138375557045595 0.136666645093689 0.138011112528045 0.129911102865918 0.129856749637913 0.133257662920084 0.139950728060207 0.138282509746393 0.13810295821356 0.136657506464606 0.139026774869242 0.133990598070775 0.131211748820975 -9999 -9999 -9999 -9999 -9999 -9999 0.141475326586445 0.140584856095937 0.141344957834702 0.136924098116397 0.140583361812633 -9999 -9999
-9999 -9999 -9999 0.132353903220782 0.133085027279322 0.129862958669214 0.132006388713747 0.121949168034734 0.164841163674452 0.189377573082403 0.163246246816677 0.261616275523309 0.146362879501664 0.137317692026705 0.144843109127037 0.131144551290768 0.127892205522525 0.133634351576175 0.129843394806921 0.129887444186348 0.130603282291146 0.13804899128124 0.131901973162751 0.136818054632544 0.135378461761474 0.136919190317526 0.136898966234887 0.140701690934754 -9999 -9999 -9999 -9999 0.142514124365282 0.140794384399916 -9999 -9999 -9999 -9999 -9999 -9999 -9999 -9999 0.13706117172921 0.137073347351452 0.137131816389116 0.139672847398662 0.136889398711217 0.13757236707754 0.143432197495675
-9999 -9999 -9999 0.130186737494838 0.129843394806921 0.132463757877622 0.139216029681789 0.140519918611118 0.250739313874996 0.1375944726653 0.136663990249513 0.137462955485316 0.135186735407941 0.131726100092336 0.136624667687712 0.137026583380216 0.136628746325821 0.13687975318175 0.129818082113273 0.150757148260759 0.365492633891946 0.112313342211226 0.375856543572638 0.14308696992834 0.199580072995584 0.140826219118479 0.140135253530807 -9999 -9999 -9999 -9999 -9999 -9999 -9999 -9999 -9999 -9999 -9999 -9999 -9999 -9999 -9999 -9999 0.136863465579855 0.136898966234887 0.136944963191237 0.137609499019113 0.224134999844297 0.141920944322668
-9999 -9999 -9999 -9999 0.129775012225613 0.138146866872744 0.132664260125741 0.15330189880897 0.136695410596517 0.121426555429244 0.122373219856366 0.129397336028466 0.125077987841657 0.124411909607807 0.265147027458811 0.267667772080897 0.131760189713339 0.122240647695826 0.130396127822675 0.134424676236462 0.136624667687712 0.136590080964975 0.129508981398571 0.139601867188927 0.234796306305139 0.460250353846418 0.137738142596701 0.132408850999372 -9999 -9999 -9999 -9999 -9999 -9999 -9999 -9999 -9999 -9999 -9999 -9999 -9999 -9999 -9999 -9999 0.136907594576976 0.138659518587073 0.139521737187293 0.137544422144754 0.136869484569222
-9999 -9999 -9999 0.131975684498455 0.132041894526857 0.131786180826317 0.136597453575853 0.136611004985979 0.139493739067639 0.12163157070511 0.130150855294304 0.1385671748049 0.125389940463516 0.12369336803046 0.125150759321995 0.137227412282923 0.121722138927055 0.125725110040294 0.132633852709816 0.147982090869734 0.130085837862716 0.124574034850259 0.122942693841394 0.121137893962492 0.137972382250041 0.144947547587197 0.154627521985887 -9999 -9999 -9999 -9999 -9999 -9999 -9999 -9999 -9999 -9999 -9999 -9999 -9999 -9999 -9999 -9999 -9999 -9999 -9999 0.140886866182497 0.138285758110061 0.138928544939647
-9999 -9999 -9999 -9999 0.131181610657995 0.140104969265092 0.138524965165939 0.138023291214975 0.119658090653108 0.121724826258867 0.124910061004037 0.127554773373627 0.129137843525572 0.121046884983557 0.144173735068565 0.120158769779334 0.101364875282419 0.125750982708227 0.125656975978473 0.130126094207946 0.133446150906082 0.120131808608011 0.134919196171106 0.133381022237577 0.147422558171496 -9999 -9999 -9999 -9999 -9999 -9999 -9999 -9999 -9999 -9999 -9999 -9999 -9999 -9999 -9999 -9999 -9999 -9999 -9999 -9999 -9999 -9999 -9999 0.139481533631316
-9999 -9999 -9999 -9999 0.133282239185669 0.135262066021221 0.138427577334839 0.127563957454096 0.119555219722215 0.121768645648344 0.119995141995761 0.119973899356829 0.122399731127551 0.150895097580529 0.12290438221936 0.130426868041135 0.121755175680785 0.138719782733054 0.120179683121985 0.118860732441249 0.138598809305467 0.138792605352424 0.133059119234902 -9999 -9999 -9999 -9999 -9999 -9999 -9999 -9999 -9999 -9999 -9999 -9999 -9999 -9999 0.136969990896709 0.131888259232909 0.136837496846547 -9999 -9999 -9999 -9999 -9999 -9999 -9999 -9999 -9999
-9999 -9999 -9999 0.137167075811808 0.141601888859641 0.138184056367317 0.136567874532249 0.129254677138534 0.137053961715796 0.128958174064568 0.126866110591399 0.12831988759109 0.122134723617688 0.147556418380831 0.144172034070041 0.122103343584819 0.12942315131597 0.171677830430805 0.140088150025253 0.144702677430413 0.140020827371352 0.129876887604428 -9999 -9999 -9999 -9999 -9999 -9999 -9999 -9999 -9999 -9999 -9999 -9999 -9999 -9999 -9999 -9999 0.125680908459073 0.136905605347622 -9999 -9999 -9999 -9999 -9999 -9999 -9999 -9999 -9999
-9999 -9999 -9999 0.157602670197573 0.139110992135376 0.139352588329723 0.129680815632025 0.120005928478955 0.130390341307079 0.129703886196603 0.126355464904799 0.124258237393211 0.122442800907558 0.131982868508051 0.133115986952525 0.122977306477098 0.121074996420697 0.123467542703523 0.138549617779765 0.142987214974654 0.148617670268324 -9999 -9999 -9999 -9999 -9999 -9999 -9999 -9999 -9999 -9999 -9999 -9999 -9999 -9999 -9999 -9999 -9999 0.136782585767668 0.137223085772677 -9999 -9999 -9999 -9999 -9999 -9999 -9999 -9999 -9999
-9999 -9999 0.136928546192788 0.122948843301351 0.128143088904573 0.119574440995974 0.119577999824229 0.125572502256853 0.127585440909696 0.119123316275784 0.120021967779321 0.122916434245706 0.136852591545407 0.120762984338573 0.128318059256008 0.125702743043133 0.124687100536998 0.12960485707312 0.132265264222927 0.144502912516341 -9999 -9999 -9999 -9999 -9999 -9999 -9999 -9999 -9999 -9999 -9999 -9999 -9999 -9999 -9999 -9999 -9999 -9999 0.136912964141478 0.140906948268284 -9999 -9999 -9999 -9999 -9999 -9999 -9999 -9999 -9999
-9999 -9999 0.147611476391884 0.135451362950734 0.119746912638256 0.11901149176161 0.119098615280794 0.121146518013042 0.120352991504986 0.119249771991182 0.12101470996169 0.119742890834194 0.119115224681431 0.121720994899284 0.124296602803508 0.120878854627665 0.123222847903101 0.132299449248347 0.130196550049282 0.132042247169177 0.139507796978113 -9999 -9999 -9999 -9999 -9999 -9999 -9999 -9999 -9999 -9999 -9999 -9999 -9999 -9999 -9999 -9999 -9999 -9999 -9999 -9999 -9999 -9999 -9999 -9999 -9999 -9999 -9999 -9999
