Scripts_&_data/BRT_projection_files/BRT_SCV2/B_sylvestris_2_projection.asc
NCOLS 79 
NROWS 71 
XLLCORNER -10.5 
YLLCORNER 36 
CELLSIZE 0.5 
NODATA_value -9999 
[rows 44 to 65 of 71, columns 0 to 48 of 79]
-9999 -9999 -9999 -9999 -9999 -9999 -9999 -9999 -9999 -9999 -9999 -9999 -9999 -9999 -9999 -9999 -9999 -9999 0.504849782039057 0.490131746248536 0.486932358126287 0.522230365650063 0.48506149738553 0.501660922268133 0.451558253919895 0.414607984637506 0.40693982356591 0.469093491903848 0.470890459854818 0.40003476742868 0.508700768029004 0.516414212829601 0.514909768245945 0.5303821627605 0.53732358227363 0.536847294992617 0.523079830044141 0.441523531384462 0.537492796679944 0.521602408760058 0.522699736140385 0.518964850972771 0.459900281964855 0.537476219846963 0.510044583887864 0.518452566463635 0.517115710533915 0.513247211636769 0.51346803313723
-9999 -9999 -9999 -9999 -9999 -9999 -9999 -9999 -9999 -9999 -9999 -9999 -9999 -9999 0.46653413363278 -9999 -9999 -9999 0.523982815748081 0.554875482091515 0.553815952585503 0.554183851117246 0.506769223092348 0.371487453094935 0.413318349712156 0.357312114865547 0.360022464813509 0.447979443614627 0.466192527874014 0.467750596180269 0.504285246261971 0.515986194803142 0.513981154885367 0.525623695464317 0.516122164622765 0.515468610407002 0.506503794584039 0.524050694333104 0.538081151444686 0.539567260677605 0.521174013804242 0.51910346790419 0.516979397478826 0.522786568721319 0.516031506628877 0.518835816291949 0.521474552790529 0.521993664264623 0.516847945534698
-9999 -9999 -9999 -9999 -9999 -9999 -9999 -9999 -9999 -9999 -9999 -9999 0.518104095634609 0.552703173872373 0.546113755939794 0.504316135829557 0.49757829573758 0.49581873737832 0.502154442108904 0.525998974760247 0.553088186465481 0.474435250595929 0.538971100444831 0.373899430574706 0.368243143624448 0.345231821748077 0.3580033297659 0.370138652715281 0.447991521249709 0.463892649648593 0.511629814611331 0.514878182558356 0.519307928021482 0.519346040357093 0.514240784769622 0.519082753945992 0.526491178332935 0.516220911714636 0.521762511268228 0.518977585629522 0.524354459952466 0.525741663541077 0.535306183451598 0.542075229154652 0.53903218473307 0.522179345910127 0.54793541498107 0.558107609019964 0.556713254798464
-9999 -9999 -9999 -9999 -9999 -9999 -9999 -9999 -9999 -9999 -9999 -9999 -9999 -9999 0.362505414539298 0.37219450882435 0.42827251345492 0.427855591084824 0.428776255527242 0.377794910991706 0.373289760663414 0.45849941755108 0.399094060624295 0.449582763989716 0.4094164500654 0.36836847509296 0.369491819097027 0.450581274854706 0.474894650527371 0.513791805728944 0.511213474792863 0.516339507813284 0.518704619028011 0.515567705578656 0.515550317036089 0.519894804047753 0.536876588165088 0.518725603902071 0.529588302613944 0.528261590482124 0.532285928959363 0.55818187380204 0.526769929822303 0.516743935575853 0.516752084099235 0.526476777051435 0.523652077562993 0.528303473180339 0.514702795337873
-9999 -9999 -9999 -9999 -9999 -9999 -9999 -9999 -9999 -9999 -9999 -9999 -9999 -9999 -9999 -9999 -9999 0.365460975278937 0.368195467383217 0.368044317481236 0.343883467146017 0.346414722436364 0.364949157490834 0.364585973184884 0.364422586503103 0.363588254748056 0.451109905369972 0.488685798298588 0.517610647801272 0.519446062722005 0.514257157062183 0.488206350624831 0.512884045843416 0.514573937226457 0.523727507681175 0.52768336718958 0.545692721674696 0.547209076668169 0.54718890665715 0.558205180642506 0.525865952313249 0.518524598511502 0.519269260109391 0.558105398818059 0.555045852437502 0.555045852437502 0.520253244851907 0.553449637044043 0.520531785500701
-9999 -9999 -9999 -9999 -9999 -9999 -9999 -9999 -9999 -9999 -9999 -9999 -9999 -9999 -9999 -9999 -9999 0.353778364716102 0.355819700771893 0.369940105908921 0.375463453521411 0.400196955866961 0.360935604059288 0.366167618502598 0.402339078422441 0.421110399418653 0.494370331668204 0.470918515745543 0.495433042367464 0.519950876483895 0.49147464354922 0.473626956195992 0.514527977649561 0.515223490654422 0.558685971199931 0.558628087553924 0.558222819507822 0.520457206289685 0.518861226090174 0.518658114633899 0.518735448836098 0.459961511322788 0.461135846414273 0.501679272027058 0.469420037738724 0.460152233463251 0.519120069148883 0.520486255653992 0.514629234747237
-9999 -9999 -9999 -9999 -9999 -9999 -9999 -9999 -9999 -9999 -9999 -9999 -9999 -9999 -9999 -9999 -9999 -9999 -9999 0.349194484059176 0.356703623420001 0.370591857465228 0.428303607744574 0.505082829285414 0.542452163404631 0.552878344726112 0.554285957947149 0.514590660124938 0.550995885172759 0.519435284839739 0.519940508615296 0.473946058902272 0.513949731187269 0.539060032584978 0.519426309391593 0.502476222834191 0.467628086670528 0.52002060193643 0.5183156010535 0.519962214607467 0.515095620399089 0.432799099123845 0.417064860864189 0.519675613996407 0.464972243942193 0.514348456203893 0.513788737194486 0.517258014008306 0.516342965251629
-9999 -9999 -9999 -9999 -9999 -9999 -9999 -9999 -9999 -9999 -9999 -9999 -9999 -9999 -9999 -9999 -9999 -9999 -9999 0.349481696613537 0.349147036097469 0.353926559678647 0.370130865298031 0.478328646167509 0.514800753751976 0.514540752227229 0.517584108845829 0.526106083425782 0.51387528163212 0.557286321013862 0.509029103921411 0.411588676046301 0.519990242204735 0.519384448716013 0.514459228518396 0.472498347247644 0.552080989796773 0.519765376977224 0.360215232320135 0.360306081852903 0.539070550885685 0.536695944773154 0.515461682198425 0.520528256528218 0.539123053972592 0.362396893349198 0.348470443344961 -9999 0.353592477314434
-9999 -9999 -9999 -9999 -9999 -9999 -9999 -9999 -9999 -9999 -9999 -9999 -9999 -9999 -9999 -9999 -9999 -9999 -9999 0.349670831232595 0.34958969640315 0.349644369783159 0.353938635768647 0.36160943980605 0.469472140700954 0.515416147234755 0.518720468685676 0.518922281540959 0.518854569089392 0.524932736808936 0.476993666016917 0.474446273204585 0.522353773133429 0.514663998646585 0.513818445680424 0.517895645698333 0.355324479558974 0.348463217659014 0.348633164053049 0.350407040395425 0.348654557053409 0.348470443344961 0.348903518755185 0.348633164053049 0.35043974234821 -9999 -9999 -9999 0.349037722298085
-9999 -9999 -9999 -9999 -9999 -9999 -9999 -9999 -9999 -9999 -9999 -9999 -9999 -9999 -9999 -9999 -9999 -9999 -9999 0.350619416053811 0.351431378191976 0.349624308202397 0.34961918910827 0.349542802266947 0.366179610457489 0.519023839913543 0.519325902118754 0.519687581566004 0.519189143950792 0.514657124650198 0.359045145344083 0.51334238663866 0.513477816892147 0.514546529188999 0.518882277102115 0.521857169742805 0.348491836345321 0.349577410660795 0.35327014350628 0.514505212842108 0.469131172395467 0.357590178303089 0.35043974234821 0.349889618521467 0.345015267864196 0.346469787683604 -9999 -9999 -9999
-9999 -9999 -9999 -9999 -9999 -9999 -9999 -9999 -9999 -9999 -9999 -9999 -9999 -9999 -9999 -9999 -9999 -9999 0.349202045213192 0.349015272922446 0.349046927701696 0.349470873313721 0.349459432376879 0.351389247897972 0.35421616484308 0.42883540718119 0.55342431011711 0.517825628640747 0.514830822804851 0.349037722298085 0.349273859479168 0.515980599173591 0.517794198352198 0.514149439141461 0.513983716023717 0.519978230405971 0.51945324753758 0.348984654841104 -9999 -9999 0.353498800549446 0.515972978828642 0.513841765962732 0.518535312444248 0.34966575658828 0.346135964587799 -9999 -9999 -9999
-9999 -9999 -9999 -9999 -9999 -9999 -9999 -9999 -9999 -9999 -9999 -9999 -9999 -9999 -9999 -9999 -9999 -9999 0.349037722298085 0.349552738943696 0.349559140149107 0.354096334799228 0.342259770352428 0.348985374563874 0.344727695197754 0.349622287086241 0.470657332347161 0.358558453009876 0.348946876364246 0.348946876364246 0.344854497155256 0.345729914914301 0.348993070431257 0.368680064154393 0.358136224333759 0.350664158509806 -9999 -9999 -9999 -9999 -9999 -9999 0.350703892200984 0.350619416053811 0.515069979797078 0.513095143065017 0.353188380169766 -9999 -9999
-9999 -9999 -9999 0.349037722298085 0.350642784653277 0.468834898965142 0.469952357012115 0.512610443856513 0.513537423657772 0.520971981834768 0.513919358351617 0.51479622375538 0.408521123514217 0.356906620821664 0.353020833636605 0.350733167947667 0.348984654841104 0.353634853933454 0.357433466041782 0.349037722298085 0.353459728975544 0.349472041467122 0.34958969640315 0.349574893019224 0.349608961550201 0.349248859638402 0.348993070431257 0.344747149441778 -9999 -9999 -9999 -9999 0.3491097761115 0.348984654841104 -9999 -9999 -9999 -9999 -9999 -9999 -9999 -9999 0.348993070431257 0.348987029032964 0.34881700785179 0.357686184634349 0.483252236916751 0.345798288452793 0.350595010518933
-9999 -9999 -9999 0.349006125125608 0.352926822118893 0.455145783111135 0.481601088355164 0.514459560453817 0.513310938052421 0.513150592775756 0.511898413547676 0.509676312584793 0.429871136623471 0.513368096387221 0.425415786412027 0.513972862479807 0.512800850556745 0.357937781571399 0.467945698982741 0.512376112514508 0.511305689010537 0.510308738322659 0.511186969551652 0.511633929047063 0.514639804497554 0.513881582666258 0.348962452349915 -9999 -9999 -9999 -9999 -9999 -9999 -9999 -9999 -9999 -9999 -9999 -9999 -9999 -9999 -9999 -9999 0.343099962977528 0.349136263139217 0.348767229163438 0.353437312374328 0.470235559716704 0.353261580264737
-9999 -9999 -9999 -9999 0.353031126265265 0.35792145420303 0.51397373304654 0.512765312276118 0.430870776059411 0.344199807908298 0.344199807908298 0.349210664148348 0.344375370771216 0.38240195868513 0.51060864310433 0.510779626652429 0.380803808762199 0.344199807908298 0.34522252545457 0.344661687703069 0.382062726472114 0.348740239014907 0.512458833867605 0.442390724244012 0.425187863524742 0.511936067814494 0.348701881459861 0.344127760862472 -9999 -9999 -9999 -9999 -9999 -9999 -9999 -9999 -9999 -9999 -9999 -9999 -9999 -9999 -9999 -9999 0.348988864466 0.348810369631698 0.348944210329693 0.517453846990419 0.517115585007776
-9999 -9999 -9999 0.348984654841104 0.41005612612974 0.512277751889759 0.360126772991887 0.357316901858796 0.347011030561197 0.34421073627122 0.344085337935826 0.346763127573383 0.346421311653319 0.38013515031639 0.37295937517365 0.377514920660234 0.388887540698323 0.347684464605343 0.344095971831849 0.348157650734728 0.344077230380436 0.344199807908298 0.344199807908298 0.344199807908298 0.347549871020742 0.353562174064755 0.351263191290434 -9999 -9999 -9999 -9999 -9999 -9999 -9999 -9999 -9999 -9999 -9999 -9999 -9999 -9999 -9999 -9999 -9999 -9999 -9999 0.350703892200984 0.348946876364246 0.349015272922446
-9999 -9999 -9999 -9999 0.350685685176036 0.360346166112709 0.347731285959218 0.347709557025735 0.34434090954039 0.344383793649304 0.344176308085791 0.344042275898093 0.344076236045754 0.389795478396147 0.425641529038696 0.367588110082792 0.389414580424662 0.376632569323553 0.344425615535538 0.344076786791954 0.346136276289165 0.344205626018005 0.345444399279016 0.344321225509478 0.34946980953101 -9999 -9999 -9999 -9999 -9999 -9999 -9999 -9999 -9999 -9999 -9999 -9999 -9999 -9999 -9999 -9999 -9999 -9999 -9999 -9999 -9999 -9999 -9999 0.349044085074451
-9999 -9999 -9999 -9999 0.349002450330141 0.349037722298085 0.348402363873715 0.346807229596145 0.342649744723105 0.344362080644991 0.382980612947503 0.383369802825819 0.396364576289523 0.388268689880838 0.344254529267122 0.344076236045754 0.379803477955556 0.414395336631711 0.410804413816134 0.413893578665727 0.347260137291411 0.347491691187034 0.344327124237592 -9999 -9999 -9999 -9999 -9999 -9999 -9999 -9999 -9999 -9999 -9999 -9999 -9999 -9999 0.345040180386095 0.349624308202397 0.34971237561804 -9999 -9999 -9999 -9999 -9999 -9999 -9999 -9999 -9999
-9999 -9999 -9999 0.349035836663206 0.348984654841104 0.348962468264646 0.348446998493249 0.35124815820309 0.348506684876866 0.496509152803141 0.496729865066686 0.360535688981305 0.344199807908298 0.349593005296601 0.346994291266422 0.344199807908298 0.344301476582909 0.420305854201441 0.386358251738885 0.426600564719392 0.347598600912658 0.344127760862472 -9999 -9999 -9999 -9999 -9999 -9999 -9999 -9999 -9999 -9999 -9999 -9999 -9999 -9999 -9999 -9999 0.354256027967087 0.349690108072494 -9999 -9999 -9999 -9999 -9999 -9999 -9999 -9999 -9999
-9999 -9999 -9999 0.34858869739672 0.348701881459861 0.348701881459861 0.347461943006853 0.34456270325307 0.351240670605157 0.351240670605157 0.349093351999773 0.344364862515599 0.344165385329883 0.344042826644293 0.344042826644293 0.344364448015308 0.344199807908298 0.347598600912658 0.347598600912658 0.347598600912658 0.35059005263345 -9999 -9999 -9999 -9999 -9999 -9999 -9999 -9999 -9999 -9999 -9999 -9999 -9999 -9999 -9999 -9999 -9999 0.349523678507375 0.34903458044909 -9999 -9999 -9999 -9999 -9999 -9999 -9999 -9999 -9999
-9999 -9999 0.342068179227388 0.34262676182389 0.344317887499521 0.343158933533072 0.34268411923423 0.345547835575534 0.345658432978112 0.34434090954039 0.342649744723105 0.343311311425077 0.346753034072325 0.344254529267122 0.344220106688707 0.344859516074411 0.344277183706824 0.344042275898093 0.346592774469312 0.347514520031304 -9999 -9999 -9999 -9999 -9999 -9999 -9999 -9999 -9999 -9999 -9999 -9999 -9999 -9999 -9999 -9999 -9999 -9999 0.344714668698902 0.348922798606546 -9999 -9999 -9999 -9999 -9999 -9999 -9999 -9999 -9999
-9999 -9999 0.350856909466412 0.346863878831273 0.344654592227145 0.34270079136773 0.344310141955991 0.344199807908298 0.344199807908298 0.344199807908298 0.344199807908298 0.344310141955991 0.344199807908298 0.344199807908298 0.344859516074411 0.344310141955991 0.344254529267122 0.344042826644293 0.344077230380436 0.344048726344991 0.348060512065889 -9999 -9999 -9999 -9999 -9999 -9999 -9999 -9999 -9999 -9999 -9999 -9999 -9999 -9999 -9999 -9999 -9999 -9999 -9999 -9999 -9999 -9999 -9999 -9999 -9999 -9999 -9999 -9999
