Scripts_&_data/BRT_projection_files/BRT_SCV2/B_sylvarum_1_projection.asc
NCOLS 79 
NROWS 71 
XLLCORNER -10.5 
YLLCORNER 36 
CELLSIZE 0.5 
NODATA_value -9999 
[rows 44 to 65 of 71, columns 0 to 48 of 79]
-9999 -9999 -9999 -9999 -9999 -9999 -9999 -9999 -9999 -9999 -9999 -9999 -9999 -9999 -9999 -9999 -9999 -9999 0.587646918511875 0.597389952455665 0.59062094678136 0.596904457587985 0.589100905924452 0.600633073965227 0.59980285922604 0.600920532100804 0.598737499761294 0.600084545903355 0.637803993415246 0.629114046560529 0.678927581345376 0.676852772954687 0.679591441488492 0.679538757722242 0.677806707711837 0.66396861680576 0.643042301011532 0.640657447011382 0.678189174619089 0.675760106804353 0.676592890241242 0.67605930970253 0.674363967640016 0.676052368061822 0.676109690602817 0.67586361577957 0.676955360290907 0.679963280553872 0.681769852252482
-9999 -9999 -9999 -9999 -9999 -9999 -9999 -9999 -9999 -9999 -9999 -9999 -9999 -9999 0.598747644364193 -9999 -9999 -9999 0.584161921502817 0.537441676371777 0.680633189888357 0.635373342087369 0.679612792203119 0.558909503835886 0.564331748021439 0.578658160108435 0.595904681908764 0.59902363291101 0.59929174902071 0.598457374768078 0.582357677343602 0.678974043454444 0.67708187487635 0.676091748709867 0.680177531059157 0.662045085458142 0.637272617028074 0.660345507654059 0.675758344094858 0.680169529490351 0.675986930964794 0.676210618811088 0.676183616147705 0.676334666359601 0.676325305360528 0.676160922601303 0.676305768861539 0.675471582523618 0.66618171211523
-9999 -9999 -9999 -9999 -9999 -9999 -9999 -9999 -9999 -9999 -9999 -9999 0.583432005930018 0.582698189779786 0.582488719554845 0.5994966688255 0.598975843940508 0.601445298572618 0.583620156866217 0.583368429126457 0.592110432421765 0.600225630497249 0.628812818461487 0.557709662010279 0.546253963875505 0.552222874229145 0.598943172193057 0.600402442499195 0.599447807760523 0.599845608699748 0.578181793680945 0.679313523690772 0.680010994186264 0.676911204945762 0.654707123233722 0.661284617407421 0.680168046146021 0.646147597938626 0.675726227118033 0.676389007165788 0.675893158600321 0.676506505134455 0.676289752876487 0.67630838060559 0.690486032632593 0.676579584807671 0.675744614782116 0.675659654803364 0.675918072560838
-9999 -9999 -9999 -9999 -9999 -9999 -9999 -9999 -9999 -9999 -9999 -9999 -9999 -9999 0.579794203066919 0.598982081484969 0.599313750804906 0.600672912166729 0.583720665820774 0.599502834081571 0.599860005577132 0.60075966363689 0.600710906847562 0.601053403207914 0.597882623552843 0.602839694616934 0.599684138345829 0.593932706006126 0.599882579362687 0.623473429953657 0.679988965488155 0.679727214436869 0.622714302274892 0.679250979455128 0.647446750392109 0.675801073333897 0.675219302646649 0.675925653761165 0.675130519863948 0.675789428517929 0.480082081169344 0.475776763225718 0.503627233941192 0.663332861311864 0.654534900926153 0.651094513918705 0.648497803845711 0.651307602204927 0.624552781359965
-9999 -9999 -9999 -9999 -9999 -9999 -9999 -9999 -9999 -9999 -9999 -9999 -9999 -9999 -9999 -9999 -9999 0.538461736027939 0.586343276772775 0.60089736071663 0.553171593434242 0.572165913868644 0.600618187708425 0.598421134678473 0.597721150693653 0.602294080770987 0.595843559506623 0.591317643401609 0.586178561853252 0.676448096020402 0.619352113496301 0.583210932339527 0.593285761092899 0.66240120481659 0.662343613216064 0.674775248388524 0.674847683339998 0.66307376951966 0.658962515615328 0.644995027905576 0.6416626671481 0.507940045201904 0.639379151736178 0.642989046212012 0.640616257048562 0.633793255719001 0.563751282979693 0.590120603718197 0.643309177367745
-9999 -9999 -9999 -9999 -9999 -9999 -9999 -9999 -9999 -9999 -9999 -9999 -9999 -9999 -9999 -9999 -9999 0.519573358555195 0.520329306225471 0.586377452543414 0.598071008356203 0.599651329400992 0.59847858130302 0.606857209852699 0.598221734821545 0.611727500011358 0.600283365153766 0.599183194485309 0.583693308128998 0.66424323416634 0.597250415762183 0.585067788739368 0.646084767121803 0.647258133716071 0.674849067776378 0.677694625496813 0.665682092428466 0.64516730059591 0.490459686133219 0.506790108612012 0.492972268674272 0.411415677181479 0.544564537076633 0.546350546864448 0.540361611868023 0.547765338180435 0.586816990543687 0.631622399466938 0.637598007555605
-9999 -9999 -9999 -9999 -9999 -9999 -9999 -9999 -9999 -9999 -9999 -9999 -9999 -9999 -9999 -9999 -9999 -9999 -9999 0.520321131675039 0.535305777012452 0.599815517466398 0.591456075695028 0.584227729937191 0.6134675551608 0.693062938151195 0.680609097939268 0.607844789640128 0.636354558776037 0.664743956200753 0.584884450790668 0.584322076198915 0.645870014132592 0.675315558840879 0.650525164874096 0.655300193864835 0.653783641271406 0.547267936759333 0.632808751021983 0.586002151840727 0.47476079782125 0.543273930408114 0.537523738108042 0.586445727532633 0.537790023122643 0.5672075299924 0.660290687016309 0.633518382122327 0.447019404340517
-9999 -9999 -9999 -9999 -9999 -9999 -9999 -9999 -9999 -9999 -9999 -9999 -9999 -9999 -9999 -9999 -9999 -9999 -9999 0.519959242615191 0.519574693375743 0.520112485476963 0.583418965779685 0.584955502398991 0.666262716155552 0.660146227662512 0.66306465218586 0.680094375669993 0.63922456743325 0.679606955451324 0.584566468894614 0.588126744113248 0.662403205906284 0.571169769842835 0.546374534496325 0.542968229895366 0.47215633823034 0.662552866350516 0.570511885167026 0.560793572571336 0.672507390904578 0.661336471281256 0.66415423295957 0.662551808496989 0.674967179432702 0.576850908701547 0.441028480457765 -9999 0.488723546208303
-9999 -9999 -9999 -9999 -9999 -9999 -9999 -9999 -9999 -9999 -9999 -9999 -9999 -9999 -9999 -9999 -9999 -9999 -9999 0.519439925304421 0.519056807428403 0.519861883838207 0.517171774507691 0.573119876052258 0.566693242330681 0.661744176856708 0.652888028980126 0.662934291741596 0.662976533342654 0.66302644632306 0.574558508271353 0.578317084869267 0.640891786505372 0.585768094559757 0.540971961694406 0.548763365246374 0.595766314183386 0.524495296835872 0.513590656873265 0.512909187104664 0.512955895388911 0.518484204915762 0.52915531536411 0.513773645336117 0.513830421795899 -9999 -9999 -9999 0.437387219310128
-9999 -9999 -9999 -9999 -9999 -9999 -9999 -9999 -9999 -9999 -9999 -9999 -9999 -9999 -9999 -9999 -9999 -9999 -9999 0.511630444012677 0.52055206450593 0.536719561547882 0.535361441307359 0.530853927531338 0.59607918285818 0.623461587081763 0.670477276868335 0.663694591055423 0.665646032229746 0.639535721370222 0.570734146570379 0.662550754689726 0.64108690541416 0.566872622629256 0.588738168570442 0.663467736036958 0.516731750892668 0.489005090783699 0.512716378818066 0.675934654753443 0.582257579148861 0.518880221122712 0.506702528107713 0.478211012200813 0.386852441577982 0.320419081324851 -9999 -9999 -9999
-9999 -9999 -9999 -9999 -9999 -9999 -9999 -9999 -9999 -9999 -9999 -9999 -9999 -9999 -9999 -9999 -9999 -9999 0.415099620219424 0.502479833078998 0.491442418652177 0.527456831901182 0.537025515616105 0.537047343201366 0.514445886553632 0.582146531032584 0.679533713400315 0.666516959726292 0.549496474412659 0.515070391814594 0.384540439491911 0.666802905710987 0.662185069243431 0.632204098157892 0.408036426631872 0.590395983566528 0.66263628941714 0.468919511779219 -9999 -9999 0.462231862583317 0.575279519304284 0.654184365065316 0.620563512711632 0.51329243223456 0.382521095443359 -9999 -9999 -9999
-9999 -9999 -9999 -9999 -9999 -9999 -9999 -9999 -9999 -9999 -9999 -9999 -9999 -9999 -9999 -9999 -9999 -9999 0.436781919808301 0.382077377942056 0.382319987218492 0.527418810915142 0.529964301614691 0.537832301192465 0.529797076089172 0.520096252985605 0.568893406548261 0.528652875813793 0.503809863998741 0.332658561710135 0.340153751917215 0.386853503217879 0.51393940699111 0.555167066140646 0.508548413979339 0.463337571547984 -9999 -9999 -9999 -9999 -9999 -9999 0.459280669591979 0.515246096479097 0.660651684379236 0.675995857053295 0.513841351709376 -9999 -9999
-9999 -9999 -9999 0.349032555379492 0.462651556840419 0.541037667740823 0.525410298305892 0.371196525484599 0.507673467125233 0.513224293758556 0.513115725260419 0.507086642303926 0.476439707404584 0.490959674816537 0.498420899055242 0.442822426358529 0.438091385277457 0.521842584546432 0.559814425360989 0.573546038379376 0.597711741392829 0.521006509477536 0.51902055764107 0.520518922139456 0.512882987839152 0.524450380907505 0.482247437812303 0.340680601407251 -9999 -9999 -9999 -9999 0.330471432468864 0.292543053252738 -9999 -9999 -9999 -9999 -9999 -9999 -9999 -9999 0.352840561676885 0.359870401462886 0.529384222475838 0.52280904143751 0.583761843478904 0.590630457269083 0.346143573016231
-9999 -9999 -9999 0.397639886340684 0.476305237542914 0.55214589249483 0.537700727154404 0.573884706092361 0.634318446470455 0.648336161391476 0.648490149586595 0.661739279181099 0.66702413954856 0.661877062597242 0.663106466525335 0.667285165789657 0.6611471761422 0.566684402751277 0.5818422128354 0.626574448461083 0.66292798774595 0.632225366548785 0.635897055273006 0.630118433074153 0.643923860554384 0.560264157685489 0.364926362652657 -9999 -9999 -9999 -9999 -9999 -9999 -9999 -9999 -9999 -9999 -9999 -9999 -9999 -9999 -9999 -9999 0.262496993246907 0.363492795472211 0.34400670770562 0.521933307836899 0.640899190087944 0.518722053374232
-9999 -9999 -9999 -9999 0.451558738133349 0.540603753005985 0.552590294312613 0.572171787836066 0.647757918489811 0.301140041410627 0.299676359122955 0.301635378616178 0.297749573178463 0.551060631831612 0.621251211743247 0.604409340868413 0.598133723599245 0.284509817706761 0.454615097862229 0.53053501160668 0.607490708991619 0.559866367550212 0.652579126593057 0.637401389265523 0.64745448101689 0.613823249220671 0.323438464442668 0.220576353351523 -9999 -9999 -9999 -9999 -9999 -9999 -9999 -9999 -9999 -9999 -9999 -9999 -9999 -9999 -9999 -9999 0.246369605559923 0.247064630401927 0.345389871046136 0.663438636791396 0.680120033153843
-9999 -9999 -9999 0.328210400136889 0.518269665361799 0.520693761596106 0.550993632150336 0.484209737753667 0.466800388073526 0.305999982481479 0.297750768984848 0.300732867773302 0.298662653579969 0.297519142739689 0.534827319301436 0.507039428894202 0.670218806813195 0.312790923199007 0.283077330417814 0.279470249060634 0.272317985484328 0.278545787858158 0.284012869273963 0.467433031195147 0.482276602018915 0.434462016175205 0.326901739612313 -9999 -9999 -9999 -9999 -9999 -9999 -9999 -9999 -9999 -9999 -9999 -9999 -9999 -9999 -9999 -9999 -9999 -9999 -9999 0.247161820396824 0.250511625622791 0.250601974263742
-9999 -9999 -9999 -9999 0.476304908455735 0.541797205623109 0.445301819770418 0.435506789555493 0.471009770996761 0.294322006316114 0.300796096481578 0.303693254765942 0.314364130267302 0.581865629290549 0.597371380054121 0.291760219873842 0.411264764771552 0.407687833230601 0.290764722575782 0.29560256782984 0.266676690449777 0.234947160704184 0.22077943904109 0.219394342755526 0.219541696263568 -9999 -9999 -9999 -9999 -9999 -9999 -9999 -9999 -9999 -9999 -9999 -9999 -9999 -9999 -9999 -9999 -9999 -9999 -9999 -9999 -9999 -9999 -9999 0.250141922015288
-9999 -9999 -9999 -9999 0.307644687212793 0.353452831923631 0.335324785130421 0.512773754151817 0.512470004852512 0.529406336326164 0.527245339761715 0.297029819906642 0.627795268916307 0.527912240086459 0.301186660533281 0.29180681653074 0.440676438333413 0.661059703642627 0.415721762117451 0.433753107215322 0.291564447298628 0.288350400705297 0.220894973917799 -9999 -9999 -9999 -9999 -9999 -9999 -9999 -9999 -9999 -9999 -9999 -9999 -9999 -9999 0.225685684729719 0.261800278300627 0.374815381435835 -9999 -9999 -9999 -9999 -9999 -9999 -9999 -9999 -9999
-9999 -9999 -9999 0.243132910813344 0.241708145116314 0.426343535256821 0.331510758549214 0.330931070608303 0.385478064004279 0.506137003141931 0.513985880164804 0.555843950493339 0.274388254106838 0.270786069204611 0.27871235370087 0.323669588723872 0.57854417470477 0.417572345358077 0.409499561036191 0.38615046350976 0.467975140529639 0.218680415212556 -9999 -9999 -9999 -9999 -9999 -9999 -9999 -9999 -9999 -9999 -9999 -9999 -9999 -9999 -9999 -9999 0.249614706907606 0.448114683184382 -9999 -9999 -9999 -9999 -9999 -9999 -9999 -9999 -9999
-9999 -9999 -9999 0.236495011825187 0.236270602601932 0.238240846151258 0.251589644460761 0.218994389911679 0.248586267102357 0.245220335409918 0.248555375448181 0.307020266347588 0.275100332082951 0.279316562328469 0.277405824363765 0.303602145119746 0.348065740715452 0.276831084488905 0.264455289745488 0.268047616503635 0.220564153479166 -9999 -9999 -9999 -9999 -9999 -9999 -9999 -9999 -9999 -9999 -9999 -9999 -9999 -9999 -9999 -9999 -9999 0.262827952194947 0.250603991316714 -9999 -9999 -9999 -9999 -9999 -9999 -9999 -9999 -9999
-9999 -9999 0.256567356706954 0.252261312922971 0.251365772534666 0.249320155050815 0.251148924422318 0.218144113156619 0.220064963236791 0.220290046743848 0.248042727599702 0.306004644364086 0.307090638060521 0.282545478977686 0.276019040414832 0.282582637322642 0.287638852871671 0.300506401394393 0.292880344000489 0.220607713180282 -9999 -9999 -9999 -9999 -9999 -9999 -9999 -9999 -9999 -9999 -9999 -9999 -9999 -9999 -9999 -9999 -9999 -9999 0.230927061775155 0.230105297692006 -9999 -9999 -9999 -9999 -9999 -9999 -9999 -9999 -9999
-9999 -9999 0.220036240462384 0.218853343646193 0.219004449807821 0.252109507767847 0.221226930193191 0.22356750696184 0.22384362493933 0.220856127741754 0.21927943234456 0.230806566685127 0.275140276135695 0.275050542405358 0.283880361180267 0.331434271846509 0.465430514233765 0.287157137401033 0.291159786018376 0.270561474798594 0.221144494483056 -9999 -9999 -9999 -9999 -9999 -9999 -9999 -9999 -9999 -9999 -9999 -9999 -9999 -9999 -9999 -9999 -9999 -9999 -9999 -9999 -9999 -9999 -9999 -9999 -9999 -9999 -9999 -9999
