Scripts_&_data/BRT_projection_files/BRT_SCV2/B_sylvarum_2_projection.asc
NCOLS 79 
NROWS 71 
XLLCORNER -10.5 
YLLCORNER 36 
CELLSIZE 0.5 
NODATA_value -9999 
[rows 44 to 65 of 71, columns 0 to 48 of 79]
-9999 -9999 -9999 -9999 -9999 -9999 -9999 -9999 -9999 -9999 -9999 -9999 -9999 -9999 -9999 -9999 -9999 -9999 0.380623192676692 0.38503007597229 0.389399106534958 0.394270980370677 0.392208637532971 0.393285491133812 0.383819022359791 0.384726218156747 0.384486984963033 0.385326650308046 0.385220284721709 0.381595514996357 0.382312331656333 0.387769447005789 0.386132072961628 0.389347146478579 0.398789039317975 0.395823080042059 0.435674030517934 0.458030935290445 0.449931602672836 0.440078195940308 0.42556148000654 0.425399800134707 0.42768679963919 0.478168946144123 0.425016831968708 0.426653822057474 0.433704931559685 0.431237554155935 0.425761550825411
-9999 -9999 -9999 -9999 -9999 -9999 -9999 -9999 -9999 -9999 -9999 -9999 -9999 -9999 0.378818344856052 -9999 -9999 -9999 0.382239673560695 0.377257805859107 0.394732149957153 0.394052832170262 0.386369217391727 0.380082084484613 0.382203720929797 0.42374269555768 0.418577379611397 0.37594902481086 0.379967124031766 0.380847818202808 0.381389946283437 0.387466873896065 0.387881754230248 0.394622699286419 0.394804882387649 0.394344194234009 0.447995785940316 0.416169704904817 0.45278764931377 0.458151904401335 0.449125433331727 0.426432172636627 0.425425170635212 0.426822705439867 0.425539856391203 0.424009553734324 0.423382963004643 0.415753068526495 0.428769366486375
-9999 -9999 -9999 -9999 -9999 -9999 -9999 -9999 -9999 -9999 -9999 -9999 0.383433742054418 0.374454258366524 0.373952200573322 0.381224331948126 0.375326195538201 0.376878376701303 0.370388392500399 0.374504744093255 0.375329767769006 0.385456657602767 0.38513655163497 0.380267437895619 0.373558062827915 0.377029440002279 0.38207616209614 0.37990275107128 0.380471513495938 0.385270163751554 0.3913615790406 0.387439752845799 0.387639125506264 0.395038529197948 0.402282650515365 0.414423151334485 0.44390661294839 0.424331285548429 0.419476388242348 0.425812781130165 0.419964338293793 0.42642231394542 0.427197390855348 0.427631907866533 0.428358217672464 0.425405971443577 0.417640129538707 0.410164499773094 0.347880738802027
-9999 -9999 -9999 -9999 -9999 -9999 -9999 -9999 -9999 -9999 -9999 -9999 -9999 -9999 0.360310657437384 0.365902812520475 0.370757146356769 0.374736540363684 0.375854775545613 0.371527495196602 0.38173739294036 0.386670050317263 0.380061973309869 0.380142339887268 0.41347899973582 0.385890643392434 0.381076201264558 0.380030161449677 0.389933927394722 0.390801666858803 0.39363368593791 0.387582371898725 0.387399492190059 0.387730574930722 0.419449065511808 0.417970465545744 0.441128586044261 0.407382772468955 0.389256256379707 0.38923745569772 0.408193102636214 0.406763458526332 0.407885309396974 0.403121707344224 0.421281581175358 0.420300691049652 0.412650055992758 0.421975175631625 0.40660106903562
-9999 -9999 -9999 -9999 -9999 -9999 -9999 -9999 -9999 -9999 -9999 -9999 -9999 -9999 -9999 -9999 -9999 0.381318637100104 0.377660506961036 0.376289303301785 0.378453547504819 0.383815345698842 0.378822396878948 0.37899889728252 0.382612153299862 0.385004935590183 0.381204753723103 0.393254349140241 0.393668479776284 0.393782207614419 0.39408248517068 0.385211886691808 0.387624502443801 0.386472265838714 0.403373213692125 0.388922961681835 0.389390370896171 0.404805105246843 0.40471481732356 0.390813150735311 0.420331974222642 0.326696186038399 0.38534787394467 0.416083777803873 0.413316603462795 0.404218709666677 0.374453805508967 0.405422270452055 0.411702693983904
-9999 -9999 -9999 -9999 -9999 -9999 -9999 -9999 -9999 -9999 -9999 -9999 -9999 -9999 -9999 -9999 -9999 0.362997410750285 0.359857651976482 0.366767219587014 0.369947574882682 0.371073344361331 0.366944023618419 0.373226661426178 0.377450026538807 0.376048322203964 0.390829339680427 0.392052827484141 0.393401454488427 0.388606535875912 0.394360666506411 0.392584515346506 0.383827994035781 0.407027824263959 0.408541082556929 0.418052715128038 0.419790059198072 0.396634606425312 0.332130804483709 0.343878561916982 0.343530055517229 0.387780199269484 0.39548570587247 0.422056729029666 0.394612883598768 0.388511390879031 0.40651897386759 0.411882957897841 0.421751321812838
-9999 -9999 -9999 -9999 -9999 -9999 -9999 -9999 -9999 -9999 -9999 -9999 -9999 -9999 -9999 -9999 -9999 -9999 -9999 0.359267761126024 0.362300774854851 0.36511432561588 0.378807568842757 0.391971801399964 0.393694140821825 0.391826653623264 0.394548256950247 0.394522561426731 0.393978140305558 0.394882704331699 0.394971019036229 0.394263820962463 0.408104866882112 0.411417236011565 0.403922990339877 0.395053508975927 0.393557864492111 0.393065047026218 0.40466239589096 0.406758798549957 0.383212214753786 0.383516225430685 0.391991555231594 0.54961690214853 0.383517561089039 0.437108577656795 0.404537067372218 0.413589752329225 0.429743622028621
-9999 -9999 -9999 -9999 -9999 -9999 -9999 -9999 -9999 -9999 -9999 -9999 -9999 -9999 -9999 -9999 -9999 -9999 -9999 0.372905516497367 0.361791505298157 0.3779412045682 0.386178125185238 0.392717325675112 0.396799414982158 0.425802623893131 0.413437938674033 0.394577178665914 0.443187113249113 0.388558159447724 0.389933436366207 0.387241797287263 0.38606932190132 0.423638554948502 0.411514330855279 0.393878317321448 0.437992390279503 0.402797499485438 0.364120633112162 0.367258452557257 0.41409236799182 0.407156840097224 0.425426649877646 0.417962947699178 0.41287246650994 0.373392187414766 0.360514987935534 -9999 0.35198912344251
-9999 -9999 -9999 -9999 -9999 -9999 -9999 -9999 -9999 -9999 -9999 -9999 -9999 -9999 -9999 -9999 -9999 -9999 -9999 0.382192977825495 0.382610203928151 0.382409476340023 0.382983980522004 0.363439123949408 0.382900389199982 0.397244976765838 0.397377004299191 0.42339797559605 0.386488578318829 0.386458147937034 0.380318127068941 0.392725221747647 0.403909828677912 0.434137295516943 0.426873812945533 0.444020736157506 0.364522226607293 0.38272799611664 0.378251876693283 0.394862474039877 0.358269324464496 0.385660501005618 0.360258877973686 0.38675691221368 0.393471346679034 -9999 -9999 -9999 0.360090743570532
-9999 -9999 -9999 -9999 -9999 -9999 -9999 -9999 -9999 -9999 -9999 -9999 -9999 -9999 -9999 -9999 -9999 -9999 -9999 0.410933474394068 0.382978940518958 0.382238381952379 0.381105269948336 0.380669814449567 0.382647717817076 0.388303725343499 0.386681542968049 0.411762928330534 0.404449348105622 0.410806124168359 0.359632033785205 0.428927997740033 0.517598311910146 0.513247723650901 0.4340022645923 0.418139591350395 0.359222916273427 0.360356107659329 0.377192242055684 0.411698156926311 0.380278504763247 0.378172854558346 0.379162978899188 0.391434228974835 0.358178209161398 0.3807767432394 -9999 -9999 -9999
-9999 -9999 -9999 -9999 -9999 -9999 -9999 -9999 -9999 -9999 -9999 -9999 -9999 -9999 -9999 -9999 -9999 -9999 0.39376885410738 0.387759132295537 0.391629145708697 0.380969052452572 0.374335576279406 0.378919499338043 0.382673388799126 0.373219603087168 0.387986454623718 0.387516096689642 0.400459213624139 0.354313162758031 0.360569962314452 0.386998572777497 0.384741244776533 0.41677677428725 0.428695354276661 0.401737591959954 0.392423152838004 0.373636223818381 -9999 -9999 0.356355813083938 0.430222965423811 0.421531797001291 0.428777844098638 0.381238822165935 0.399191778374705 -9999 -9999 -9999
-9999 -9999 -9999 -9999 -9999 -9999 -9999 -9999 -9999 -9999 -9999 -9999 -9999 -9999 -9999 -9999 -9999 -9999 0.353060183619848 0.359560222793621 0.376064678972131 0.359378073769639 0.357153289377485 0.378869781289266 0.375069021209604 0.383416101855421 0.37364696515148 0.359884991263916 0.361515926368811 0.374744057239758 0.373278419057638 0.360916861986866 0.358290254398726 0.363481042726831 0.359826356235244 0.363176577908017 -9999 -9999 -9999 -9999 -9999 -9999 0.382418533485564 0.41919516243266 0.434768319170286 0.394606431275702 0.375429049765235 -9999 -9999
-9999 -9999 -9999 0.341788330273001 0.356532303663449 0.374643816694098 0.379205869669195 0.38411421408364 0.399156150119447 0.385177193131997 0.396745597391043 0.399340024257045 0.371251234941182 0.352472013526329 0.351063101759315 0.356902355425192 0.35087681139314 0.347287413903113 0.354614224735183 0.360005592973397 0.379215376620503 0.383243995836432 0.379599286160975 0.382225278251525 0.382410186094606 0.383012522299693 0.382334221710082 0.401333983370104 -9999 -9999 -9999 -9999 0.405417206757707 0.386632472247297 -9999 -9999 -9999 -9999 -9999 -9999 -9999 -9999 0.381769369580636 0.382066092257829 0.360155592495823 0.386705340577551 0.394373524931692 0.380223139009869 0.381738909280694
-9999 -9999 -9999 0.351549988515787 0.352408374241007 0.367637461005099 0.402673250450815 0.409272791121529 0.430134037048487 0.388759423154072 0.386017320164851 0.381482845220233 0.387647589595989 0.382211388352122 0.386476438691659 0.387616822335386 0.387276127672407 0.357753262842711 0.3705318477821 0.402130912510178 0.418948312105625 0.336796174481751 0.424948113572976 0.419240947859917 0.422984021918441 0.424005406530248 0.405001797871395 -9999 -9999 -9999 -9999 -9999 -9999 -9999 -9999 -9999 -9999 -9999 -9999 -9999 -9999 -9999 -9999 0.369881764838102 0.381628720135682 0.381724731313066 0.377848515486884 0.462156883873471 0.409615572255057
-9999 -9999 -9999 -9999 0.351185648352427 0.354781906486303 0.37835959370041 0.39414283589681 0.385239474384571 0.360671631312436 0.350015837784928 0.357790112264163 0.349340485742387 0.372559547383244 0.380610990921517 0.387031606561748 0.382999245392469 0.361760514965765 0.351423313985639 0.348929115538015 0.375641151843443 0.350761958059751 0.379864533383169 0.421170715256029 0.415241317115135 0.454814660712152 0.350732249200724 0.33993194364586 -9999 -9999 -9999 -9999 -9999 -9999 -9999 -9999 -9999 -9999 -9999 -9999 -9999 -9999 -9999 -9999 0.364922021318916 0.371686938191881 0.409802866349472 0.386302711829361 0.394496254803917
-9999 -9999 -9999 0.34430963339195 0.358435097331231 0.39249848918633 0.35959463017132 0.355206095544543 0.353707251805474 0.351142249430831 0.348089451944689 0.352030619203852 0.356986688307351 0.362571050478931 0.370824381866351 0.369946278851267 0.381029067894584 0.350000549470744 0.356147257540476 0.388241658919415 0.353056221649303 0.356981130102226 0.360807460394386 0.359965504589828 0.353716108730102 0.390136849586583 0.371732905219276 -9999 -9999 -9999 -9999 -9999 -9999 -9999 -9999 -9999 -9999 -9999 -9999 -9999 -9999 -9999 -9999 -9999 -9999 -9999 0.380143606010598 0.353923645151883 0.357350081768479
-9999 -9999 -9999 -9999 0.360670528336705 0.362911955763375 0.350703649115704 0.345658570048422 0.332612470673273 0.34784377725894 0.346031987762637 0.348829304788375 0.346049601388871 0.377984324994971 0.277186590657109 0.362109395911014 0.318637202428082 0.375057735799723 0.350392185240934 0.355281596312635 0.378341277333282 0.353789151557477 0.343625076257456 0.342266265562323 0.373432150683256 -9999 -9999 -9999 -9999 -9999 -9999 -9999 -9999 -9999 -9999 -9999 -9999 -9999 -9999 -9999 -9999 -9999 -9999 -9999 -9999 -9999 -9999 -9999 0.368459634240717
-9999 -9999 -9999 -9999 0.349178956232134 0.358254091695712 0.352913739118922 0.348527119278502 0.333725901416315 0.358296312865168 0.365606758890888 0.371101562594484 0.382780389782638 0.370053665786761 0.35993989281323 0.35500311290892 0.228222544268448 0.3175744200202 0.380856284417052 0.318840029558887 0.34615485764528 0.339339829957718 0.362253392343863 -9999 -9999 -9999 -9999 -9999 -9999 -9999 -9999 -9999 -9999 -9999 -9999 -9999 -9999 0.348067607779234 0.370066419241418 0.381395456460438 -9999 -9999 -9999 -9999 -9999 -9999 -9999 -9999 -9999
-9999 -9999 -9999 0.346306134878949 0.357844007599537 0.350828151858188 0.352821001866148 0.348039219511755 0.351191599671944 0.366025037522434 0.370051606771703 0.35589960020601 0.348783024165432 0.34733469146869 0.34772273400339 0.347958508809277 0.347676607850108 0.231857230694677 0.377589768738676 0.317535839102937 0.348670804366843 0.340073654141371 -9999 -9999 -9999 -9999 -9999 -9999 -9999 -9999 -9999 -9999 -9999 -9999 -9999 -9999 -9999 -9999 0.370364351159721 0.381875308926306 -9999 -9999 -9999 -9999 -9999 -9999 -9999 -9999 -9999
-9999 -9999 -9999 0.345160354813952 0.361713016922491 0.361797011932335 0.344545748279106 0.32732033487299 0.345640095069808 0.345503210414039 0.340898752871845 0.347706461251491 0.343692947979463 0.345908467422091 0.345089638639712 0.35085690968682 0.346386903618285 0.298222733866056 0.34725590707378 0.34674340321314 0.375462344322949 -9999 -9999 -9999 -9999 -9999 -9999 -9999 -9999 -9999 -9999 -9999 -9999 -9999 -9999 -9999 -9999 -9999 0.370003376707168 0.373839463256972 -9999 -9999 -9999 -9999 -9999 -9999 -9999 -9999 -9999
-9999 -9999 0.346927680137544 0.346134546645802 0.344184917820529 0.340057932597407 0.342753760943252 0.340689993246947 0.34349585305222 0.331716566027792 0.339829240094898 0.29342453332617 0.346132667744239 0.346386111923585 0.341744330842785 0.349606025329094 0.346635455014121 0.345736003699435 0.349210858620455 0.343102641712657 -9999 -9999 -9999 -9999 -9999 -9999 -9999 -9999 -9999 -9999 -9999 -9999 -9999 -9999 -9999 -9999 -9999 -9999 0.370388862294718 0.395811448753005 -9999 -9999 -9999 -9999 -9999 -9999 -9999 -9999 -9999
-9999 -9999 0.376236484538641 0.3444405356433 0.341293409509653 0.342445899239674 0.341732877495174 0.350207149217071 0.35430211343819 0.34955582249234 0.322017012664602 0.341433200100068 0.345061845184725 0.327191662035006 0.346499263367586 0.325717995603542 0.345124951513896 0.359082789925977 0.348942566610348 0.342029588533608 0.370887213943868 -9999 -9999 -9999 -9999 -9999 -9999 -9999 -9999 -9999 -9999 -9999 -9999 -9999 -9999 -9999 -9999 -9999 -9999 -9999 -9999 -9999 -9999 -9999 -9999 -9999 -9999 -9999 -9999
