Scripts_&_data/BRT_projection_files/BRT_SCV2/B_terrestris_2_projection.asc
NCOLS 79 
NROWS 71 
XLLCORNER -10.5 
YLLCORNER 36 
CELLSIZE 0.5 
NODATA_value -9999 
[rows 44 to 65 of 71, columns 0 to 48 of 79]
-9999 -9999 -9999 -9999 -9999 -9999 -9999 -9999 -9999 -9999 -9999 -9999 -9999 -9999 -9999 -9999 -9999 -9999 0.818344777800314 0.807981994434018 0.841150870001231 0.827435195048685 0.765452119162377 0.841239392818269 0.732700140935991 0.835345647104349 0.762997196690992 0.731998236165506 0.72660431519394 0.766612963164042 0.724996749414553 0.73735065816957 0.736829079108973 0.840331011010923 0.841915069053232 0.842113966861666 0.843774938416067 0.842372925963706 0.84173379525729 0.841858501339202 0.76892570865631 0.779336251476675 0.842404602966399 0.841929614389844 0.707532595197575 0.837321030369457 0.708391574627728 0.633918024004977 0.713220628970924
-9999 -9999 -9999 -9999 -9999 -9999 -9999 -9999 -9999 -9999 -9999 -9999 -9999 -9999 0.755472073518128 -9999 -9999 -9999 0.818377964845363 0.817732691977919 0.817026424008334 0.815678681149075 0.726548695875575 0.754036183998071 0.839090252570359 0.839380816729338 0.834597222716917 0.724693237222374 0.722316725119436 0.80318049447488 0.70902692736725 0.733444772497897 0.73302970424144 0.842407647142323 0.786725840694848 0.761803161823391 0.841066625836983 0.84309346495536 0.841780107923338 0.847628346309871 0.841256381659958 0.842025839302412 0.769020749245169 0.842036292950673 0.76612169068187 0.836401895033802 0.774021988483034 0.764165639490221 0.708375089372826
-9999 -9999 -9999 -9999 -9999 -9999 -9999 -9999 -9999 -9999 -9999 -9999 0.826702390506831 0.813786138126484 0.813491536940655 0.8153091158731 0.8144873606012 0.8522376865054 0.830915352710775 0.815849095544306 0.813786138126484 0.825163877184683 0.805499475966582 0.721164640795665 0.721149259472103 0.727788066073559 0.764426240016233 0.72646146012394 0.722814024090739 0.725863671172435 0.731841788183635 0.733456672755184 0.738345930335316 0.705344539323564 0.696514136593021 0.772021263217104 0.841340681863801 0.77502688399026 0.839847188501824 0.841841400449491 0.840424186820667 0.842445687293209 0.842497333389524 0.842124407486177 0.841897115194578 0.826701139354436 0.827157047584461 0.831501888084682 0.830475687375437
-9999 -9999 -9999 -9999 -9999 -9999 -9999 -9999 -9999 -9999 -9999 -9999 -9999 -9999 0.76802949645331 0.831412869641188 0.815818999994746 0.815808076124827 0.815808076124827 0.8144873606012 0.809810031541254 0.807279783546559 0.802574376602572 0.728667642401544 0.771415058552323 0.732134581390531 0.745290061256015 0.728462855098277 0.726630616357637 0.731207498314817 0.696934228686816 0.736539773180966 0.749492534813497 0.736007505735957 0.765996014968565 0.839230309826397 0.810349182394532 0.772013701068161 0.840630425850122 0.841179452762054 0.851308493641581 0.835863960182921 0.82473636817114 0.766194575505297 0.76610473672029 0.839347676041893 0.769162569420217 0.850678060208137 0.743625786052762
-9999 -9999 -9999 -9999 -9999 -9999 -9999 -9999 -9999 -9999 -9999 -9999 -9999 -9999 -9999 -9999 -9999 0.85001620082299 0.827424378439126 0.850585791643316 0.774613219235176 0.741436603692089 0.835754885634406 0.74204275438176 0.73031601110621 0.711600463678609 0.802557291141971 0.69625759031383 0.693561594755972 0.689232963798159 0.7376446781724 0.759851022167212 0.7373903535767 0.741432222066474 0.770757558217837 0.839768340858243 0.846745058014855 0.850890687031685 0.846685334957516 0.830844376392348 0.836771039119734 0.727500150877497 0.7157309031199 0.814366379059814 0.80175004218826 0.798285665535109 0.757711353386847 0.78984429406187 0.762800595526589
-9999 -9999 -9999 -9999 -9999 -9999 -9999 -9999 -9999 -9999 -9999 -9999 -9999 -9999 -9999 -9999 -9999 0.804734680887593 0.808740956715481 0.813408201445746 0.812088646287005 0.755726036265983 0.801000846717717 0.802544959471827 0.804972251138201 0.806677985145881 0.807160919073575 0.805805904095195 0.80520103589534 0.756265204279574 0.775757466933427 0.804828647698399 0.735108824174852 0.743351760777446 0.851664899577416 0.851550032736458 0.830976508794851 0.783522888547826 0.754860525489298 0.704933077765752 0.757395717003772 0.632444608627006 0.647718822734143 0.744050210272586 0.668200085512992 0.614709801072163 0.750599095845561 0.734158899957787 0.731512273817012
-9999 -9999 -9999 -9999 -9999 -9999 -9999 -9999 -9999 -9999 -9999 -9999 -9999 -9999 -9999 -9999 -9999 -9999 -9999 0.802951136221956 0.802746752626069 0.803894845585762 0.810150617570064 0.814966394413842 0.805669460722877 0.809487569018731 0.816061192189457 0.807418732573107 0.808281070152908 0.780370593868942 0.765204773561838 0.74390494141973 0.73878962752167 0.838774044410858 0.765422184087287 0.745771715659314 0.658993971895548 0.769412232636829 0.737823710426251 0.775083394293849 0.708636673137951 0.66062820883004 0.597590318174016 0.832621571021199 0.69381863677241 0.740276313190215 0.736372121156979 0.760215006264711 0.732843311653892
-9999 -9999 -9999 -9999 -9999 -9999 -9999 -9999 -9999 -9999 -9999 -9999 -9999 -9999 -9999 -9999 -9999 -9999 -9999 0.804541828567113 0.802940498686973 0.748082993202312 0.783973971614474 0.767313520424676 0.72952996043447 0.684417940552571 0.695405250122999 0.842433956031714 0.691118955911064 0.830236550271707 0.839396464475688 0.836346134332599 0.76590817540504 0.83265589820782 0.731094401866528 0.74666810195972 0.780666606822524 0.837625533057032 0.834105504540578 0.835886909720192 0.838943226408627 0.839067524751161 0.76659051576486 0.839423742028809 0.837582890726812 0.825631698681524 0.83035970646297 -9999 0.827648846566471
-9999 -9999 -9999 -9999 -9999 -9999 -9999 -9999 -9999 -9999 -9999 -9999 -9999 -9999 -9999 -9999 -9999 -9999 -9999 0.740906890982038 0.804670502712119 0.751823963496922 0.705273861225439 0.740648140173134 0.736449636883208 0.743827216116999 0.735255460428538 0.769238280483049 0.739632761093281 0.839922180758827 0.772341201169287 0.763660736054024 0.837202467786522 0.72827973792077 0.700103559249894 0.743836515483973 0.833180399622376 0.737948479175942 0.823271627978551 0.830991504099931 0.831677986120559 0.828175019110916 0.829464920596707 0.823260697689252 0.823952939637524 -9999 -9999 -9999 0.71154827924093
-9999 -9999 -9999 -9999 -9999 -9999 -9999 -9999 -9999 -9999 -9999 -9999 -9999 -9999 -9999 -9999 -9999 -9999 -9999 0.841720077427058 0.825434005785595 0.806900995420206 0.73904957063948 0.696405029054099 0.813394087536431 0.74124421514499 0.731154385347664 0.798464260405406 0.73697688406757 0.740392566365187 0.769141781926011 0.729053051041471 0.734219254788998 0.738127660366282 0.712448104220282 0.806465244402537 0.829753079543216 0.831526724853977 0.831193866516594 0.736147702039038 0.736915234104366 0.833480570772121 0.832464264326994 0.832718922894521 0.828536920866448 0.738369740922532 -9999 -9999 -9999
-9999 -9999 -9999 -9999 -9999 -9999 -9999 -9999 -9999 -9999 -9999 -9999 -9999 -9999 -9999 -9999 -9999 -9999 0.752681347604484 0.685383046944861 0.688874471056836 0.740504820088782 0.805605640808063 0.809677737546787 0.809798138731642 0.812735201603506 0.811118665123479 0.73043045215494 0.743921121144411 0.740935160843802 0.768595851714987 0.73480174371751 0.7310482634032 0.736080974512862 0.748493612858124 0.733443268407432 0.705336930356282 0.764419625933638 -9999 -9999 0.785328921977494 0.762489089646499 0.700705704022737 0.841796560400146 0.759683446567652 0.836295770346091 -9999 -9999 -9999
-9999 -9999 -9999 -9999 -9999 -9999 -9999 -9999 -9999 -9999 -9999 -9999 -9999 -9999 -9999 -9999 -9999 -9999 0.739457625231824 0.734943088707512 0.80085931884708 0.807990476583189 0.801017465560037 0.83740332947362 0.823414886096525 0.786646463766943 0.731922370668786 0.739783495733886 0.835172137289019 0.838263951755406 0.838503871435668 0.836452638060195 0.741875858046935 0.737973547081799 0.775742488857585 0.828489108163897 -9999 -9999 -9999 -9999 -9999 -9999 0.834663926369115 0.834890405308266 0.699624052846449 0.701308695762487 0.831393666839324 -9999 -9999
-9999 -9999 -9999 0.714039870435039 0.821903439545765 0.721751262671324 0.71627544729212 0.724285707716617 0.718500242692174 0.814312293954668 0.720381826055733 0.73296435886292 0.724312243422226 0.708035757014052 0.807284919746664 0.818357382809932 0.765372710698497 0.813856436035603 0.729925774283392 0.736309898693585 0.770214903268307 0.741481686916635 0.805239690123152 0.746298572937632 0.806119824429799 0.702159169554139 0.701930308667185 0.773232501053938 -9999 -9999 -9999 -9999 0.839803256916322 0.77011857728883 -9999 -9999 -9999 -9999 -9999 -9999 -9999 -9999 0.701305584459441 0.702269703450352 0.742505081942611 0.766836711049783 0.739376220535372 0.762611436488371 0.772635560099273
-9999 -9999 -9999 0.753181245675027 0.717836686456991 0.782761499134037 0.710221558181068 0.731706684845897 0.716720454651072 0.724279222266908 0.70549212469515 0.700233431822216 0.787073115976373 0.770568358360493 0.732161282917753 0.748694591261052 0.701954393575332 0.807629909917725 0.704199006276677 0.706560955719917 0.737842153628296 0.705069842801495 0.727845677273691 0.666919912703536 0.703599128968375 0.685297807260618 0.771649851016461 -9999 -9999 -9999 -9999 -9999 -9999 -9999 -9999 -9999 -9999 -9999 -9999 -9999 -9999 -9999 -9999 0.737297415351896 0.738381773089975 0.722073669604522 0.771258138724699 0.685375658284788 0.832865377341294
-9999 -9999 -9999 -9999 0.731142337828785 0.744123802180784 0.71430903469682 0.711327581354776 0.711101270459057 0.792714728197502 0.79102714531956 0.774418580258561 0.763409874676301 0.784409222916626 0.719455833623225 0.719254033705896 0.791619444996615 0.790734089546817 0.789823329142706 0.712498525745405 0.722879474674331 0.710279645315904 0.782535707967664 0.709603714655467 0.717189596195757 0.715700717145653 0.71109025570809 0.710349635255796 -9999 -9999 -9999 -9999 -9999 -9999 -9999 -9999 -9999 -9999 -9999 -9999 -9999 -9999 -9999 -9999 0.742226140087734 0.836441500584847 0.786978712805442 0.741644615272337 0.702083844318665
-9999 -9999 -9999 0.767291890939681 0.763344310359161 0.701172375418562 0.70878315092776 0.701839594221414 0.723944897749132 0.785293785415259 0.771347775831111 0.809729558095845 0.778030790377183 0.79109423957179 0.789345123329958 0.721768830053491 0.801617466861588 0.794137445497963 0.677588056953442 0.801297782413828 0.716115605082541 0.77842438279252 0.799452273087979 0.793255747438678 0.811980492201453 0.823241607773322 0.820532907482377 -9999 -9999 -9999 -9999 -9999 -9999 -9999 -9999 -9999 -9999 -9999 -9999 -9999 -9999 -9999 -9999 -9999 -9999 -9999 0.838399683746859 0.835782059218161 0.741074606001142
-9999 -9999 -9999 -9999 0.834142239813273 0.739017755261655 0.721035388390842 0.726652346239739 0.800558774764282 0.799719202275319 0.788733103093776 0.773465151023397 0.788611650430968 0.800504422991283 0.620542010011471 0.800543339373841 0.800584212503476 0.790291096477819 0.790829773922392 0.698951435334656 0.714285783528714 0.800031988314632 0.784570830135754 0.811957830329447 0.811209385278322 -9999 -9999 -9999 -9999 -9999 -9999 -9999 -9999 -9999 -9999 -9999 -9999 -9999 -9999 -9999 -9999 -9999 -9999 -9999 -9999 -9999 -9999 -9999 0.766552898307001
-9999 -9999 -9999 -9999 0.784289841743965 0.736439585480249 0.714978428364798 0.802223080837688 0.800392673491689 0.803229633910384 0.801701167088221 0.795945981786756 0.828493098867548 0.826776940657969 0.800068773253184 0.789461574591276 0.560243482203452 0.788816776290964 0.800926204692653 0.792811273361114 0.789331943774583 0.790882277254638 0.710244087882812 -9999 -9999 -9999 -9999 -9999 -9999 -9999 -9999 -9999 -9999 -9999 -9999 -9999 -9999 0.741029530191465 0.808349538052196 0.6987484261194 -9999 -9999 -9999 -9999 -9999 -9999 -9999 -9999 -9999
-9999 -9999 -9999 0.763191140168312 0.763971016185309 0.716695443938442 0.765473232785126 0.795405996060889 0.790596101869879 0.802588398789667 0.80118605252736 0.80154239328882 0.803869573789654 0.811231095042139 0.813074076420822 0.790651291984051 0.789663466566183 0.560309040861881 0.738791022008612 0.720874670028195 0.717606202770327 0.711698906879303 -9999 -9999 -9999 -9999 -9999 -9999 -9999 -9999 -9999 -9999 -9999 -9999 -9999 -9999 -9999 -9999 0.816098791865358 0.698795692728237 -9999 -9999 -9999 -9999 -9999 -9999 -9999 -9999 -9999
-9999 -9999 -9999 0.812141201161969 0.710365278248093 0.713918207348352 0.802409548786125 0.80139673481958 0.802428950267255 0.795979728589582 0.794726882496862 0.786245030736847 0.782208812355679 0.678166852981033 0.681298877571543 0.764350222401744 0.790018268822346 0.724167304483591 0.723031464563319 0.732699839887206 0.811488371990957 -9999 -9999 -9999 -9999 -9999 -9999 -9999 -9999 -9999 -9999 -9999 -9999 -9999 -9999 -9999 -9999 -9999 0.754247273239015 0.693850705002518 -9999 -9999 -9999 -9999 -9999 -9999 -9999 -9999 -9999
-9999 -9999 0.769901202992752 0.805468250328925 0.787756995323434 0.801226351383617 0.796333375018016 0.802103581439022 0.793736727425475 0.796005562693908 0.80224058902263 0.737556517465904 0.724166659769787 0.778747823949396 0.770759189192081 0.758513213838071 0.780614518325548 0.768427459645631 0.79092738653623 0.798754986354669 -9999 -9999 -9999 -9999 -9999 -9999 -9999 -9999 -9999 -9999 -9999 -9999 -9999 -9999 -9999 -9999 -9999 -9999 0.710153835630131 0.838085581992071 -9999 -9999 -9999 -9999 -9999 -9999 -9999 -9999 -9999
-9999 -9999 0.811178650873744 0.801638252440624 0.802409019422039 0.795894515930473 0.794523046543215 0.803552639546406 0.792856221470043 0.795751702806171 0.801416798824594 0.798753850136199 0.791306192923726 0.781951949658793 0.756304610936567 0.790465124411516 0.792070795730035 0.683177754271864 0.676315232866818 0.70269139325491 0.797064405724698 -9999 -9999 -9999 -9999 -9999 -9999 -9999 -9999 -9999 -9999 -9999 -9999 -9999 -9999 -9999 -9999 -9999 -9999 -9999 -9999 -9999 -9999 -9999 -9999 -9999 -9999 -9999 -9999
