Scripts_&_data/BRT_projection_files/BRT_SCV2/B_vestalis_2_projection.asc
NCOLS 79 
NROWS 71 
XLLCORNER -10.5 
YLLCORNER 36 
CELLSIZE 0.5 
NODATA_value -9999 
[rows 44 to 65 of 71, columns 0 to 48 of 79]
-9999 -9999 -9999 -9999 -9999 -9999 -9999 -9999 -9999 -9999 -9999 -9999 -9999 -9999 -9999 -9999 -9999 -9999 0.383414654074969 0.400929740507312 0.406001509331053 0.421797824930107 0.397264980437735 0.472798949623655 0.387814386116076 0.401160866393203 0.323931204115009 0.390538043788511 0.398109304138041 0.423317290560099 0.220096270807271 0.24359460478361 0.321261841827094 0.480985846714251 0.449577209292043 0.439219266425385 0.261919925526706 0.339648394681948 0.421963516822335 0.402830298876793 0.389010037483996 0.408783656612432 0.497020317527594 0.45548204628254 0.291819942951243 0.334140536439647 0.318890740302981 0.310725607234206 0.383982549354387
-9999 -9999 -9999 -9999 -9999 -9999 -9999 -9999 -9999 -9999 -9999 -9999 -9999 -9999 0.390654450586738 -9999 -9999 -9999 0.430033168205363 0.478775924786175 0.462136926553507 0.441398286194549 0.430903492892168 0.363355658694332 0.494579333275848 0.364251895903724 0.486033306879053 0.377582740005743 0.393363069289243 0.436203407032231 0.309314950853324 0.224274262193789 0.307330865257153 0.563772289897427 0.450611679816287 0.32335224784456 0.419286896328283 0.292097297964404 0.397016200615247 0.328872660430421 0.371918004057737 0.402202482940157 0.403603337288358 0.407040772602127 0.383032919512276 0.436781518907764 0.400317326064216 0.294342445432286 0.300518963227496
-9999 -9999 -9999 -9999 -9999 -9999 -9999 -9999 -9999 -9999 -9999 -9999 0.424892747873658 0.44463501426577 0.309467783004287 0.407681811483456 0.396414403509469 0.491881318881045 0.412633649977919 0.411845821728805 0.465063047973582 0.417176767348874 0.461710161910589 0.395346987367587 0.374737653339069 0.352224739718711 0.316673852096568 0.365087618251155 0.369150619297139 0.37356304343855 0.28857359445974 0.223357410733374 0.31822464295623 0.428725803479264 0.282917820639712 0.292651091496188 0.412332047654661 0.209446186279649 0.426688679706109 0.332129550823424 0.427623674132152 0.457701009412296 0.550002240787749 0.62362077195988 0.56288234070184 0.442949870423023 0.314741945010064 0.313524120716598 0.310611570417569
-9999 -9999 -9999 -9999 -9999 -9999 -9999 -9999 -9999 -9999 -9999 -9999 -9999 -9999 0.365890400324921 0.387321044116124 0.414258793641824 0.40603895779671 0.41988551188881 0.392846465078001 0.403926692576973 0.388858994207856 0.402925167245288 0.372701357977423 0.310872854790155 0.283323760047255 0.383840372729257 0.382019813157168 0.375674854833173 0.298877912216303 0.281764759850476 0.22469308318835 0.222669056161909 0.307836617102867 0.221822789977838 0.386899275322073 0.439150245964063 0.249488522675213 0.554351897967352 0.469335607380342 0.457905684233449 0.314832305670827 0.284586577329999 0.225658250801811 0.260887636977828 0.253936591623626 0.245314317395647 0.261615216338634 0.183470029198496
-9999 -9999 -9999 -9999 -9999 -9999 -9999 -9999 -9999 -9999 -9999 -9999 -9999 -9999 -9999 -9999 -9999 0.487742641242465 0.403749662583452 0.428657349147804 0.364284449594425 0.347128884188148 0.441949325609312 0.362834969349071 0.268041435173012 0.274343321698099 0.300127916514156 0.360804784751802 0.294424405620564 0.294109779341964 0.399991828704572 0.309246791213017 0.306592407925627 0.276260193719009 0.283179794139493 0.457315011190825 0.65943498706386 0.647656965378707 0.628828640476125 0.271853510277435 0.347995062220901 0.178927256739734 0.254206483280401 0.253373909882353 0.254582973775942 0.178612321026433 0.190478776563732 0.250483199134834 0.182164337380845
-9999 -9999 -9999 -9999 -9999 -9999 -9999 -9999 -9999 -9999 -9999 -9999 -9999 -9999 -9999 -9999 -9999 0.340224209758906 0.326251713983986 0.383016013301818 0.39151262235843 0.376092749562553 0.369356868974183 0.252135983772995 0.413971080227719 0.27159166254026 0.279062893398184 0.397172240986431 0.283001822810062 0.321041166449279 0.381021044828982 0.40392018749271 0.234548471823733 0.262801913307727 0.531429085168427 0.411681613189301 0.253712272273568 0.257242172126926 0.179567156536636 0.179963049199221 0.252801187692944 0.180978882842754 0.181847597019715 0.254369293506154 0.256837639832724 0.179410605901432 0.180456772990462 0.183629575260618 0.182513218571589
-9999 -9999 -9999 -9999 -9999 -9999 -9999 -9999 -9999 -9999 -9999 -9999 -9999 -9999 -9999 -9999 -9999 -9999 -9999 0.320381817540657 0.331347049860734 0.386278230383396 0.284998303230579 0.28446689830007 0.329194796097361 0.309690136586697 0.453165086189144 0.444027252089186 0.356086513154454 0.450473566440513 0.415249693716007 0.386531036536393 0.224212053148363 0.539982425706036 0.211044884538342 0.257036314780366 0.256276944241728 0.254229543243067 0.249289740135832 0.25657485462199 0.254649629867311 0.254510099513832 0.180178681702212 0.20925692997477 0.244983944970516 0.173911157040553 0.285218382358809 0.260988352720089 0.115694940289182
-9999 -9999 -9999 -9999 -9999 -9999 -9999 -9999 -9999 -9999 -9999 -9999 -9999 -9999 -9999 -9999 -9999 -9999 -9999 0.33978428096442 0.326690124336238 0.329765703698341 0.378570039825368 0.387002866392181 0.202085906890725 0.238286801515886 0.222563782270956 0.468486079434464 0.28015472438097 0.330203687443492 0.576425591223733 0.405924426470139 0.308712648085053 0.255789444819728 0.245050583724773 0.256589798554302 0.250317835186311 0.283769833245542 0.358399776787305 0.34019388657536 0.527804989119998 0.442383634000875 0.196963884644724 0.314198231295396 0.548073270009051 0.433768652827043 0.272398210168462 -9999 0.307163476053392
-9999 -9999 -9999 -9999 -9999 -9999 -9999 -9999 -9999 -9999 -9999 -9999 -9999 -9999 -9999 -9999 -9999 -9999 -9999 0.318445962247027 0.340976051233639 0.320877965539324 0.313954410748793 0.283987192569982 0.223159202889253 0.203109507136165 0.194465966628599 0.410536149506834 0.290310580519515 0.322307226435749 0.298471164705625 0.370627352821247 0.385504160440934 0.162870105884134 0.184133409699501 0.254279216859434 0.440190031979764 0.226026764795752 0.282282122767957 0.405962183766439 0.305757265475622 0.278580963713736 0.319098799703041 0.293049990630222 0.392627575112473 -9999 -9999 -9999 0.212456913939243
-9999 -9999 -9999 -9999 -9999 -9999 -9999 -9999 -9999 -9999 -9999 -9999 -9999 -9999 -9999 -9999 -9999 -9999 -9999 0.262417958598565 0.324078148873969 0.329623630256028 0.241036980397217 0.227011728655745 0.273528347717389 0.32158005561116 0.222512219515962 0.201226685294671 0.193212224409665 0.224089771367811 0.249952115596019 0.196007823692257 0.145126413570631 0.14436954202811 0.184146149125626 0.304897870791676 0.265567944355865 0.273121568467911 0.26110806926961 0.242499204308519 0.234063710389402 0.315045544365176 0.404559901330763 0.349376160008649 0.249449561329252 0.240897383588888 -9999 -9999 -9999
-9999 -9999 -9999 -9999 -9999 -9999 -9999 -9999 -9999 -9999 -9999 -9999 -9999 -9999 -9999 -9999 -9999 -9999 0.181449582313678 0.222603371985185 0.207239534257965 0.307776022077315 0.333193353957496 0.331712707587207 0.230151323003842 0.304946464130684 0.329455649763958 0.224979714139236 0.180445896991297 0.214351022083937 0.263694944323416 0.303332534038023 0.213403946340203 0.175008200961581 0.163167891917733 0.195941634663312 0.383152206766759 0.216615068859984 -9999 -9999 0.191115404966627 0.278934025064488 0.289504137748776 0.375324350442146 0.282011216201576 0.31150901189358 -9999 -9999 -9999
-9999 -9999 -9999 -9999 -9999 -9999 -9999 -9999 -9999 -9999 -9999 -9999 -9999 -9999 -9999 -9999 -9999 -9999 0.205506682943762 0.254521746342363 0.330849719932439 0.226707265098747 0.304334823253208 0.478096633735659 0.330435533232311 0.328612854878961 0.213694843102795 0.259873257468869 0.289596991355338 0.289789538029598 0.326362452094091 0.338251698095537 0.248138897394314 0.19838398411536 0.234807271227791 0.314727451371345 -9999 -9999 -9999 -9999 -9999 -9999 0.411610292186294 0.363239758777361 0.271075140528616 0.387982202877829 0.300586739651786 -9999 -9999
-9999 -9999 -9999 0.200178978263995 0.366217342714637 0.214159586351384 0.187764416793273 0.193827352819345 0.264620426084399 0.401673983321318 0.261030987363215 0.242160833773496 0.29858141723838 0.304663896992257 0.281265283396048 0.393045919972151 0.223759250406192 0.271443263927409 0.257015754643123 0.25708844064373 0.312791895262627 0.312654656782129 0.340360213314245 0.320369125065126 0.332206196879963 0.31142735922318 0.304102694109174 0.278878069457854 -9999 -9999 -9999 -9999 0.252209793154262 0.256300283818421 -9999 -9999 -9999 -9999 -9999 -9999 -9999 -9999 0.256762696144909 0.256722394497804 0.222457027422153 0.243229169346706 0.363930303435276 0.279740576327074 0.245606092140286
-9999 -9999 -9999 0.217627993195511 0.23632040882694 0.281557890251242 0.187786940962993 0.223906907510477 0.18708911418092 0.232899919405178 0.210608557961602 0.199872139720561 0.214000469537312 0.210040462613521 0.209881028579295 0.299812586191324 0.214678108914345 0.275277878800741 0.20261020568253 0.191431562130855 0.190042891787859 0.171074916892747 0.196159280762801 0.248750795023425 0.264931780227195 0.24315069359884 0.264323218733075 -9999 -9999 -9999 -9999 -9999 -9999 -9999 -9999 -9999 -9999 -9999 -9999 -9999 -9999 -9999 -9999 0.30807881162093 0.304616360681993 0.257875076131791 0.273820984434572 0.241388820412281 0.302189619574702
-9999 -9999 -9999 -9999 0.244512327080527 0.213105628551365 0.196749897183542 0.191721242334522 0.194729014857776 0.300919836863119 0.215298024668721 0.352829621188294 0.21033556832537 0.376075794929001 0.265848348754682 0.266948888475525 0.285005562997873 0.300617179108144 0.183373765571802 0.183025242273442 0.200334538281764 0.18535586379198 0.211712060644943 0.194720329442948 0.187830195274549 0.281245031350068 0.252455542065491 0.23589652219189 -9999 -9999 -9999 -9999 -9999 -9999 -9999 -9999 -9999 -9999 -9999 -9999 -9999 -9999 -9999 -9999 0.267435473432073 0.319689231711105 0.28271076184071 0.284212853737349 0.3876027072665
-9999 -9999 -9999 0.219535982223006 0.228638753123443 0.194990665001913 0.265254459020048 0.190448377318857 0.216660250811931 0.296129068431537 0.211855778713639 0.362180878634238 0.249211532091008 0.258838531584264 0.255597109661607 0.244984604983919 0.262683429103285 0.238986547506772 0.238716989252329 0.311744256253831 0.214982850961801 0.217683312703903 0.299627876829586 0.301017163266823 0.364637849300427 0.350945364987759 0.255279303660624 -9999 -9999 -9999 -9999 -9999 -9999 -9999 -9999 -9999 -9999 -9999 -9999 -9999 -9999 -9999 -9999 -9999 -9999 -9999 0.44523701590216 0.255782071440745 0.224988659320243
-9999 -9999 -9999 -9999 0.436102849433908 0.218345669579363 0.218708367142469 0.216238766257068 0.218797582833373 0.220221273751511 0.210009455686487 0.288363337915773 0.214600924580148 0.261616986524142 0.278479723921228 0.257536489284118 0.261844442878418 0.260753611916305 0.239577193188305 0.212422322619518 0.213395816549309 0.214441558275336 0.217276269422653 0.287626834857009 0.396505917399905 -9999 -9999 -9999 -9999 -9999 -9999 -9999 -9999 -9999 -9999 -9999 -9999 -9999 -9999 -9999 -9999 -9999 -9999 -9999 -9999 -9999 -9999 -9999 0.284968214362827
-9999 -9999 -9999 -9999 0.192032228811722 0.211934887378425 0.317825214655935 0.215219735900661 0.221759870835555 0.303371978967541 0.258962976237442 0.372059149630016 0.437618961485762 0.575167892271189 0.2994085128035 0.214857895364001 0.234022594753671 0.288845178605186 0.29127153564198 0.290575330306706 0.216311923718592 0.21608406069327 0.239124980898013 -9999 -9999 -9999 -9999 -9999 -9999 -9999 -9999 -9999 -9999 -9999 -9999 -9999 -9999 0.236601188547425 0.3319906006371 0.243403615619805 -9999 -9999 -9999 -9999 -9999 -9999 -9999 -9999 -9999
-9999 -9999 -9999 0.219008630768142 0.220537025992961 0.247474067623695 0.325776729118932 0.225608705103723 0.225949781359352 0.264401330091615 0.271204037827515 0.232736000276071 0.295253322538824 0.424802270966301 0.392997641628854 0.214854188376146 0.215521222421082 0.247867259414489 0.277803229990763 0.262710034991037 0.217463633819913 0.280755277799384 -9999 -9999 -9999 -9999 -9999 -9999 -9999 -9999 -9999 -9999 -9999 -9999 -9999 -9999 -9999 -9999 0.323226870399895 0.317442307181907 -9999 -9999 -9999 -9999 -9999 -9999 -9999 -9999 -9999
-9999 -9999 -9999 0.381796720029066 0.25500101608945 0.220727448679713 0.217104346427969 0.215809143633051 0.222082805213316 0.223134008838333 0.224334450365421 0.294407701224931 0.293989779532258 0.273434133666301 0.222845436452361 0.210795938825239 0.214770368391961 0.216297133247496 0.216361140913418 0.284967382796175 0.405849138286974 -9999 -9999 -9999 -9999 -9999 -9999 -9999 -9999 -9999 -9999 -9999 -9999 -9999 -9999 -9999 -9999 -9999 0.320398013498958 0.229344584496325 -9999 -9999 -9999 -9999 -9999 -9999 -9999 -9999 -9999
-9999 -9999 0.284797474294888 0.294154747954121 0.299160362233649 0.224498909682139 0.21819818100359 0.214430085588517 0.299928048550115 0.222685279989221 0.217799928709282 0.219053480135494 0.214770097915238 0.293070758615112 0.289192940229273 0.211757776435176 0.211224877773068 0.288963413075319 0.214703604046394 0.29830172081399 -9999 -9999 -9999 -9999 -9999 -9999 -9999 -9999 -9999 -9999 -9999 -9999 -9999 -9999 -9999 -9999 -9999 -9999 0.283218907233185 0.270297883361265 -9999 -9999 -9999 -9999 -9999 -9999 -9999 -9999 -9999
-9999 -9999 0.420522585437959 0.295931298383355 0.215586756698718 0.298844350747833 0.296070064585987 0.300532051930414 0.300967289428644 0.296701197116906 0.219528717075545 0.214727855478433 0.296094860588245 0.302605106845173 0.290947546373341 0.21922357091988 0.21457644728793 0.282978318625714 0.236639653435728 0.241492493703104 0.257295320626756 -9999 -9999 -9999 -9999 -9999 -9999 -9999 -9999 -9999 -9999 -9999 -9999 -9999 -9999 -9999 -9999 -9999 -9999 -9999 -9999 -9999 -9999 -9999 -9999 -9999 -9999 -9999 -9999
