Scripts_&_data/BRT_projection_files/BRT_SCV2/B_veteranus_2_projection.asc
NCOLS 79 
NROWS 71 
XLLCORNER -10.5 
YLLCORNER 36 
CELLSIZE 0.5 
NODATA_value -9999 
[rows 42 to 62 of 71, columns 0 to 47 of 79]
-9999 -9999 -9999 -9999 -9999 -9999 -9999 -9999 -9999 -9999 0.0950515228656463 -9999 -9999 0.0948320904006015 -9999 -9999 -9999 -9999 -9999 -9999 -9999 -9999 -9999 -9999 0.0946211710242096 0.0947204738032013 0.0954506017429123 0.0901658988676252 0.0985494619052409 0.0976085228520763 0.098863096339572 0.0978832340178773 0.0826720203118208 0.10344061098773 0.103959324597478 0.0921888828614827 0.0948500225743629 0.095441955465943 0.0971560619807219 0.107223805018418 0.122690332696933 0.139752303305898 0.152140004917005 0.143008595621188 0.149542984134794 0.149491566817011 0.114232600322762 0.101495114893362
-9999 -9999 -9999 -9999 -9999 -9999 -9999 -9999 -9999 -9999 -9999 -9999 -9999 -9999 -9999 -9999 -9999 -9999 -9999 -9999 -9999 -9999 0.0988321406088055 0.0948741574813884 0.0944084561768471 0.089229678953774 0.088166460921 0.0881801319018946 0.0904578707635572 0.0946952165823074 0.104145490320967 0.0979249803311001 0.107592168896501 0.0969134664621013 0.0919216463121509 0.10322419586202 0.0920366109241743 0.0928262680503178 0.0951896681360208 0.0919821853092833 0.129096715776509 0.107502841660292 0.137517652297175 0.147588117398277 0.14789627099751 0.137926792594054 0.104359561438421 0.160273755159849
-9999 -9999 -9999 -9999 -9999 -9999 -9999 -9999 -9999 -9999 -9999 -9999 -9999 -9999 -9999 -9999 -9999 -9999 0.100436533699145 0.0949790827259276 0.0897245650242026 0.0998944718107747 0.095218416006984 0.0955159567462425 0.0906637388251774 0.0882981696739643 0.0884424076824123 0.0893123684445772 0.0880461632667782 0.0881207829278401 0.091763144059527 0.0932823254216411 0.0947822653807397 0.0928069639786368 0.0991697761337941 0.0955740563551512 0.087073963047823 0.0919409580832544 0.0959918937406925 0.0964150851007157 0.168644171412499 0.19766434347553 0.174674376509699 0.142356297804654 0.138374980583828 0.139471286090242 0.15915625862791 0.127653631793829
-9999 -9999 -9999 -9999 -9999 -9999 -9999 -9999 -9999 -9999 -9999 -9999 -9999 -9999 0.100863087030663 -9999 -9999 -9999 0.0970893133972825 0.0953517853790834 0.0918484382864076 0.0991876743833331 0.0891871337481027 0.0880838302873657 0.0914572265741106 0.0978431748190629 0.0954693739053975 0.0901716812903054 0.0875191303347767 0.0880934242416309 0.0931198802440683 0.0941597290571809 0.0954477134513015 0.0971659938001543 0.10121422898607 0.0950679001933929 0.0958071007319635 0.093284485125733 0.103041823983502 0.0972380632143248 0.140767587107146 0.152794322793602 0.176942838120938 0.148560463929383 0.145639414144955 0.171076074999007 0.197092213890724 0.121661601689299
-9999 -9999 -9999 -9999 -9999 -9999 -9999 -9999 -9999 -9999 -9999 -9999 0.0949233473392335 0.0944895549911176 0.0922334602107658 0.0981054312125438 0.0970276321321953 0.0881744733006058 0.0953325824570231 0.0951303648788889 0.0931851607639306 0.088238909408391 0.0862094391715665 0.0880515030143866 0.087457358650874 0.0880840387493632 0.0884291566205963 0.0880346947627952 0.0878261620993377 0.0905033342366034 0.0931235337482455 0.0935999368806557 0.0929578388492112 0.0987055758491375 0.0957976523401561 0.0979768932994617 0.0988565731701029 0.0901445797569491 0.113179024633092 0.145271419289999 0.124795837779028 0.166927111101381 0.163013796158191 0.132182446500673 0.167505587011346 0.130119573468372 0.132137369340013 0.133326508246156
-9999 -9999 -9999 -9999 -9999 -9999 -9999 -9999 -9999 -9999 -9999 -9999 -9999 -9999 0.0982104440105709 0.0967298101857915 0.0952890653788536 0.0882507516751524 0.0956853069242309 0.0973454148950205 0.090450845097093 0.0919162379379959 0.0861147121440309 0.0880281913112795 0.0941375434677572 0.0928212811713081 0.0891007645699869 0.0885833132109839 0.090522337333635 0.0930783567843833 0.0933952694989852 0.0939430864772357 0.0931057055044483 0.0920750222004219 0.103766963431569 0.095837759920719 0.105606585929678 0.108876513288582 0.115031551374948 0.0953322142779361 0.122099083586975 0.125532599961626 0.126009740702587 0.107391320808593 0.131891002611806 0.16726460999186 0.159519592471393 0.168898754398331
-9999 -9999 -9999 -9999 -9999 -9999 -9999 -9999 -9999 -9999 -9999 -9999 -9999 -9999 -9999 -9999 -9999 0.0954065383891225 0.0949482590041227 0.0882529054631337 0.088111201381177 0.0905268497684269 0.0881256629580598 0.08708429426827 0.0891209678240826 0.0943259393513561 0.0917701437768138 0.0938558204333212 0.09413891331648 0.0939542926682927 0.0975401640995077 0.0930171186069273 0.0952613333965866 0.103833983395882 0.119535434960518 0.115066201113171 0.0950730159679818 0.114262231910861 0.148160029314751 0.152352180476343 0.169147452297141 0.133495685771691 0.0975428634502942 0.151758440317378 0.105751580086374 0.0897662273366254 0.0898069462742142 0.0814361939969564
-9999 -9999 -9999 -9999 -9999 -9999 -9999 -9999 -9999 -9999 -9999 -9999 -9999 -9999 -9999 -9999 -9999 0.0947771013223893 0.0948616893318273 0.0947945594201461 0.0894007409687155 0.0882061106920503 0.0893263608484351 0.088373550419487 0.09621413057493 0.0905505830360781 0.0895847542240208 0.0956453843255609 0.0952531241889387 0.0952422531944901 0.100351482914971 0.0971847729098672 0.109022081250845 0.152551289095908 0.126711826636458 0.131669594970582 0.118834768249141 0.0904895443194867 0.081156578867449 0.0801305740184501 0.0887777800742976 0.079573545896118 0.0803711146858606 0.0884462237413988 0.0859860483698408 0.0812560456571375 0.0814020272922552 0.0831466209457162
-9999 -9999 -9999 -9999 -9999 -9999 -9999 -9999 -9999 -9999 -9999 -9999 -9999 -9999 -9999 -9999 -9999 -9999 -9999 0.0959571434010034 0.0946552852327092 0.0936664434989009 0.0931748304114336 0.098150609852113 0.0950872468477821 0.0979833965466527 0.10061018317641 0.0977963706209675 0.0971603345635285 0.0978747670281902 0.0999757193729221 0.0993311598820138 0.124570925402918 0.0951501718885331 0.0871061185063686 0.0930709092909785 0.0849547446235561 0.0801620426335343 0.0973503033942215 0.0933536914862769 0.0827526973694822 0.079299878101702 0.0789400736628629 0.0881934318303517 0.0799670648215702 0.0877585895314376 0.103338802546005 0.129721559271067
-9999 -9999 -9999 -9999 -9999 -9999 -9999 -9999 -9999 -9999 -9999 -9999 -9999 -9999 -9999 -9999 -9999 -9999 -9999 0.0947595271957233 0.09621413057493 0.0947813631115259 0.0949397632036606 0.099073410836944 0.0887830476310949 0.0949871780841422 0.125515533385446 0.0944872767242195 0.1181686194592 0.0974188487154469 0.0977663688882042 0.0982073012431319 0.0936622058477636 0.0832177935344683 0.084298818787235 0.0831331048209812 0.0796371404698853 0.0931138887406002 0.0936342512185306 0.0918733413254969 0.093203189608202 0.113637843290349 0.101524452597332 0.114478309248705 0.0968983280138444 0.0917337028708609 0.0916324094168672 -9999
-9999 -9999 -9999 -9999 -9999 -9999 -9999 -9999 -9999 -9999 -9999 -9999 -9999 -9999 -9999 -9999 -9999 -9999 -9999 0.0977701572823409 0.0946613426353428 0.0967605540261369 0.0957623506744925 0.0912597047551875 0.0913003697304029 0.083918345333684 0.1025131124589 0.100014816851789 0.097798366156495 0.0960501753777219 0.0950936727699056 0.0986189009256335 0.0918476825148867 0.0809297973002699 0.0792097934734024 0.0905088540986109 0.0924776481254056 0.0938202609832029 0.0916866864461794 0.0889561565540019 0.0929609889229873 0.0932310516984567 0.0879264122772847 0.0882851351721284 0.0887192653672409 -9999 -9999 -9999
-9999 -9999 -9999 -9999 -9999 -9999 -9999 -9999 -9999 -9999 -9999 -9999 -9999 -9999 -9999 -9999 -9999 -9999 -9999 0.0939356692439052 0.101055887299749 0.0947528882502356 0.0909609710082016 0.0923339127953236 0.0934452006370467 0.0927895952458371 0.0942766817207955 0.0989965783481377 0.100587363237485 0.086624653478038 0.094770719316437 0.0945552658450506 0.0962748452451827 0.0793084730536185 0.0805054970993159 0.123510838761142 0.0899021018859211 0.0879884266263538 0.0927080919676466 0.0894586347478717 0.0954224654745824 0.0937482481056529 0.0878906971788591 0.0877860448260253 0.0878167748671532 0.0879927921204417 -9999 -9999
-9999 -9999 -9999 -9999 -9999 -9999 -9999 -9999 -9999 -9999 -9999 -9999 -9999 -9999 -9999 -9999 -9999 -9999 0.0800723962761305 0.0906445967218539 0.0897009155241299 0.0882963426791643 0.0881177778777097 0.0892669618938968 0.0934757465706759 0.0927064372648325 0.0970425208032703 0.0905948744499805 0.07950777502374 0.0927770386280706 0.097744478308193 0.0944074005508544 0.0904988753252864 0.0864968647663013 0.0794435352584317 0.0805466873230421 0.0961812470576892 0.0815830647800244 -9999 -9999 0.0813279692337818 0.0953686707725457 0.109541969077543 0.0950315610572212 0.0907252081457974 0.0878088646180722 -9999 -9999
-9999 -9999 -9999 -9999 -9999 -9999 -9999 -9999 -9999 -9999 -9999 -9999 -9999 -9999 -9999 -9999 -9999 -9999 0.0916567739207629 0.093029912551837 0.0926881846913808 0.0862420352076488 0.0860854179102485 0.0880240921152392 0.0881071769198076 0.0966190449670558 0.0908114870959966 0.0908424491604936 0.0933831650090209 0.0943492784499433 0.0917859572265989 0.0895129202522145 0.0915241783474292 0.0894435542069202 0.081770333496424 0.080027641739196 -9999 -9999 -9999 -9999 -9999 -9999 0.0916919785241286 0.0984042277755363 0.0923807026919335 0.0930114981912396 0.0899021018859211 -9999
-9999 -9999 -9999 0.0790506006364978 0.0825972426211381 0.0926799053142895 0.0882950301821611 0.0773309123839979 0.0919047199946625 0.0930870679189696 0.0917996106806911 0.0903524439957622 0.0914654544410692 0.0932789043544889 0.0994286680613038 0.0804375099643927 0.0844577670255362 0.0942125745947846 0.110240864751461 0.0969104489647783 0.0974483340902367 0.099168404240046 0.0944931211236341 0.0929670115677985 0.0939305906106469 0.0985484239962426 0.0955937283476726 0.0890343477624706 -9999 -9999 -9999 -9999 0.0872200273946686 0.0825371271171447 -9999 -9999 -9999 -9999 -9999 -9999 -9999 -9999 0.09393041713629 0.0943078136336524 0.0919412260032524 0.0928361982419004 0.0983147651007949 0.088139800694824
-9999 -9999 -9999 0.0870926042703614 0.0937670370522489 0.0925244563308489 0.0891535283930137 0.0790506006364978 0.0901692965863969 0.0891580684469197 0.0914424290768815 0.0950680103471908 0.0866681256793176 0.0863968740741006 0.0871094480979871 0.0903079606345773 0.0923858921391616 0.0962373070755445 0.0899883308814355 0.106353615422851 0.110704486019387 0.117939313508036 0.105496195396505 0.109384557759287 0.108935157061346 0.0841677380275323 0.0914850657039424 -9999 -9999 -9999 -9999 -9999 -9999 -9999 -9999 -9999 -9999 -9999 -9999 -9999 -9999 -9999 -9999 0.0875501382420132 0.0942674210182363 0.0944345770635146 0.0924132342909512 0.0902818640498766
-9999 -9999 -9999 -9999 0.0847684829292012 0.0929388860431867 0.0794615940329861 0.0793866353727209 0.0860483185296672 0.0873948269065137 0.0860068445326591 0.0860061300054091 0.0859665852117329 0.0880147552751681 0.0992820290919945 0.0977238251386266 0.0893476482300604 0.0879788324060437 0.0858705514400755 0.0860467950685108 0.0865693295981288 0.0864611973879433 0.0884589769899788 0.0851953586571354 0.0901047636741218 0.105307232108469 0.10033380244167 0.0874178873462303 -9999 -9999 -9999 -9999 -9999 -9999 -9999 -9999 -9999 -9999 -9999 -9999 -9999 -9999 -9999 -9999 0.094590910839353 0.0932440644691479 0.0978546552119164 0.0905860620833834
-9999 -9999 -9999 0.0937895117923071 0.0919554191091532 0.0889598943624183 0.0907315338178618 0.0905069452101312 0.0930973809738869 0.0860351304017533 0.0859773460099273 0.08798255023221 0.085996670723608 0.0860246759827904 0.0862696154290859 0.0922073190756238 0.0860138008964009 0.0867704775015273 0.0876508735538447 0.0877662639491673 0.0859703942984359 0.0860311638201031 0.0880992285263182 0.0860351304017533 0.0895644116951298 0.0884233662324111 0.0951664390466609 -9999 -9999 -9999 -9999 -9999 -9999 -9999 -9999 -9999 -9999 -9999 -9999 -9999 -9999 -9999 -9999 -9999 -9999 -9999 0.0938057234206879 0.0960332185745418
-9999 -9999 -9999 -9999 0.0931800070295624 0.0925876197439846 0.0935018318416584 0.0926563065314522 0.0864585624889378 0.0859933529074382 0.0860019904983094 0.0859986623490834 0.0859301504436145 0.0864363922385486 0.0923958274088406 0.0860174462893638 0.0862119453847234 0.0862696154290859 0.086911606492975 0.0857750806140836 0.0854643925624146 0.0860174462893638 0.0867873660684629 0.0897029558992773 0.0890761568504668 -9999 -9999 -9999 -9999 -9999 -9999 -9999 -9999 -9999 -9999 -9999 -9999 -9999 -9999 -9999 -9999 -9999 -9999 -9999 -9999 -9999 -9999 -9999
-9999 -9999 -9999 -9999 0.085820271962611 0.0913357650630781 0.0972815292354602 0.0867262876761229 0.0862170011357509 0.0899616371381704 0.0864842010531913 0.0865042279491618 0.0899485637215776 0.0948280462717873 0.0901527224628733 0.0865036444939087 0.0931030633890435 0.0861510589872241 0.086845737400519 0.0871283218842353 0.091768525008061 0.0934059693640493 0.0885479544654695 -9999 -9999 -9999 -9999 -9999 -9999 -9999 -9999 -9999 -9999 -9999 -9999 -9999 -9999 0.0862142695080949 0.0938153767555044 0.0921899041446471 -9999 -9999 -9999 -9999 -9999 -9999 -9999 -9999
-9999 -9999 -9999 0.0939395065299756 0.0914374240013415 0.0929609208565397 0.103135646722659 0.103620000116404 0.103521002984142 0.103154530250192 0.10227491308127 0.0939562486226521 0.0880475722147671 0.0895422670785733 0.0879931631511864 0.0860019904983094 0.0873069509848381 0.0930221070869706 0.0932619293890945 0.0921993070612098 0.0930674921213333 0.0876943290044097 -9999 -9999 -9999 -9999 -9999 -9999 -9999 -9999 -9999 -9999 -9999 -9999 -9999 -9999 -9999 -9999 0.0941875501193816 0.0980861741044963 -9999 -9999 -9999 -9999 -9999 -9999 -9999 -9999
