Scripts_&_data/BRT_projection_files/BRT_SCV2/B_vestalis_1_projection.asc
NCOLS 79 
NROWS 71 
XLLCORNER -10.5 
YLLCORNER 36 
CELLSIZE 0.5 
NODATA_value -9999 
[rows 44 to 65 of 71, columns 0 to 48 of 79]
-9999 -9999 -9999 -9999 -9999 -9999 -9999 -9999 -9999 -9999 -9999 -9999 -9999 -9999 -9999 -9999 -9999 -9999 0.213677235727686 0.209056419429265 0.409154276351397 0.327264466263691 0.329830294992351 0.510330901166677 0.225959517802664 0.343753722147267 0.365772652162265 0.26781684221291 0.219006788138406 0.359317029770703 0.157052487747506 0.189691714707486 0.325609280177092 0.572052800792308 0.589607541832995 0.588719741317743 0.41191965021786 0.572464343736416 0.604880919730751 0.45361750735394 0.336471136326852 0.30705991344556 0.386190990889789 0.418879993371822 0.289492103711935 0.40710263060966 0.291355675042707 0.207652388559955 0.232096410297602
-9999 -9999 -9999 -9999 -9999 -9999 -9999 -9999 -9999 -9999 -9999 -9999 -9999 -9999 0.184199219704772 -9999 -9999 -9999 0.241063994313252 0.208248779071195 0.212481981753749 0.20502972989144 0.208275030325401 0.285198454484314 0.406384043526469 0.261704456952535 0.276852104948531 0.227995093006251 0.233906561893723 0.214816723516779 0.21427120822989 0.173030778823889 0.19124633869921 0.5539410611644 0.24491983019698 0.356008670508734 0.55913376188345 0.429560331765542 0.41113079929143 0.455958925726786 0.405122691382038 0.404630044392682 0.346107177602493 0.39400087238291 0.33109028443238 0.419668927000097 0.349943708773991 0.342216747196576 0.22898694217807
-9999 -9999 -9999 -9999 -9999 -9999 -9999 -9999 -9999 -9999 -9999 -9999 0.39051690182106 0.204723327438755 0.204081093095527 0.381723021786127 0.225884522727783 0.345407033619798 0.332993527154216 0.337890655012146 0.212678523077943 0.412480865908469 0.214259344701692 0.211811503127702 0.219494083563636 0.186155101808051 0.146953333320745 0.190008644453273 0.221372470399747 0.235045893942577 0.175985230113543 0.173463352926786 0.192699465951618 0.358175913726878 0.251444924687147 0.293868060770872 0.574679512765226 0.292703214320249 0.410872707292183 0.404664085118399 0.401272987293387 0.411308820184108 0.419483931641728 0.418146119522058 0.430206896983594 0.305358396448791 0.353659857172496 0.339305601172173 0.298604120011758
-9999 -9999 -9999 -9999 -9999 -9999 -9999 -9999 -9999 -9999 -9999 -9999 -9999 -9999 0.149347940430741 0.152525508116439 0.159875742593971 0.146391983068806 0.156785502657755 0.156713258601846 0.186048225458985 0.31037113501279 0.217661667672564 0.229396713828345 0.308974190118213 0.187430480552795 0.191208523392734 0.163433921070387 0.231185111171305 0.172707984208012 0.173503193409361 0.17368609722347 0.174194321667767 0.191491183540885 0.244591591058067 0.470873462419629 0.394808113373996 0.33264994236533 0.409507291209448 0.426085176582813 0.366925166809922 0.320834556727741 0.298627740927083 0.307998867950647 0.30167945649352 0.366326219155549 0.297999944815855 0.305547913409988 0.181149983703224
-9999 -9999 -9999 -9999 -9999 -9999 -9999 -9999 -9999 -9999 -9999 -9999 -9999 -9999 -9999 -9999 -9999 0.211357429821371 0.183281732352042 0.187651198543871 0.154024350941322 0.159231035582792 0.215679590382705 0.173219290830279 0.15721704845616 0.191893585416892 0.206291115393639 0.228499885405921 0.174194595904055 0.173224597543991 0.209987450204599 0.38566014311851 0.227405235969938 0.21339087878573 0.309441904174765 0.397502930005137 0.40648673096879 0.397055065914296 0.387704334672579 0.336434602367552 0.346399272899965 0.151723896611947 0.157209613752158 0.273071337464122 0.184807341627575 0.15688266544967 0.155331837777723 0.155809940770464 0.155822889589557
-9999 -9999 -9999 -9999 -9999 -9999 -9999 -9999 -9999 -9999 -9999 -9999 -9999 -9999 -9999 -9999 -9999 0.135768353379239 0.13590659115824 0.135923477325439 0.146492307124649 0.21426749446875 0.137959370624251 0.146847450720955 0.192989694041935 0.183953752864381 0.220081632862589 0.336237266962783 0.219805849390417 0.309090328513692 0.395303177053653 0.212168160885902 0.190043717100104 0.189795202620779 0.406490671046574 0.397776970115062 0.336587616201229 0.15810796224085 0.151668142275121 0.152968904182538 0.180821500545214 0.154524442023964 0.156106171015432 0.187289425939951 0.186545114274381 0.156404618005766 0.157487416521643 0.157817624974375 0.188233341030153
-9999 -9999 -9999 -9999 -9999 -9999 -9999 -9999 -9999 -9999 -9999 -9999 -9999 -9999 -9999 -9999 -9999 -9999 -9999 0.139828571897253 0.142219866085391 0.145127387155311 0.144741252491243 0.221357020055797 0.21013732359143 0.207269957970222 0.231810039661428 0.348667889883756 0.214243094017371 0.357001929488714 0.352038509256027 0.223409422978959 0.190177011946087 0.414064624478131 0.263163068645124 0.190288340493015 0.15753663234517 0.15790950530938 0.18946973777169 0.188685566687491 0.183892200857531 0.170527812910522 0.155543494227898 0.378413585047249 0.183846886575872 0.188074218982901 0.189113968250308 0.299214085139339 0.092927982928723
-9999 -9999 -9999 -9999 -9999 -9999 -9999 -9999 -9999 -9999 -9999 -9999 -9999 -9999 -9999 -9999 -9999 -9999 -9999 0.135296564599029 0.134138905185074 0.132452319460556 0.186845540159638 0.382275998188003 0.15185264149084 0.161285870651253 0.189239233363742 0.498898160396824 0.205047892536544 0.42621022086771 0.501340809457839 0.315391904248428 0.36589708426745 0.256713554988192 0.15737755779614 0.156661153297483 0.156215094479777 0.475589707408056 0.252636363415562 0.237717901935459 0.548332538651797 0.360476679859125 0.278149451338644 0.362605888308229 0.550090100627947 0.242875540449041 0.14578379355225 -9999 0.207495188603304
-9999 -9999 -9999 -9999 -9999 -9999 -9999 -9999 -9999 -9999 -9999 -9999 -9999 -9999 -9999 -9999 -9999 -9999 -9999 0.145280502825389 0.145964359374683 0.14603788289883 0.146399381569808 0.133946820841368 0.20844372665304 0.168453649566554 0.157752240750749 0.207918933726172 0.18928307575254 0.389287739986817 0.418910538166263 0.340587692225815 0.476421651871833 0.156155817873558 0.155569227784374 0.28272255225517 0.270601461358721 0.130793393622204 0.159357658883584 0.160794638766664 0.152282925917463 0.154050368501791 0.180948355210164 0.182782142755587 0.185969715483523 -9999 -9999 -9999 0.128222444138724
-9999 -9999 -9999 -9999 -9999 -9999 -9999 -9999 -9999 -9999 -9999 -9999 -9999 -9999 -9999 -9999 -9999 -9999 -9999 0.150769780660176 0.134176211730036 0.141404912167669 0.145956371445387 0.145782358628065 0.146723963787203 0.213100461806662 0.158266420203725 0.158153890414 0.157962190388274 0.186108713970534 0.172853131947736 0.157295172200701 0.156096130240175 0.135515823009368 0.155984421878926 0.320963553012522 0.156630702602066 0.13908402292914 0.167745556844133 0.150904073885645 0.206376970447146 0.186057211769902 0.160538094429206 0.162355454019185 0.141280594806182 0.098976803592688 -9999 -9999 -9999
-9999 -9999 -9999 -9999 -9999 -9999 -9999 -9999 -9999 -9999 -9999 -9999 -9999 -9999 -9999 -9999 -9999 -9999 0.10674277961745 0.141604415300626 0.121118588692282 0.145338358813328 0.13216443680999 0.142008523301779 0.141718805115586 0.170109118962774 0.183730113617112 0.151493375089059 0.122257103550612 0.13425202134738 0.134301874825504 0.157006121158717 0.156300740312582 0.155355152383849 0.156026251159589 0.155826602880308 0.245694784596699 0.131958457148335 -9999 -9999 0.126701676384897 0.251140053531651 0.27403513871733 0.457657747738161 0.175027371921866 0.156147061740853 -9999 -9999 -9999
-9999 -9999 -9999 -9999 -9999 -9999 -9999 -9999 -9999 -9999 -9999 -9999 -9999 -9999 -9999 -9999 -9999 -9999 0.112255080817954 0.130977727585297 0.145765718799757 0.128802914588416 0.135971540536619 0.149858530008316 0.131730507986458 0.13213911139351 0.161928681328946 0.130786682064146 0.130906420954185 0.133009965835157 0.141878369330935 0.143083953807699 0.133815806039059 0.155807044234809 0.155033336712177 0.143431186006581 -9999 -9999 -9999 -9999 -9999 -9999 0.159356614778542 0.167704134839493 0.249160488763929 0.317755228877714 0.171672417274027 -9999 -9999
-9999 -9999 -9999 0.107388549978763 0.143071410220565 0.327442890771532 0.148206483023625 0.111758322482068 0.135558381314029 0.416785262967605 0.115988726041692 0.111917898053996 0.175676380169528 0.132139942856969 0.135373009539259 0.209759973890027 0.122045747326381 0.166395809055838 0.185638238661418 0.133028607196842 0.169014184218974 0.131992610632536 0.146564494578354 0.145679358074072 0.144875572477685 0.139810956141879 0.145516239496806 0.119954180158404 -9999 -9999 -9999 -9999 0.125775159954428 0.121817305471246 -9999 -9999 -9999 -9999 -9999 -9999 -9999 -9999 0.135199246250124 0.142538837874666 0.122252363922596 0.145560367025314 0.356865217155017 0.184041347002722 0.121302212459602
-9999 -9999 -9999 0.122856146508653 0.128546916986677 0.307261707210265 0.144742867633329 0.13396246324864 0.115983701005662 0.276820533651085 0.151397787823221 0.151123130323989 0.180365388522134 0.150817995115575 0.151313850536059 0.184456632503918 0.150955560156114 0.331377810134121 0.150817903302219 0.135790520542737 0.181545349192055 0.178274570118974 0.18222086513924 0.16224324115801 0.201188983634033 0.135993195939101 0.127351654293916 -9999 -9999 -9999 -9999 -9999 -9999 -9999 -9999 -9999 -9999 -9999 -9999 -9999 -9999 -9999 -9999 0.144679005724503 0.145533835880782 0.130022072496977 0.132411190928676 0.172262773518758 0.188510000782363
-9999 -9999 -9999 -9999 0.128518653289115 0.213758306020896 0.137493801564665 0.150764037191901 0.138263476484373 0.132322537317645 0.127299127300216 0.186581472799093 0.131457548498738 0.326252020380606 0.157335391618386 0.158750481730294 0.218440146184134 0.130677307402297 0.124349044928005 0.14180421691048 0.150971780106234 0.124342406153144 0.150757472116279 0.112272426047586 0.138228446344702 0.141860150397392 0.123993181286722 0.128754500115307 -9999 -9999 -9999 -9999 -9999 -9999 -9999 -9999 -9999 -9999 -9999 -9999 -9999 -9999 -9999 -9999 0.122411930130545 0.141121656728157 0.142687457233889 0.190915513777158 0.24391690323797
-9999 -9999 -9999 0.121807529948479 0.341333093415695 0.113061461054935 0.117529439268504 0.106455641073242 0.141028852630386 0.132051989626008 0.132129419110649 0.180706931679295 0.173049515649686 0.166371777015452 0.156998748358168 0.156496797636585 0.155956087121271 0.160856401118016 0.112998525813225 0.138435572124952 0.129552669433854 0.143812224368768 0.122695649336299 0.131378709182982 0.136541025047557 0.157125354887259 0.12226333767776 -9999 -9999 -9999 -9999 -9999 -9999 -9999 -9999 -9999 -9999 -9999 -9999 -9999 -9999 -9999 -9999 -9999 -9999 -9999 0.158642677133932 0.13694156900902 0.129767370595002
-9999 -9999 -9999 -9999 0.14807009886913 0.129705283347543 0.108575827547566 0.127471439953182 0.127634226466978 0.12781553122009 0.127589809813157 0.131522118833519 0.127040901003614 0.155673980883908 0.155920711677568 0.157858666644205 0.155903354709533 0.155478423531262 0.161082486582821 0.122250141231114 0.123683928938811 0.14062123576097 0.127478081401633 0.122953313869914 0.143610168644965 -9999 -9999 -9999 -9999 -9999 -9999 -9999 -9999 -9999 -9999 -9999 -9999 -9999 -9999 -9999 -9999 -9999 -9999 -9999 -9999 -9999 -9999 -9999 0.131261348463839
-9999 -9999 -9999 -9999 0.115953277661445 0.106804541765368 0.121838237216148 0.127701459676728 0.128092896660976 0.14478478895539 0.161272722223371 0.208166051126523 0.351801715742359 0.370232222928043 0.127769732209787 0.127036221810121 0.141258679016594 0.155807253821992 0.156486227799079 0.155492762771875 0.147883592149729 0.127153839879013 0.1121678887233 -9999 -9999 -9999 -9999 -9999 -9999 -9999 -9999 -9999 -9999 -9999 -9999 -9999 -9999 0.127384747445186 0.131258631104108 0.145295212038715 -9999 -9999 -9999 -9999 -9999 -9999 -9999 -9999 -9999
-9999 -9999 -9999 0.107855764065645 0.133768247574606 0.101743535891917 0.124429949088301 0.127913976102502 0.127386763355982 0.161485071730509 0.161517489409278 0.134301832243277 0.128540204502549 0.153275435179329 0.126244299368406 0.127490046934006 0.148151623327251 0.121986591306405 0.156022875267996 0.156208301807444 0.127464722262108 0.130465795921106 -9999 -9999 -9999 -9999 -9999 -9999 -9999 -9999 -9999 -9999 -9999 -9999 -9999 -9999 -9999 -9999 0.143116592176871 0.145600760095397 -9999 -9999 -9999 -9999 -9999 -9999 -9999 -9999 -9999
-9999 -9999 -9999 0.145590917954898 0.108262133548718 0.10853376710232 0.130890514445832 0.127725888672847 0.128118747613417 0.127854056663582 0.127429382580265 0.129957706698817 0.131371928952703 0.131390012150603 0.132000821624625 0.131986368721052 0.127629215310795 0.127178027272301 0.127155261982545 0.126563877886003 0.147901421239858 -9999 -9999 -9999 -9999 -9999 -9999 -9999 -9999 -9999 -9999 -9999 -9999 -9999 -9999 -9999 -9999 -9999 0.135601203093821 0.141817614067425 -9999 -9999 -9999 -9999 -9999 -9999 -9999 -9999 -9999
-9999 -9999 0.114056216484464 0.129670588289393 0.132127656212438 0.127634617088161 0.131188084487713 0.127494550745774 0.131299068217503 0.131457974072783 0.127779214075073 0.127345567366837 0.126945101740238 0.130803393594738 0.13578563517451 0.131655514594081 0.132004796802618 0.135693874486293 0.127071048987074 0.120096018027622 -9999 -9999 -9999 -9999 -9999 -9999 -9999 -9999 -9999 -9999 -9999 -9999 -9999 -9999 -9999 -9999 -9999 -9999 0.125787748431173 0.138506649192514 -9999 -9999 -9999 -9999 -9999 -9999 -9999 -9999 -9999
-9999 -9999 0.152817362788047 0.126573952179461 0.127213186718302 0.131716308555903 0.130959287207071 0.123034795049285 0.128639797432163 0.131901300750399 0.127539429003099 0.127103740034511 0.130915931216836 0.131258978363413 0.131365611790314 0.127561652473344 0.12701640335365 0.131305009245457 0.116276788910725 0.121779717244184 0.120045905156507 -9999 -9999 -9999 -9999 -9999 -9999 -9999 -9999 -9999 -9999 -9999 -9999 -9999 -9999 -9999 -9999 -9999 -9999 -9999 -9999 -9999 -9999 -9999 -9999 -9999 -9999 -9999 -9999
