Scripts_&_data/BRT_projection_files/BRT_SCV2/B_veteranus_1_projection.asc
NCOLS 79 
NROWS 71 
XLLCORNER -10.5 
YLLCORNER 36 
CELLSIZE 0.5 
NODATA_value -9999 
[rows 42 to 62 of 71, columns 0 to 48 of 79]
-9999 -9999 -9999 -9999 -9999 -9999 -9999 -9999 -9999 -9999 0.132607459368049 -9999 -9999 0.1116173668173 -9999 -9999 -9999 -9999 -9999 -9999 -9999 -9999 -9999 -9999 0.167364351875879 0.349830242465953 0.516578459506468 0.443830382405813 0.468474171920685 0.452898302167331 0.467115127587825 0.493504339823498 0.148458595991201 0.205176693071615 0.34917619540946 0.416742504286838 0.484022025674824 0.437402506127291 0.404714003482491 0.475037458692047 0.496381161272177 0.612949986899276 0.505543631847452 0.530461876149475 0.510078842326424 0.531117160502259 0.489851750120689 0.463602646193822 0.355803090251013
-9999 -9999 -9999 -9999 -9999 -9999 -9999 -9999 -9999 -9999 -9999 -9999 -9999 -9999 -9999 -9999 -9999 -9999 -9999 -9999 -9999 -9999 0.125674161851936 0.118175632549848 0.15505918088692 0.115327454311018 0.120090992961169 0.213880384156212 0.296925027326108 0.253920224403768 0.339703995824631 0.252060190388643 0.353481366231826 0.41769878065782 0.436866500103918 0.46835915879909 0.27290140388083 0.277231177142448 0.516290511231375 0.461000838585001 0.511052393490261 0.461500853417212 0.42963962179388 0.530563414403964 0.509850172701759 0.504192454845992 0.453078221285373 0.386358572740582 0.398383767391472
-9999 -9999 -9999 -9999 -9999 -9999 -9999 -9999 -9999 -9999 -9999 -9999 -9999 -9999 -9999 -9999 -9999 -9999 0.121486358057659 0.12175989450003 0.108892893052205 0.123571762878036 0.126794474488785 0.150275199695072 0.112786453744114 0.150158583232262 0.116962361572148 0.120109310303708 0.155610036158055 0.131999624503635 0.261474855617091 0.24881239893996 0.33541197165875 0.453560840869667 0.501356066178059 0.46392267770073 0.175435797269158 0.208249978693556 0.525166203570208 0.514644335908445 0.463072257317301 0.446791753811736 0.506392280115049 0.524877088998029 0.50004079499728 0.527889540760967 0.482318197902335 0.626861580848669 0.397472149386986
-9999 -9999 -9999 -9999 -9999 -9999 -9999 -9999 -9999 -9999 -9999 -9999 -9999 -9999 0.111514413057059 -9999 -9999 -9999 0.112338690020983 0.152542801503652 0.28920195024232 0.182340523835089 0.257328943841309 0.105255554861894 0.116875706174874 0.0987501332543012 0.107734980624575 0.119316795046715 0.111764481949682 0.114339516991896 0.117386261339059 0.246245332533553 0.269250461586918 0.503705761623402 0.291390947782406 0.360729443377721 0.271020389359406 0.375987672420406 0.500647298141251 0.605733837706229 0.529679436663873 0.528096035050511 0.494602290535053 0.509867340361785 0.497205074962823 0.517656835901943 0.498781717278128 0.443101315145551 0.482242820813834
-9999 -9999 -9999 -9999 -9999 -9999 -9999 -9999 -9999 -9999 -9999 -9999 0.134236033969661 0.113860375518455 0.114161677977977 0.123948618168495 0.12143886458649 0.116829281761114 0.1167395960326 0.115084837241165 0.15016035038375 0.128697434228067 0.145170421355123 0.125875827957267 0.105437165147609 0.10084849379355 0.0895651670191731 0.111310435456534 0.122731711599541 0.1188712655681 0.115760788399984 0.24667999711278 0.246113486722107 0.359807640487383 0.19545343445186 0.271377240135765 0.516056614378555 0.166279666235205 0.481497784315552 0.531336885887579 0.459896437576691 0.498634687666609 0.504189254453597 0.52662225180781 0.646841300337224 0.407350828721888 0.449957301987387 0.432713602119801 0.435089664554696
-9999 -9999 -9999 -9999 -9999 -9999 -9999 -9999 -9999 -9999 -9999 -9999 -9999 -9999 0.100540522468809 0.100795957579437 0.0989123942231026 0.0936025871917479 0.108094836581196 0.108857516151855 0.106864468132503 0.111913131466473 0.105370334157494 0.104266080666849 0.111653775664771 0.107885299667295 0.122023146575203 0.11848001841422 0.118620229443687 0.169145920159141 0.277946703751836 0.253886697035491 0.142006551749843 0.232683389980027 0.252820123538507 0.366164347944942 0.382567494648193 0.464891786439151 0.454465047399645 0.457616471535394 0.37524890955176 0.395195060621208 0.404664657493308 0.306180377635101 0.264912248229936 0.304203144006961 0.244670944880017 0.267024457372135 0.164829671750069
-9999 -9999 -9999 -9999 -9999 -9999 -9999 -9999 -9999 -9999 -9999 -9999 -9999 -9999 -9999 -9999 -9999 0.122606948143625 0.119542853953112 0.101756295512261 0.0925363871302915 0.0893696248163583 0.0958752403887459 0.10871726116995 0.107905571829918 0.116213263029473 0.118789470156481 0.118560220607954 0.15350367766228 0.269092646625412 0.16786245202646 0.131966586216373 0.136361364989567 0.19924552764075 0.447112388198784 0.450182108531221 0.392881038876133 0.475256262762596 0.488071399667551 0.445298560745139 0.401476129553795 0.128521236940897 0.157821223409248 0.162631757262238 0.149275578297683 0.138912527837599 0.147262623943103 0.148114302888493 0.159355979086356
-9999 -9999 -9999 -9999 -9999 -9999 -9999 -9999 -9999 -9999 -9999 -9999 -9999 -9999 -9999 -9999 -9999 0.0993930941847346 0.099913832006924 0.101593763772888 0.101904054047538 0.11189330081209 0.0971499935428618 0.098500467401209 0.120463612895803 0.126890292195843 0.124530291284064 0.121881952627098 0.111865557859554 0.254758907989657 0.13880609740936 0.111689711824457 0.229642719496327 0.44097864231183 0.479468065406387 0.485873142390151 0.429627833221223 0.237494606966594 0.117050115948722 0.189150962601518 0.142036307335708 0.0959801704323165 0.100668445153878 0.147546323254044 0.15671490410989 0.100283639427239 0.14640291273685 0.16821673762189 0.168445027760451
-9999 -9999 -9999 -9999 -9999 -9999 -9999 -9999 -9999 -9999 -9999 -9999 -9999 -9999 -9999 -9999 -9999 -9999 -9999 0.101392847490163 0.0992269619869449 0.102947000113923 0.120482336470525 0.118925580428619 0.158198899114789 0.410131422557273 0.302532880793845 0.180160091504588 0.18883003243629 0.467206498722928 0.118467993279417 0.109414430113361 0.233434486291061 0.378892155002111 0.260238480462634 0.405772554066524 0.220756420122561 0.148522044195293 0.332781931316214 0.150680337775198 0.147817198967842 0.149935512596688 0.142058055857863 0.171930138191855 0.165517149973368 0.16449873310952 0.450824941013701 0.361656698878411 0.123798371638441
-9999 -9999 -9999 -9999 -9999 -9999 -9999 -9999 -9999 -9999 -9999 -9999 -9999 -9999 -9999 -9999 -9999 -9999 -9999 0.100283549921453 0.0981485085383982 0.0971286297317111 0.108307469289535 0.119700038044038 0.191090081930538 0.200070235871551 0.583525879245773 0.258089335834883 0.146247848222548 0.418200627311144 0.167688702393749 0.127126116981281 0.217765166370294 0.164696910723512 0.165905357993643 0.154821240677904 0.147187627389921 0.344651167272791 0.129454741945627 0.106847336405787 0.375595729784518 0.348574537932459 0.235440284969385 0.347078738229133 0.373988287597926 0.112260030524487 0.104247818570565 -9999 0.0961143136207014
-9999 -9999 -9999 -9999 -9999 -9999 -9999 -9999 -9999 -9999 -9999 -9999 -9999 -9999 -9999 -9999 -9999 -9999 -9999 0.0938201891530377 0.0943190027377271 0.100004479754053 0.094523922285763 0.0979538022861084 0.107176374057468 0.167284666281311 0.430709473385212 0.32479132654958 0.29858389365964 0.39916156056801 0.126893900511319 0.109309604027065 0.148166187789857 0.159698362779517 0.139832848947372 0.167004444052374 0.135613252988226 0.111081199193441 0.123496430118851 0.123601151706164 0.117467972988213 0.125879222724041 0.12845250200092 0.129036246421531 0.133080847584968 -9999 -9999 -9999 0.0932576487447735
-9999 -9999 -9999 -9999 -9999 -9999 -9999 -9999 -9999 -9999 -9999 -9999 -9999 -9999 -9999 -9999 -9999 -9999 -9999 0.102543543638636 0.112045471186126 0.0994230759646836 0.097615333470228 0.0971058859145905 0.0976883243464826 0.138404589946552 0.252014043053418 0.443478252763922 0.426479319991312 0.159766965356194 0.0993663288090022 0.16865555842927 0.106738066476919 0.101987309547469 0.106153749557711 0.43345319742636 0.0959210348387498 0.0930814432487911 0.118632109147201 0.239702143230615 0.110233245492492 0.106314244332067 0.133099881952516 0.135674614649038 0.103420039999764 0.0927666272896886 -9999 -9999 -9999
-9999 -9999 -9999 -9999 -9999 -9999 -9999 -9999 -9999 -9999 -9999 -9999 -9999 -9999 -9999 -9999 -9999 -9999 0.0873750400698508 0.0882278740060812 0.087301603594298 0.0973196490508133 0.0996150253245884 0.0993162389321031 0.096670796522478 0.113569778918505 0.221245123912679 0.218938285469694 0.104312868403254 0.0957016797401113 0.112109384413281 0.224965403807251 0.128781376006615 0.101357028776436 0.100301000346087 0.164613582157425 0.29932666669594 0.0971728394714808 -9999 -9999 0.0926021918086562 0.174392049131755 0.331815551710573 0.231023193487044 0.115543871756994 0.128246051667536 -9999 -9999 -9999
-9999 -9999 -9999 -9999 -9999 -9999 -9999 -9999 -9999 -9999 -9999 -9999 -9999 -9999 -9999 -9999 -9999 -9999 0.0960147175845918 0.0960237347091661 0.0970195790953756 0.101776714142713 0.0928947413501961 0.102773854811691 0.103729547422206 0.0967638279630319 0.108488040041029 0.096175603561106 0.0991403187784941 0.11340433957212 0.092670177634715 0.0967221482542861 0.0992374912538997 0.0989320758101457 0.0914936714381323 0.0938742991450061 -9999 -9999 -9999 -9999 -9999 -9999 0.11389856119858 0.116014506121973 0.280380753307059 0.309466675823151 0.114144013583471 -9999 -9999
-9999 -9999 -9999 0.088649517601358 0.0910159199985536 0.10151292393229 0.0933196785514399 0.0819511338953699 0.111956946704544 0.127836230087639 0.112198115168485 0.0930098275624134 0.0972664752670053 0.0900148962530383 0.0913512771672757 0.0923707757590177 0.0892159670806741 0.0902691835224424 0.10303309263136 0.0960926121006577 0.0987589743030692 0.0949610445926826 0.094315257058647 0.094737908794675 0.0954287907291445 0.0943753554536822 0.0969861877752273 0.0903805910637198 -9999 -9999 -9999 -9999 0.0963550411755641 0.0888407821015855 -9999 -9999 -9999 -9999 -9999 -9999 -9999 -9999 0.0948715546521071 0.0975149915399392 0.104498283280813 0.117990321257107 0.114127253595191 0.115780307788416 0.101728524423082
-9999 -9999 -9999 0.0887611668742059 0.0886197349860514 0.106961691067928 0.0964431740990739 0.112893141016981 0.0858993195839083 0.286348348939876 0.20609788499322 0.164656276013551 0.204415892510237 0.212709787475712 0.185177229157615 0.22984636440314 0.19926861333304 0.108929257967933 0.0959886116408855 0.217229779526837 0.201178484398906 0.182572939608726 0.17786948172175 0.100572232612193 0.203227273241422 0.130005442230285 0.0987522146001527 -9999 -9999 -9999 -9999 -9999 -9999 -9999 -9999 -9999 -9999 -9999 -9999 -9999 -9999 -9999 -9999 0.0941742965286169 0.0972860727230472 0.0984912934440161 0.104252916564173 0.199508675558472 0.123844062587958
-9999 -9999 -9999 -9999 0.0881145608205972 0.0979294683261825 0.106913363575584 0.0858422009661998 0.192647304323146 0.0914205037941546 0.0914572105613496 0.0977144340865295 0.0908165359720312 0.0990847408428374 0.153661183217102 0.330276102762245 0.11646251431142 0.0917382165178141 0.0899851136498099 0.0876345440989309 0.121208897684577 0.0903471933699713 0.161641345275026 0.158519620731398 0.161882685712547 0.151502572526422 0.0951827861106124 0.0918366995837521 -9999 -9999 -9999 -9999 -9999 -9999 -9999 -9999 -9999 -9999 -9999 -9999 -9999 -9999 -9999 -9999 0.0983859891962338 0.100577924246256 0.103544151638159 0.253556179797946 0.285090615626224
-9999 -9999 -9999 0.0957140178670342 0.0979456936064296 0.0971233258651994 0.0961330789768905 0.0965962994244231 0.0893785655303509 0.0912951691794163 0.0913267571828469 0.0915340573392679 0.0976997812609732 0.0980621193712675 0.0908446486885032 0.0960428889035229 0.144726150973732 0.0908363077718964 0.0912859911553761 0.0887457350201705 0.0908829933006738 0.0910429167824943 0.0917003268890535 0.0917642060939352 0.0915954245700492 0.112820639938766 0.107821051703035 -9999 -9999 -9999 -9999 -9999 -9999 -9999 -9999 -9999 -9999 -9999 -9999 -9999 -9999 -9999 -9999 -9999 -9999 -9999 0.10945238266601 0.102441639256597 0.0984166017496198
-9999 -9999 -9999 -9999 0.103960969797517 0.0942561767128685 0.0916300904579829 0.0871495068168811 0.0916141807270411 0.0917644916469182 0.0911055200618351 0.0912220458050272 0.0871262692433001 0.0969304617472821 0.122940611141636 0.0910868370776007 0.117765881405684 0.117576645237643 0.0908375303756572 0.090859526154358 0.0868661852655938 0.0842833079277723 0.091212202006614 0.0914786319913157 0.0921541145866724 -9999 -9999 -9999 -9999 -9999 -9999 -9999 -9999 -9999 -9999 -9999 -9999 -9999 -9999 -9999 -9999 -9999 -9999 -9999 -9999 -9999 -9999 -9999 0.0994265334022269
-9999 -9999 -9999 -9999 0.0899314316702776 0.0942685526238254 0.100558940754882 0.0916947645570027 0.0941968537345846 0.0922034678545736 0.0987018777904442 0.098688727603903 0.123628962595728 0.121814982601604 0.0916329375576272 0.0871141251436927 0.114031840382985 0.124616234233079 0.145364011733541 0.117793510939707 0.0907296701823276 0.0871072101722327 0.091647948869024 -9999 -9999 -9999 -9999 -9999 -9999 -9999 -9999 -9999 -9999 -9999 -9999 -9999 -9999 0.093972849625995 0.10248809834968 0.0946801551496475 -9999 -9999 -9999 -9999 -9999 -9999 -9999 -9999 -9999
-9999 -9999 -9999 0.0972335303699149 0.0957380163002862 0.0912266712970808 0.0948839660539641 0.095015030928764 0.0903608634769216 0.103163970999098 0.093965511180502 0.0964783468448423 0.0914811912136872 0.0963749531840343 0.0913848186539169 0.0911652443179229 0.091640453558229 0.103449145209349 0.143130187378567 0.123642269434911 0.0915784693764648 0.0917572834259355 -9999 -9999 -9999 -9999 -9999 -9999 -9999 -9999 -9999 -9999 -9999 -9999 -9999 -9999 -9999 -9999 0.0996519844061826 0.0962901676063428 -9999 -9999 -9999 -9999 -9999 -9999 -9999 -9999 -9999
