Scripts_&_data/BRT_projection_files/BRT_SCV2/B_wurflenii_2_projection.asc
NCOLS 79 
NROWS 71 
XLLCORNER -10.5 
YLLCORNER 36 
CELLSIZE 0.5 
NODATA_value -9999 
[rows 44 to 65 of 71, columns 0 to 48 of 79]
-9999 -9999 -9999 -9999 -9999 -9999 -9999 -9999 -9999 -9999 -9999 -9999 -9999 -9999 -9999 -9999 -9999 -9999 0.123741267843362 0.123721999204129 0.124062997231954 0.125554459616372 0.126484493472425 0.12564499476225 0.124172172873837 0.124327657951363 0.124355036173052 0.124886825605844 0.124981051578342 0.117645389058218 0.126931255569797 0.15383696352424 0.127623233435321 0.132631103844995 0.134792317787337 0.13715893979494 0.135975946076884 0.121069957364466 0.133614067715283 0.12809850081521 0.152819537617488 0.210750083322125 0.124601683139065 0.19066813954733 0.199843578223116 0.207606294997636 0.228075772239726 0.29080290248923 0.326986630151597
-9999 -9999 -9999 -9999 -9999 -9999 -9999 -9999 -9999 -9999 -9999 -9999 -9999 -9999 0.124868609845883 -9999 -9999 -9999 0.124949485364251 0.126750669600544 0.123891474058387 0.12418474368965 0.12504452434631 0.117625778859121 0.117755460134843 0.117698305835292 0.123727590174511 0.124118773339846 0.124834088971371 0.124163243355128 0.125114840189628 0.132922055444126 0.152955454078321 0.127878255852297 0.126713295044109 0.139448493144379 0.125653900242957 0.141072638667873 0.143641770071303 0.143758970883051 0.197773006734599 0.190092056603804 0.202314127868953 0.204679502607909 0.208076478729306 0.202129544454691 0.2092655873329 0.407724768032106 0.275177099351525
-9999 -9999 -9999 -9999 -9999 -9999 -9999 -9999 -9999 -9999 -9999 -9999 0.125145575200105 0.125692230448562 0.124904674551462 0.124024086345799 0.123629637935767 0.12286481048969 0.124185114310092 0.124932716657474 0.124952950204985 0.123009855008689 0.123369669201939 0.123799058623775 0.117477314776023 0.123052092305175 0.124176646330604 0.123962182511559 0.124162901661615 0.125071580762537 0.126657786332209 0.152591756831862 0.316829092458792 0.132164812337145 0.150251690722444 0.149638418017015 0.12677596690847 0.313984094202218 0.339329428748683 0.201210666661095 0.217521783254036 0.188002402250794 0.15074713109904 0.149294415995514 0.182625769674387 0.201584535535242 0.187626075183256 0.18927806219399 0.142132377298572
-9999 -9999 -9999 -9999 -9999 -9999 -9999 -9999 -9999 -9999 -9999 -9999 -9999 -9999 0.125539993835208 0.123650979487785 0.123124247295205 0.122949510776791 0.124051185606334 0.123616425175905 0.123146857639433 0.124363175897985 0.122637048427283 0.12323229194557 0.124464262362239 0.124751591119277 0.123978955743065 0.12420479233886 0.125071580762537 0.126725324206715 0.132257980591392 0.13089714944553 0.148073542383971 0.250950731746087 0.272658911496894 0.251074318834961 0.249674364891053 0.369839476379086 0.262059965840566 0.138834961157553 0.187111216950541 0.474485460051081 0.466558562119504 0.414866076272614 0.460392519721221 0.564445838608404 0.589892285305688 0.644059550522778 0.58045436193203
-9999 -9999 -9999 -9999 -9999 -9999 -9999 -9999 -9999 -9999 -9999 -9999 -9999 -9999 -9999 -9999 -9999 0.123732406438462 0.123731573359792 0.122980925940119 0.117444636626864 0.11776935741287 0.123753906817088 0.123947552269308 0.124428383008348 0.124751591119277 0.12372551157053 0.125821540818118 0.131711135748967 0.14048947242445 0.126692186817694 0.126896839279429 0.182484856135086 0.273482313017289 0.428650562977322 0.371468394086448 0.351772186746359 0.19343806188902 0.44925377570531 0.496962899173189 0.606863027716431 0.32595423364422 0.655722743634657 0.652803189044031 0.630594419428907 0.595380022578925 0.630793320725235 0.656469437589576 0.639149770552208
-9999 -9999 -9999 -9999 -9999 -9999 -9999 -9999 -9999 -9999 -9999 -9999 -9999 -9999 -9999 -9999 -9999 0.124594207471284 0.123732778165501 0.12369853866835 0.123052937899632 0.12395328212682 0.123642983923496 0.124134874824202 0.124291866491884 0.123176773924583 0.123580128031856 0.124347501694495 0.125791614931462 0.31459102080953 0.126410600207283 0.126030120663112 0.302493213259444 0.502332364475496 0.177045432722784 0.187489460209214 0.637358766804652 0.65726777338182 0.616043708959906 0.623552204172889 0.592335961007246 0.582856523862534 0.545815808337488 0.635893752205687 0.606905228275653 0.612827559034108 0.659701351387181 0.65870731105028 0.551873948105185
-9999 -9999 -9999 -9999 -9999 -9999 -9999 -9999 -9999 -9999 -9999 -9999 -9999 -9999 -9999 -9999 -9999 -9999 -9999 0.124333200255992 0.124594207471284 0.12383448367811 0.123732406438462 0.12478578784529 0.125904096640737 0.129853631805795 0.124856039178419 0.12459865737232 0.125055630508666 0.126323308861691 0.126662721844789 0.12988575184162 0.41749706108831 0.297084390086776 0.435855019855231 0.647841231162415 0.654958548569855 0.659636053987527 0.590151075538329 0.655391429947054 0.66523278374126 0.645740030031717 0.564809315492034 0.46827131529335 0.580524235369041 0.552936640399085 0.42594754599659 0.434081015538404 0.405622236375579
-9999 -9999 -9999 -9999 -9999 -9999 -9999 -9999 -9999 -9999 -9999 -9999 -9999 -9999 -9999 -9999 -9999 -9999 -9999 0.124575381079909 0.124474147182144 0.125336553562383 0.126098687910124 0.127359035961837 0.255207377814886 0.160700542996774 0.232638800044001 0.125668037306545 0.165700376352981 0.137994827582409 0.162520474555872 0.126112503736188 0.250603453778113 0.347465585057009 0.586902948945538 0.641872336349369 0.57885130716436 0.249289403685665 0.140389164330156 0.139815596411896 0.249325944827532 0.378838080101793 0.413119027590186 0.369798742030329 0.136165393484023 0.125722284375273 0.125722284375273 -9999 0.143178582952588
-9999 -9999 -9999 -9999 -9999 -9999 -9999 -9999 -9999 -9999 -9999 -9999 -9999 -9999 -9999 -9999 -9999 -9999 -9999 0.125602071925537 0.124833528288761 0.12555174953417 0.133547263592736 0.184469964281315 0.143793927259148 0.267732666844401 0.500604312900784 0.156760516750471 0.321472428510753 0.253383707618041 0.144426199029613 0.134669035916996 0.224342099302092 0.534314892015833 0.493658877190595 0.508138970312937 0.125148802922625 0.1248906675947 0.124944415155341 0.124150708788788 0.124985993495532 0.124851310567821 0.123970934541841 0.123938578727483 0.124069680989828 -9999 -9999 -9999 0.147343081252654
-9999 -9999 -9999 -9999 -9999 -9999 -9999 -9999 -9999 -9999 -9999 -9999 -9999 -9999 -9999 -9999 -9999 -9999 -9999 0.133101163504892 0.124186267492688 0.124094506012033 0.12476736606621 0.133288760145651 0.125022540289258 0.229611935915603 0.359776064097018 0.46362865682491 0.475465230589823 0.358543253727795 0.14536767535344 0.277792179818147 0.496256642289397 0.447716668833886 0.533414924985878 0.434048839946014 0.124189861746309 0.123787056207543 0.128293032730687 0.253219848656423 0.146646345292428 0.124975832603865 0.12329998198634 0.117448536471835 0.117461476657733 0.117454462009398 -9999 -9999 -9999
-9999 -9999 -9999 -9999 -9999 -9999 -9999 -9999 -9999 -9999 -9999 -9999 -9999 -9999 -9999 -9999 -9999 -9999 0.126417027992983 0.137605524113069 0.137350007074136 0.124435150867511 0.122417483554027 0.122979965615971 0.123662219155593 0.123688457567191 0.126743898954005 0.259724207700569 0.333238763512875 0.150395269918775 0.145745119353161 0.180304584257724 0.245233053335894 0.377038629285102 0.477647720567445 0.471605347938809 0.140375574458314 0.132573370859929 -9999 -9999 0.137336438768976 0.18972902798944 0.164799534820761 0.134768871347547 0.124459332411757 0.117448536471835 -9999 -9999 -9999
-9999 -9999 -9999 -9999 -9999 -9999 -9999 -9999 -9999 -9999 -9999 -9999 -9999 -9999 -9999 -9999 -9999 -9999 0.135733033973937 0.138987271663149 0.124939882679234 0.122949510776791 0.117392810339513 0.117461476657733 0.122707153750092 0.125953465802045 0.151206768668072 0.147523671965344 0.144940635604978 0.124701172366978 0.121105594562469 0.137749132713959 0.142012466167796 0.143455237420888 0.142646620069035 0.138469205470062 -9999 -9999 -9999 -9999 -9999 -9999 0.126224615828605 0.125469616223618 0.142705804759338 0.13574865353418 0.124212036976778 -9999 -9999
-9999 -9999 -9999 0.130321495543789 0.146541230827789 0.147352464160138 0.143246736176231 0.177976287133132 0.221963206100658 0.207573812044293 0.22014693081832 0.231488165068479 0.174807897248321 0.178374077034329 0.174907525447053 0.147474260168477 0.133176486640368 0.150619848355846 0.16032500101268 0.156651504299944 0.136330005426898 0.126142106497799 0.12446742745934 0.124665983507219 0.124209228487858 0.125657452680852 0.125473078863859 0.117433209976595 -9999 -9999 -9999 -9999 0.126288195508448 0.133272908162995 -9999 -9999 -9999 -9999 -9999 -9999 -9999 -9999 0.132662704873492 0.124733996462073 0.124188674589034 0.127487013222568 0.12639705496261 0.117461476657733 0.117409469377588
-9999 -9999 -9999 0.161521874593338 0.154849568329355 0.185964338106246 0.198859141795577 0.256612439171846 0.345453088954671 0.261476477770461 0.270006745100425 0.284622891980196 0.124651752724661 0.15904181701315 0.11785061421275 0.136344156235813 0.250146681648424 0.123872550820328 0.150931661687287 0.40227599451415 0.378715307475162 0.360615161706388 0.35218537951303 0.350844858603256 0.219468772493829 0.139143342262027 0.131568762913507 -9999 -9999 -9999 -9999 -9999 -9999 -9999 -9999 -9999 -9999 -9999 -9999 -9999 -9999 -9999 -9999 0.117461476657733 0.124716663699577 0.124716663699577 0.124507733428213 0.168486343083717 0.124327657951363
-9999 -9999 -9999 -9999 0.205638148407255 0.146388835370156 0.265303154461936 0.383755086133243 0.151036220048688 0.122889750795843 0.118830099551232 0.117757249588558 0.11766077075067 0.122020578090051 0.200076748475482 0.202705753599106 0.12855696635944 0.122743440809751 0.11744587133198 0.118428714304856 0.134753748830807 0.161967921450016 0.153276054846326 0.144031904356936 0.149887936212868 0.301269241971011 0.146513023089614 0.122270774005512 -9999 -9999 -9999 -9999 -9999 -9999 -9999 -9999 -9999 -9999 -9999 -9999 -9999 -9999 -9999 -9999 0.125053393094435 0.125535917928054 0.125387143956363 0.24074401603771 0.136186807482612
-9999 -9999 -9999 0.13141110089952 0.151618915634972 0.19456805399783 0.145392377934754 0.159923797897133 0.123006117457093 0.122628265415336 0.117674685478173 0.118945173482842 0.117674685478173 0.122628265415336 0.122934538727001 0.123137920344863 0.123075576309776 0.12291367997451 0.12228270410627 0.122464154898192 0.12297909777152 0.1188343178811 0.123000176430097 0.12286937286307 0.172919848649324 0.133676461554584 0.122316467793854 -9999 -9999 -9999 -9999 -9999 -9999 -9999 -9999 -9999 -9999 -9999 -9999 -9999 -9999 -9999 -9999 -9999 -9999 -9999 0.125343413532549 0.146723989289699 0.142516284726626
-9999 -9999 -9999 -9999 0.148774996141804 0.141857458229175 0.122952888648053 0.12299729509767 0.122899245944354 0.122721921952458 0.118820259795023 0.122736325621909 0.122925043578491 0.123075576309776 0.12346306529585 0.122899245944354 0.123075576309776 0.123090041901737 0.122904184826 0.122925869546524 0.122178384004094 0.122889750795843 0.122934538727001 0.123125495032403 0.122473638284549 -9999 -9999 -9999 -9999 -9999 -9999 -9999 -9999 -9999 -9999 -9999 -9999 -9999 -9999 -9999 -9999 -9999 -9999 -9999 -9999 -9999 -9999 -9999 0.125628921198294
-9999 -9999 -9999 -9999 0.13804015168141 0.140358131273995 0.138835641271703 0.122899245944354 0.122899245944354 0.12299525810999 0.122889750795843 0.122924705520868 0.123252228362914 0.123117790503762 0.123000176430097 0.122925043578491 0.122450159273065 0.123355048237237 0.123104841008398 0.123128833901495 0.122934538727001 0.122934538727001 0.122292155393349 -9999 -9999 -9999 -9999 -9999 -9999 -9999 -9999 -9999 -9999 -9999 -9999 -9999 -9999 0.117471372959081 0.123695725938315 0.133434639473911 -9999 -9999 -9999 -9999 -9999 -9999 -9999 -9999 -9999
-9999 -9999 -9999 0.126579615372864 0.137287209981595 0.174088499974149 0.173161138345964 0.164288950520111 0.179997647432673 0.17885980791341 0.179495940649224 0.159382419084938 0.12298574239994 0.122464154898192 0.12319197761488 0.122721921952458 0.122925043578491 0.122736907929431 0.123174639561038 0.123379334219769 0.123006117457093 0.122958579731559 -9999 -9999 -9999 -9999 -9999 -9999 -9999 -9999 -9999 -9999 -9999 -9999 -9999 -9999 -9999 -9999 0.123146273394828 0.125560725867746 -9999 -9999 -9999 -9999 -9999 -9999 -9999 -9999 -9999
-9999 -9999 -9999 0.145135168649162 0.158475451971235 0.142154010909623 0.122899245944354 0.122899245944354 0.139603576332384 0.162739897291484 0.146247311049438 0.122904184826 0.122741492438988 0.122996613951407 0.121987812089799 0.117641556562755 0.122889750795843 0.123006117457093 0.123006117457093 0.123102169624392 0.122473638284549 -9999 -9999 -9999 -9999 -9999 -9999 -9999 -9999 -9999 -9999 -9999 -9999 -9999 -9999 -9999 -9999 -9999 0.123748928422586 0.133387392173134 -9999 -9999 -9999 -9999 -9999 -9999 -9999 -9999 -9999
-9999 -9999 0.11753519918577 0.123000176430097 0.12291367997451 0.122899245944354 0.122899245944354 0.122899245944354 0.122920801374817 0.122899245944354 0.122899245944354 0.122988601277205 0.122987791591985 0.122904184826 0.117757249588558 0.117641556562755 0.117674685478173 0.117757249588558 0.122934538727001 0.123030550892638 -9999 -9999 -9999 -9999 -9999 -9999 -9999 -9999 -9999 -9999 -9999 -9999 -9999 -9999 -9999 -9999 -9999 -9999 0.117788055255209 0.117726338153583 -9999 -9999 -9999 -9999 -9999 -9999 -9999 -9999 -9999
-9999 -9999 0.122473638284549 0.123009692140147 0.122899245944354 0.122889750795843 0.122889750795843 0.122723974647405 0.122911301427885 0.122889750795843 0.122880303928265 0.122889750795843 0.122889750795843 0.121890484032474 0.117641556562755 0.122628265415336 0.122904184826 0.12300871771587 0.122261327492512 0.123021856124897 0.12219633405969 -9999 -9999 -9999 -9999 -9999 -9999 -9999 -9999 -9999 -9999 -9999 -9999 -9999 -9999 -9999 -9999 -9999 -9999 -9999 -9999 -9999 -9999 -9999 -9999 -9999 -9999 -9999 -9999
