Scripts_&_data/BRT_projection_files/BRT_SCV2/B_wurflenii_1_projection.asc
NCOLS 79 
NROWS 71 
XLLCORNER -10.5 
YLLCORNER 36 
CELLSIZE 0.5 
NODATA_value -9999 
[rows 44 to 65 of 71, columns 0 to 48 of 79]
-9999 -9999 -9999 -9999 -9999 -9999 -9999 -9999 -9999 -9999 -9999 -9999 -9999 -9999 -9999 -9999 -9999 -9999 0.160970728986365 0.157703177711259 0.150469756661882 0.203168281206936 0.182470698092022 0.185002929733383 0.17780865322396 0.181030775846654 0.180949859506188 0.156989284745134 0.155656628698916 0.155432844360909 0.204589942258316 0.249384607991945 0.2221923277075 0.232092341366446 0.209891197101777 0.219711003359632 0.336592258713543 0.195759595536732 0.189578591838628 0.224333280663254 0.328635965371263 0.222638059118245 0.188210675954201 0.270963974468036 0.270039519473425 0.279572974652873 0.490767250101229 0.577645973109249 0.279203217665298
-9999 -9999 -9999 -9999 -9999 -9999 -9999 -9999 -9999 -9999 -9999 -9999 -9999 -9999 0.157970636642587 -9999 -9999 -9999 0.177765495519606 0.177942924603052 0.158464696193868 0.16031976447499 0.176822080803792 0.148095867672104 0.174375108156628 0.180548607949274 0.186443150219111 0.156965043346279 0.156834826930032 0.157071843543172 0.212011833682935 0.236696339616344 0.241845738253723 0.190109368418409 0.206837468302087 0.230214373478365 0.189038481396258 0.292846584248481 0.441262261834321 0.241683876202835 0.585944692200959 0.412622829753437 0.222918143092579 0.268448481968913 0.267424350399033 0.221624895774934 0.228797200619791 0.710562535748253 0.577233044383204
-9999 -9999 -9999 -9999 -9999 -9999 -9999 -9999 -9999 -9999 -9999 -9999 0.181690286836013 0.17828684768728 0.175102177321128 0.157003771977683 0.156933262311585 0.156399389741925 0.178886980298119 0.180037098442335 0.177830768711744 0.155908687156363 0.155305663847007 0.148078873540548 0.148057227993638 0.167476681649271 0.179571039235839 0.155649738267832 0.157059523146047 0.157677237209818 0.19086195776001 0.247277316965208 0.262924091132612 0.215013175672892 0.449231311302614 0.592567933226031 0.18976089208337 0.718455618850005 0.588554161936199 0.31714984886706 0.39563535001188 0.270923995799959 0.318368870080322 0.315478940372564 0.342594018190888 0.390681276305403 0.397605250511543 0.439995542576583 0.435262202088364
-9999 -9999 -9999 -9999 -9999 -9999 -9999 -9999 -9999 -9999 -9999 -9999 -9999 -9999 0.180446512502853 0.156703994616436 0.155369304831436 0.154524156950164 0.16052082053823 0.156907263200934 0.15538932940636 0.179842218457722 0.154871663275033 0.148236050694216 0.190887701222326 0.182295652738013 0.157534333293931 0.174543449204168 0.156995559657117 0.1843694940666 0.203934019314476 0.252550365092233 0.25067345997249 0.273186651591232 0.681027000747818 0.373577947132494 0.571521669318555 0.669343799072037 0.544804054896061 0.216122255997268 0.401321397828342 0.634099448609633 0.652930568003488 0.718416216623419 0.716533393503454 0.721158591182851 0.726819558938918 0.725464223433088 0.721736410865201
-9999 -9999 -9999 -9999 -9999 -9999 -9999 -9999 -9999 -9999 -9999 -9999 -9999 -9999 -9999 -9999 -9999 0.161019545885415 0.160782456737791 0.156177097942649 0.147557391694736 0.171717817601054 0.156120230520497 0.155548407704242 0.178636255867112 0.182812376630683 0.159570702427815 0.186898943269838 0.207731202481409 0.214350611071086 0.187018836191146 0.248832432961992 0.262499725686468 0.454413551405471 0.719940468981157 0.661949633664346 0.402874035934765 0.647937900344538 0.655090523670723 0.694049433375366 0.709772042244563 0.672212141774268 0.714275372004809 0.715772095548042 0.705264339197017 0.69974168040282 0.705588165438052 0.70835329847348 0.72311780424297
-9999 -9999 -9999 -9999 -9999 -9999 -9999 -9999 -9999 -9999 -9999 -9999 -9999 -9999 -9999 -9999 -9999 0.173412968467283 0.171452580828188 0.159524785185984 0.156800158984337 0.155649087656477 0.155075092605609 0.15658991232224 0.157017638883037 0.156686870521213 0.158174358369549 0.182349043000841 0.206025353359045 0.255545510953837 0.186539163525503 0.206086834379621 0.328499921833824 0.718011185325653 0.5109859383443 0.535211721503298 0.708286401227195 0.724171901621065 0.660348864463888 0.600401507410957 0.348898204598584 0.450912998069538 0.396641060260147 0.664272042040562 0.451548156854563 0.701602120064246 0.723204904242901 0.723142533221621 0.722046303977347
-9999 -9999 -9999 -9999 -9999 -9999 -9999 -9999 -9999 -9999 -9999 -9999 -9999 -9999 -9999 -9999 -9999 -9999 -9999 0.15960275614633 0.178253143886156 0.160169732107194 0.1592930881974 0.203047497036894 0.206221357814497 0.184647977035301 0.186097765945877 0.17911719830505 0.202015985030662 0.207342911257429 0.205134799539931 0.225380723572706 0.673701903736685 0.422546870512304 0.71517074318897 0.711809472995492 0.710939584853185 0.717520961853525 0.723738840933403 0.724233787769906 0.703365492164951 0.708060321811019 0.705951564910406 0.659905783208972 0.711576224665614 0.722220991458225 0.714841862089659 0.705489621177164 0.696972078515978
-9999 -9999 -9999 -9999 -9999 -9999 -9999 -9999 -9999 -9999 -9999 -9999 -9999 -9999 -9999 -9999 -9999 -9999 -9999 0.173345369061143 0.173441745564077 0.175599538151952 0.206013828244891 0.211799884564926 0.32010255949171 0.421702335370265 0.576021332776339 0.185510871006319 0.566619344128833 0.215630270872394 0.243730409703706 0.213472800634742 0.298970506280528 0.710230922231226 0.721960461155817 0.501875861307271 0.446852749904158 0.301262532954448 0.322881335555505 0.302829880684525 0.32424107217381 0.717614219019097 0.712121388631949 0.713056835325948 0.357758856367673 0.213971932754351 0.225933996211853 -9999 0.253899430106355
-9999 -9999 -9999 -9999 -9999 -9999 -9999 -9999 -9999 -9999 -9999 -9999 -9999 -9999 -9999 -9999 -9999 -9999 -9999 0.205352317230972 0.201370491289827 0.185639968944621 0.201175946576491 0.24645925269505 0.293854412491099 0.349923989308319 0.709152853491219 0.24264595674522 0.427686743681539 0.31303641876071 0.258270720109807 0.212681396320848 0.354513947022709 0.709536207746395 0.37862665291376 0.605037596183103 0.212270057732638 0.167387449505684 0.194325377424228 0.194300750921038 0.194259012911164 0.168388008577001 0.164758651000698 0.185592158176291 0.176477539369541 -9999 -9999 -9999 0.234291175177355
-9999 -9999 -9999 -9999 -9999 -9999 -9999 -9999 -9999 -9999 -9999 -9999 -9999 -9999 -9999 -9999 -9999 -9999 -9999 0.321332534508778 0.202401923745164 0.178266593989333 0.181782787112969 0.186338030472499 0.204977185393787 0.268463934329478 0.34512965773005 0.706451806668193 0.706401370160758 0.668300443597106 0.25207274048211 0.634451296634646 0.700959455161768 0.704459686059152 0.38831901081718 0.404575661269876 0.149116558278137 0.192311688472764 0.253626133340942 0.370932119941186 0.272807546727036 0.196533068811959 0.176477539369541 0.164426560903817 0.161874534263042 0.147547043730847 -9999 -9999 -9999
-9999 -9999 -9999 -9999 -9999 -9999 -9999 -9999 -9999 -9999 -9999 -9999 -9999 -9999 -9999 -9999 -9999 -9999 0.234672054834368 0.216895169977397 0.301600981933033 0.181348404292199 0.155912445863303 0.156103677483629 0.188412278379771 0.178199056870511 0.179069006999285 0.288328490429393 0.706584583857532 0.272194156317398 0.227282385206417 0.246783360435915 0.284894046899932 0.644461033743804 0.704343689996826 0.704452796755829 0.20297059246947 0.227750707182826 -9999 -9999 0.297988664912034 0.619199694560484 0.317968981969944 0.224290175252883 0.207112309216229 0.163619342378977 -9999 -9999 -9999
-9999 -9999 -9999 -9999 -9999 -9999 -9999 -9999 -9999 -9999 -9999 -9999 -9999 -9999 -9999 -9999 -9999 -9999 0.28087496721355 0.241129651478023 0.199815767687394 0.155924988235901 0.154635956823447 0.176925147491808 0.156213375878052 0.203011836499695 0.26744649667194 0.259983425912494 0.275962194630742 0.191860864224303 0.173414142330365 0.218749160272407 0.230737975363153 0.24968751194447 0.290101696216028 0.275042097258532 -9999 -9999 -9999 -9999 -9999 -9999 0.249364676752955 0.226245231382975 0.3289004808169 0.189389108492389 0.183625995141497 -9999 -9999
-9999 -9999 -9999 0.259785957625951 0.242559149025887 0.263867506356294 0.26916531806267 0.269395290702445 0.231583556448234 0.223755025346359 0.251807829479075 0.295426658086038 0.20974857237331 0.208853362087182 0.196425186376229 0.247540287367056 0.260774733090272 0.273292739679617 0.247689361623251 0.266289263857494 0.245454117278346 0.206793564611686 0.199106931857418 0.200149729391768 0.195797367360774 0.205996991301693 0.185505994871897 0.171081284633012 -9999 -9999 -9999 -9999 0.198683402652755 0.223820622343925 -9999 -9999 -9999 -9999 -9999 -9999 -9999 -9999 0.208954078873029 0.18479571805178 0.198885154031282 0.213028522542344 0.206629256278645 0.164993812098279 0.162477787904564
-9999 -9999 -9999 0.256323557862011 0.253765949414762 0.225746281193036 0.20991364332007 0.364653310547924 0.67002316944868 0.274442274836611 0.273463287221923 0.424767830115535 0.218118917471458 0.229492295671703 0.222058524810069 0.214806048468827 0.269194757679524 0.236502495826924 0.263855515072669 0.680700840282214 0.604476701617269 0.603570269410318 0.56761246540832 0.576753858288072 0.672773102260902 0.325190059316819 0.18504735662695 -9999 -9999 -9999 -9999 -9999 -9999 -9999 -9999 -9999 -9999 -9999 -9999 -9999 -9999 -9999 -9999 0.154969321731295 0.176927264407216 0.184995044143944 0.210617402606763 0.580933024572983 0.194303508624275
-9999 -9999 -9999 -9999 0.249321025475373 0.248716507275184 0.306566044975683 0.670367819414963 0.22979506425567 0.147844097781214 0.147326728471557 0.147990769844817 0.14737017845319 0.148056999738661 0.208902905405991 0.220527190302976 0.202906471018385 0.147315282271472 0.184521458878131 0.200338385958214 0.210859090208859 0.208329534095835 0.221289458313814 0.257464948238702 0.334624904060255 0.528423870467068 0.1858414177174 0.147896737658461 -9999 -9999 -9999 -9999 -9999 -9999 -9999 -9999 -9999 -9999 -9999 -9999 -9999 -9999 -9999 -9999 0.191426092948803 0.19390915785755 0.222800171848353 0.299408069939075 0.206570404050725
-9999 -9999 -9999 0.262633528726758 0.289570215420319 0.285302906452117 0.216110185748133 0.202241542264893 0.147892060731849 0.147326728471557 0.147449622758013 0.148656682050587 0.148044368987677 0.14803363309395 0.14881300198962 0.148842813543146 0.148564277023204 0.148699137418291 0.147308088255642 0.148718337551414 0.147316729839303 0.147315282271472 0.147986588520971 0.147892680064584 0.191098981675045 0.200928732849046 0.164849464948295 -9999 -9999 -9999 -9999 -9999 -9999 -9999 -9999 -9999 -9999 -9999 -9999 -9999 -9999 -9999 -9999 -9999 -9999 -9999 0.218831050646836 0.275515689630298 0.253469528269671
-9999 -9999 -9999 -9999 0.26177085313656 0.255879281119082 0.148141761610834 0.148009369057212 0.147903965272731 0.147624629557366 0.14731830018536 0.147328183623096 0.147839857246733 0.148821482432413 0.149904536010762 0.148712266473407 0.148829583285025 0.14883345224 0.1486696997029 0.147308088255642 0.148107717081008 0.147815126690842 0.147810536545379 0.148215309336389 0.149549757508465 -9999 -9999 -9999 -9999 -9999 -9999 -9999 -9999 -9999 -9999 -9999 -9999 -9999 -9999 -9999 -9999 -9999 -9999 -9999 -9999 -9999 -9999 -9999 0.188439283308481
-9999 -9999 -9999 -9999 0.261931583401686 0.24715518716495 0.163748056583421 0.148119274672335 0.155533675920039 0.148371598370488 0.148822460825458 0.148699589886114 0.157448644035075 0.158412482309053 0.147827107553342 0.148047530493023 0.175262163432164 0.149910402970131 0.149728383194308 0.149789960309276 0.148623226139658 0.147870913626947 0.147896737658461 -9999 -9999 -9999 -9999 -9999 -9999 -9999 -9999 -9999 -9999 -9999 -9999 -9999 -9999 0.147896737658461 0.156591808594426 0.204610079001202 -9999 -9999 -9999 -9999 -9999 -9999 -9999 -9999 -9999
-9999 -9999 -9999 0.248035821421638 0.245051212434407 0.219047877962974 0.19246687212895 0.179169142364591 0.179127419075019 0.179565616665313 0.180666337398258 0.175960002424996 0.147812884444631 0.149414896756848 0.149218207559992 0.147326728471557 0.15668756297265 0.204953745788502 0.149751736191189 0.150327165188033 0.148166844166105 0.147885775040789 -9999 -9999 -9999 -9999 -9999 -9999 -9999 -9999 -9999 -9999 -9999 -9999 -9999 -9999 -9999 -9999 0.170916665086266 0.205570969498574 -9999 -9999 -9999 -9999 -9999 -9999 -9999 -9999 -9999
-9999 -9999 -9999 0.170283473218387 0.19203949132853 0.167022711835862 0.155651200052266 0.147890328856269 0.155533675920039 0.160734459299712 0.155646025857462 0.147880509546335 0.147316729839303 0.147308088255642 0.147308088255642 0.147316729839303 0.147318030936796 0.148057734048709 0.148041620561794 0.147820713611469 0.149414896756848 -9999 -9999 -9999 -9999 -9999 -9999 -9999 -9999 -9999 -9999 -9999 -9999 -9999 -9999 -9999 -9999 -9999 0.15619325844005 0.209813791316123 -9999 -9999 -9999 -9999 -9999 -9999 -9999 -9999 -9999
-9999 -9999 0.18915148804389 0.156265524387694 0.155688857505481 0.157361909687669 0.155654837831985 0.147890328856269 0.147890328856269 0.147890328856269 0.147982974049913 0.147987830051912 0.147892060731849 0.147306853985275 0.147316995319841 0.147316729839303 0.147316995319841 0.147316995319841 0.147810536545379 0.147993281135759 -9999 -9999 -9999 -9999 -9999 -9999 -9999 -9999 -9999 -9999 -9999 -9999 -9999 -9999 -9999 -9999 -9999 -9999 0.171263758344326 0.17393699033993 -9999 -9999 -9999 -9999 -9999 -9999 -9999 -9999 -9999
-9999 -9999 0.149574301149989 0.147897303869236 0.147891794754481 0.147740861833652 0.147318030936796 0.147657409313015 0.147595078712539 0.147832610744678 0.147903965272731 0.147903965272731 0.147549991688939 0.147315282271472 0.147315282271472 0.147326459222993 0.14788187624462 0.147316995319841 0.147308088255642 0.147307470512821 0.148490069554973 -9999 -9999 -9999 -9999 -9999 -9999 -9999 -9999 -9999 -9999 -9999 -9999 -9999 -9999 -9999 -9999 -9999 -9999 -9999 -9999 -9999 -9999 -9999 -9999 -9999 -9999 -9999 -9999
