Scripts_&_data/BRT_projection_files/BRT_CCV/B_alpinus_1_projection.asc
NCOLS 79 
NROWS 71 
XLLCORNER -10.5 
YLLCORNER 36 
CELLSIZE 0.5 
NODATA_value -9999 
[rows 42 to 62 of 71, columns 0 to 46 of 79]
-9999 -9999 -9999 -9999 -9999 -9999 -9999 -9999 -9999 -9999 0.00926611208009351 -9999 -9999 0.00927283043115471 -9999 -9999 -9999 -9999 -9999 -9999 -9999 -9999 -9999 -9999 0.00922536649197036 0.00922536649197036 0.00924054664806793 0.00924054664806793 0.00983443454973938 0.00943358082498184 0.00922536649197036 0.00926697436644781 0.0135401446973346 0.0136649123405289 0.0136423358809314 0.00923678564045438 0.00924054664806793 0.00924054664806793 0.00923678564045438 0.0123186763953567 0.00922536649197036 0.00923678564045438 0.00923847797986955 0.00922536649197036 0.00922536649197036 0.00924054664806793 0.00922536649197036
-9999 -9999 -9999 -9999 -9999 -9999 -9999 -9999 -9999 -9999 -9999 -9999 -9999 -9999 -9999 -9999 -9999 -9999 -9999 -9999 -9999 -9999 0.009252541386848 0.00923711277342954 0.00923723454689403 0.00923678564045438 0.00924054664806793 0.00924054664806793 0.00924054664806793 0.00923578244669924 0.012535807244442 0.00941343400376476 0.0123917909135575 0.00940249358421427 0.012321406551273 0.00923605398745912 0.00923469920594917 0.00923678564045438 0.00922090842569369 0.00923815074334167 0.00923678564045438 0.00923678564045438 0.00923678564045438 0.00924054664806793 0.00923815074334167 0.00924054664806793 0.00962428443465426
-9999 -9999 -9999 -9999 -9999 -9999 -9999 -9999 -9999 -9999 -9999 -9999 -9999 -9999 -9999 -9999 -9999 -9999 0.00923132340059068 0.00923608207514329 0.00923678564045438 0.00923578244669924 0.00923605398745912 0.00924054664806793 0.00924054664806793 0.00923678564045438 0.00924054664806793 0.00924054664806793 0.00923678564045438 0.00923678564045438 0.00948812577392932 0.00982051943619226 0.00940144803998694 0.012444760521082 0.00922536649197036 0.00922536649197036 0.00922536649197036 0.00923678564045438 0.00923815074334167 0.00923605398745912 0.00924648290474929 0.00925099986266575 0.00924855580519715 0.00923678564045438 0.00923469920594917 0.00923678564045438 0.00923578244669924
-9999 -9999 -9999 -9999 -9999 -9999 -9999 -9999 -9999 -9999 -9999 -9999 -9999 -9999 0.00924054664806793 -9999 -9999 -9999 0.00925940927386196 0.00926202256109015 0.00925099986266575 0.00924860667075296 0.00923678564045438 0.00923678564045438 0.00923678564045438 0.00923678564045438 0.00923678564045438 0.00924054664806793 0.00924054664806793 0.00924054664806793 0.00922536649197036 0.00946017704994001 0.00960364967015141 0.00924054664806793 0.00922329252992822 0.00924279079591086 0.00923815074334167 0.0092604091123854 0.00922536649197036 0.00924054664806793 0.00925514696521039 0.00922329252992822 0.00923731218123328 0.00923469920594917 0.00923774263426196 0.00923678564045438 0.00924172873929318
-9999 -9999 -9999 -9999 -9999 -9999 -9999 -9999 -9999 -9999 -9999 -9999 0.00922536649197036 0.00925869637655568 0.00922588541984862 0.00924054664806793 0.00924054664806793 0.00923678564045438 0.00925514696521039 0.00925514696521039 0.00922329252992822 0.00923847797986955 0.00923469920594917 0.00923678564045438 0.00923678564045438 0.00923678564045438 0.00923678564045438 0.00923678564045438 0.00924054664806793 0.00924054664806793 0.00924151299997498 0.00960820552766915 0.0126262288563276 0.00925514696521039 0.00925931015958503 0.0092604091123854 0.00923605398745912 0.0123802933729028 0.0106748498591266 0.00923815074334167 0.00924860667075296 0.00924648290474929 0.00923265372732097 0.00923605398745912 0.00922536649197036 0.00923578244669924 0.00926302333306585
-9999 -9999 -9999 -9999 -9999 -9999 -9999 -9999 -9999 -9999 -9999 -9999 -9999 -9999 0.00926611208009351 0.00924054664806793 0.00923469920594917 0.00923469920594917 0.00922329252992822 0.00924054664806793 0.00923469920594917 0.00923469920594917 0.00923469920594917 0.00923678564045438 0.00923678564045438 0.00924054664806793 0.00924054664806793 0.00924054664806793 0.00924054664806793 0.00925222526093185 0.00924151299997498 0.00965268687497925 0.00948210358273045 0.0123814653983279 0.0122947328963752 0.0123633284738703 0.00926186531627159 0.0125656141730326 0.0094660956067823 0.00923685053473174 0.00926873402857333 0.00927075016210158 0.00941550924386637 0.0132537950042931 0.0136791259426131 0.0135808452113369 0.0273948442585563
-9999 -9999 -9999 -9999 -9999 -9999 -9999 -9999 -9999 -9999 -9999 -9999 -9999 -9999 -9999 -9999 -9999 0.00924860667075296 0.0092339837874704 0.00923469920594917 0.00923678564045438 0.00923678564045438 0.00923678564045438 0.00924054664806793 0.00924054664806793 0.00924054664806793 0.00923815074334167 0.00923605398745912 0.00925856479338454 0.00927501648538662 0.00922090842569369 0.00982051943619226 0.0123461855653076 0.0123889562839869 0.0123459739627045 0.00951115790163053 0.0094976149368753 0.00927027527446814 0.00939529805211321 0.0118939902972544 0.0239459381639216 0.511703073072125 0.609602153728118 0.592289958960194 0.337516832794483 0.486220614410006 0.611437107993825
-9999 -9999 -9999 -9999 -9999 -9999 -9999 -9999 -9999 -9999 -9999 -9999 -9999 -9999 -9999 -9999 -9999 0.00922536649197036 0.00922536649197036 0.00922090842569369 0.00924054664806793 0.00923678564045438 0.00924054664806793 0.00924173888262747 0.00924054664806793 0.00924172873929318 0.00923847797986955 0.00923608207514329 0.00923578244669924 0.0132090172765231 0.0092339837874704 0.00925568681876484 0.0123732198364957 0.0123636818291209 0.00927283043115471 0.00926183170084394 0.0147690902269741 0.53874024541375 0.424052921809723 0.425237207561474 0.285415337886935 0.819029724845108 0.788511514015757 0.627315931554635 0.580746860309568 0.644823974224018 0.688036940549039
-9999 -9999 -9999 -9999 -9999 -9999 -9999 -9999 -9999 -9999 -9999 -9999 -9999 -9999 -9999 -9999 -9999 -9999 -9999 0.00922090842569369 0.00922536649197036 0.00923605398745912 0.00923934297790121 0.00923711277342954 0.00925307490216932 0.00923221312946933 0.00924648290474929 0.00923847797986955 0.00923578244669924 0.00923711277342954 0.00922536649197036 0.00926387639368118 0.0122878440235846 0.0123290641522292 0.0123703106094981 0.335034268591626 0.589002569931223 0.687685095678286 0.470970255985363 0.491673503998704 0.446903864818503 0.455987789264325 0.424405295380679 0.182386112720571 0.292343351351854 0.342602499699297 0.0123440245344519
-9999 -9999 -9999 -9999 -9999 -9999 -9999 -9999 -9999 -9999 -9999 -9999 -9999 -9999 -9999 -9999 -9999 -9999 -9999 0.00922536649197036 0.00922536649197036 0.00922536649197036 0.00925307490216932 0.0092604091123854 0.0123009641944177 0.00926186531627159 0.0092604091123854 0.00924054664806793 0.00922536649197036 0.00964233011221517 0.0122779389609916 0.0092604091123854 0.0123902700530595 0.0124626637745424 0.653457231287349 0.689048208071033 0.707778098594666 0.0123935079203142 0.0123591029803789 0.0123935341090231 0.0123561272055648 0.0123766623573752 0.0123572455337077 0.0123732679801454 0.00986348903498144 0.00926186531627159 0.00926387639368118
-9999 -9999 -9999 -9999 -9999 -9999 -9999 -9999 -9999 -9999 -9999 -9999 -9999 -9999 -9999 -9999 -9999 -9999 -9999 0.00922536649197036 0.00922329252992822 0.00922536649197036 0.00922536649197036 0.0130917187318455 0.0123094357901121 0.0123009641944177 0.0135564701335179 0.00923847797986955 0.0123713604819404 0.0123261208254102 0.0123061321669788 0.00926186531627159 0.0122947328963752 0.46671680126842 0.56942906663758 0.266007149099882 0.00947593384999822 0.00923605398745912 0.00922536649197036 0.00922536649197036 0.00922536649197036 0.00921887941507119 0.00924912769952628 0.00922536649197036 0.00922536649197036 -9999 -9999
-9999 -9999 -9999 -9999 -9999 -9999 -9999 -9999 -9999 -9999 -9999 -9999 -9999 -9999 -9999 -9999 -9999 -9999 -9999 0.009252541386848 0.00923578244669924 0.00923847797986955 0.00924054664806793 0.00923815074334167 0.00926302333306585 0.0125588112651132 0.0123422289114752 0.0137003155913649 0.0129344553767045 0.0123699297200183 0.0123845529512866 0.0124109780631082 0.0123545794727573 0.24119889582418 0.735039707728437 0.0137835965194182 0.00923678564045438 0.00923678564045438 0.0096126589246119 0.0123559453728577 0.0124591826921798 0.00925514696521039 0.00922536649197036 0.0092385104207771 0.00923474941316356 0.00923678564045438 -9999
-9999 -9999 -9999 -9999 -9999 -9999 -9999 -9999 -9999 -9999 -9999 -9999 -9999 -9999 -9999 -9999 -9999 -9999 0.0093644370884974 0.00927867832015079 0.00923603497502035 0.00924054664806793 0.00923847797986955 0.00923847797986955 0.00923904438147395 0.00922095341584649 0.00928100346356628 0.0124065330970125 0.0193115385450174 0.0124145812114268 0.0122953332403142 0.0123514257187036 0.0123699011809899 0.0123516115657329 0.0190313035840108 0.0140278140029048 0.00922536649197036 0.012610290109557 -9999 -9999 0.0125741183961725 0.00936234947724534 0.00925931015958503 0.0092604091123854 0.00922536649197036 0.00924054664806793 -9999
-9999 -9999 -9999 -9999 -9999 -9999 -9999 -9999 -9999 -9999 -9999 -9999 -9999 -9999 -9999 -9999 -9999 -9999 0.0123511257554375 0.0126073145731845 0.00922654328935184 0.00924054664806793 0.00923678564045438 0.00923678564045438 0.00924054664806793 0.00925514696521039 0.0124133127032112 0.0124006487726879 0.0123449195764456 0.00922536649197036 0.00923678564045438 0.0123475262117981 0.012355401701291 0.0122852351465373 0.0124745085009053 0.0129585887296383 -9999 -9999 -9999 -9999 -9999 -9999 0.00949097209325033 0.00925514696521039 0.00922536649197036 0.00923605398745912 0.00922536649197036
-9999 -9999 -9999 0.0125095959499356 0.0125610443535377 0.0123125024052193 0.0123125024052193 0.012776424879744 0.00957980811550098 0.00938790796256556 0.00938687528870857 0.00965488023366374 0.00957943249366446 0.00936123408923663 0.00934856603529365 0.0131347953199139 0.0127311092153045 0.0137275754118451 0.0123405239075855 0.0123703922364993 0.00926387639368118 0.00925514696521039 0.00922329252992822 0.00922654328935184 0.00922329252992822 0.00925514696521039 0.00923605398745912 0.00923678564045438 -9999 -9999 -9999 -9999 0.00931112087140971 0.00932706478400783 -9999 -9999 -9999 -9999 -9999 -9999 -9999 -9999 0.00922536649197036 0.00923815074334167 0.00924054664806793 0.0094712771163461 0.009252541386848
-9999 -9999 -9999 0.0124064348556104 0.0123045734487263 0.0123298490060638 0.0122827833702168 0.0124032700790209 0.0124295626322065 0.0123644878338504 0.0123716937944832 0.0123902785915711 0.0144579148290221 0.0123409079838615 0.0144536882179913 0.0123103728005583 0.0123978731504141 0.0124819637110486 0.0124211821890697 0.0123367580242974 0.00930593478515974 0.0737923906376919 0.00928397434273536 0.00934700143284978 0.00931949149672843 0.00932211958958707 0.00923815074334167 -9999 -9999 -9999 -9999 -9999 -9999 -9999 -9999 -9999 -9999 -9999 -9999 -9999 -9999 -9999 -9999 0.00923678564045438 0.00924054664806793 0.00922536649197036 0.00922536649197036
-9999 -9999 -9999 -9999 0.0123645673219281 0.0122653063010645 0.0125175329049189 0.0124816212242465 0.012308062387368 0.00923892928564934 0.00925870459913763 0.00923892928564934 0.00925870459913763 0.00923678564045438 0.00926042282752457 0.00925675016995239 0.0122897399010469 0.00923892928564934 0.00949813684601036 0.0124764863824446 0.012476802109408 0.0123714522081671 0.0123193647693933 0.0123129476522021 0.012308062387368 0.00927241349280924 0.00922536649197036 0.00924362532344398 -9999 -9999 -9999 -9999 -9999 -9999 -9999 -9999 -9999 -9999 -9999 -9999 -9999 -9999 -9999 -9999 0.00922536649197036 0.0092604091123854 0.00925514696521039
-9999 -9999 -9999 0.0123074724662831 0.0122462398399784 0.0123110452745282 0.0123499165969437 0.0123721240460097 0.00925657448466949 0.00966361968682113 0.00909631161189609 0.0093819548734927 0.00926393125329049 0.00925870459913763 0.00925657448466949 0.00925657448466949 0.00925276606014907 0.00926144735906254 0.0073332984774823 0.0073332984774823 0.00939793812841858 0.00937737772011654 0.00930024936877025 0.00923793522444447 0.0123602616710942 0.0122859005684138 0.00924054664806793 -9999 -9999 -9999 -9999 -9999 -9999 -9999 -9999 -9999 -9999 -9999 -9999 -9999 -9999 -9999 -9999 -9999 -9999 -9999 0.0092604091123854
-9999 -9999 -9999 -9999 0.0122983109686536 0.0123125024052193 0.00923678564045438 0.00925657448466949 0.00926383209119766 0.0090619198480591 0.00734791394757915 0.00905700840402747 0.00926144735906254 0.00925657448466949 0.00925657448466949 0.00925870459913763 0.00927278851981368 0.00969406025202745 0.00909631161189609 0.00734791394757915 0.00734791394757915 0.00835560183492845 0.00927278851981368 0.00923678564045438 0.00923678564045438 -9999 -9999 -9999 -9999 -9999 -9999 -9999 -9999 -9999 -9999 -9999 -9999 -9999 -9999 -9999 -9999 -9999 -9999 -9999 -9999 -9999 -9999
-9999 -9999 -9999 -9999 0.0122913547178946 0.0123143575572832 0.00923605398745912 0.00925276606014907 0.00926401036957837 0.00923469920594917 0.00924155648403898 0.00923682120087425 0.00923678564045438 0.00923678564045438 0.00924414394658175 0.00925870459913763 0.00925607102116214 0.00925657448466949 0.00927278851981368 0.00926144735906254 0.00926393125329049 0.00925657448466949 0.00923678564045438 -9999 -9999 -9999 -9999 -9999 -9999 -9999 -9999 -9999 -9999 -9999 -9999 -9999 -9999 0.00923678564045438 0.00923815074334167 0.00922536649197036 -9999 -9999 -9999 -9999 -9999 -9999 -9999
-9999 -9999 -9999 0.0123398613438186 0.0123094186145461 0.00932531640297114 0.0092604091123854 0.00927501648538662 0.00928031250797118 0.00927023643737065 0.00928397434273536 0.00922536649197036 0.00923678564045438 0.0096670112247713 0.00966361968682113 0.00925657448466949 0.00925657448466949 0.00925607102116214 0.00909631161189609 0.00927278851981368 0.00925657448466949 0.00923678564045438 -9999 -9999 -9999 -9999 -9999 -9999 -9999 -9999 -9999 -9999 -9999 -9999 -9999 -9999 -9999 -9999 0.00922329252992822 0.009252541386848 -9999 -9999 -9999 -9999 -9999 -9999 -9999
