Scripts_&_data/BRT_projection_files/BRT_CCV/B_barbutellus_2_projection.asc
NCOLS 79 
NROWS 71 
XLLCORNER -10.5 
YLLCORNER 36 
CELLSIZE 0.5 
NODATA_value -9999 
[rows 42 to 62 of 71, columns 0 to 48 of 79]
-9999 -9999 -9999 -9999 -9999 -9999 -9999 -9999 -9999 -9999 0.371919142702478 -9999 -9999 0.275560472326742 -9999 -9999 -9999 -9999 -9999 -9999 -9999 -9999 -9999 -9999 0.200208845418392 0.148401957602593 0.130954661292382 0.255698992586725 0.616961696041774 0.519987609877772 0.206130740201983 0.320259664486179 0.198635950385791 0.239384400594152 0.252095178928094 0.247425209014986 0.221383168201651 0.223689328920332 0.240869579889067 0.281889333110143 0.192695111591995 0.291098329084613 0.262582584813729 0.229063238079696 0.224100412811967 0.222835842626886 0.385157799260444 0.278247767176821 0.322326712169032
-9999 -9999 -9999 -9999 -9999 -9999 -9999 -9999 -9999 -9999 -9999 -9999 -9999 -9999 -9999 -9999 -9999 -9999 -9999 -9999 -9999 -9999 0.338567154571568 0.224129860801155 0.143371140098057 0.128919724648593 0.110894929399652 0.141472169544166 0.163864847647256 0.357459942888666 0.303192180699885 0.411404293639706 0.264798137777076 0.453709072231922 0.380939762952195 0.206918514447127 0.199559560462486 0.267274515120235 0.207652833480314 0.250311619633098 0.277348768685062 0.224926027439949 0.239057913985733 0.270003602175648 0.213698249071823 0.202928889468532 0.315511882545574 0.396795749499608 0.268843337772024
-9999 -9999 -9999 -9999 -9999 -9999 -9999 -9999 -9999 -9999 -9999 -9999 -9999 -9999 -9999 -9999 -9999 -9999 0.177491428112091 0.324316102747204 0.196615234235862 0.39941861289971 0.198106542465881 0.146323960374927 0.0640627516842824 0.0948176272981748 0.103794468325782 0.182355944613048 0.136917975801693 0.171265724267478 0.24722646631693 0.365512716487885 0.218393153118754 0.328464864222076 0.181900205630503 0.220455356558475 0.351756496258263 0.163592030993419 0.176338726536192 0.197457633364848 0.340673994599388 0.37747975237994 0.397593903270768 0.286014406238294 0.213447520399103 0.22873145159555 0.222564697802511 0.309282549604581 0.494721443088448
-9999 -9999 -9999 -9999 -9999 -9999 -9999 -9999 -9999 -9999 -9999 -9999 -9999 -9999 0.168402939477731 -9999 -9999 -9999 0.442211267240305 0.526568636538173 0.447832126949681 0.41779275836299 0.22822167105277 0.111590806629361 0.0944942802694871 0.157395051583296 0.142835941121942 0.0623667643379588 0.119192442572638 0.136401360275144 0.190459664133492 0.353542265522556 0.332361773481204 0.354878594798199 0.337239161759204 0.220500288364435 0.221408015812985 0.219729048907635 0.248746170397616 0.322537468747174 0.231286772252487 0.22589407680086 0.280943887845834 0.302857863347848 0.327624665448413 0.274006777525566 0.27448107673925 0.308320453864776 0.198755431043081
-9999 -9999 -9999 -9999 -9999 -9999 -9999 -9999 -9999 -9999 -9999 -9999 0.228119295092078 0.210138729528119 0.200845194350924 0.119578057407714 0.0604717958510212 0.0737928553492096 0.091446372768098 0.126830957165103 0.223493582612698 0.184752569679231 0.220151257059332 0.117258216866563 0.0605415093759493 0.0629763228996291 0.120247695218671 0.0937294066094641 0.0858125534052233 0.172714808860622 0.173401326991151 0.353466815260855 0.348928552718228 0.237576139782191 0.237171002312388 0.265728941246734 0.184046799334073 0.321795156166649 0.381064475794553 0.219040818533482 0.380006526612629 0.325555387053669 0.401803267513653 0.441779128541744 0.51330162069203 0.360458952020828 0.391847092159344 0.464370543690157 0.449553561810721
-9999 -9999 -9999 -9999 -9999 -9999 -9999 -9999 -9999 -9999 -9999 -9999 -9999 -9999 0.196980974053704 0.110919791667627 0.106184604954475 0.0649642630400093 0.0679598853400719 0.0599724958341971 0.106010803241901 0.193473026956927 0.105860889391454 0.100494983251516 0.132297803768859 0.129880018130794 0.0988968001549291 0.103007624942762 0.173990238262286 0.181921775777268 0.211048471678764 0.357350215424304 0.413535243502757 0.325574040878851 0.264640134996817 0.445305082603624 0.589289141763271 0.279245849743956 0.538066220352106 0.550438242494004 0.428564605848089 0.369376524909723 0.445210754801906 0.241587898645912 0.28098846871668 0.433617410442661 0.440888568258924 0.567209926958901 0.380063324048651
-9999 -9999 -9999 -9999 -9999 -9999 -9999 -9999 -9999 -9999 -9999 -9999 -9999 -9999 -9999 -9999 -9999 0.118997025503553 0.111332349842478 0.124236383666879 0.0741688484827392 0.103813029073531 0.119438249998854 0.104697644907322 0.103342166178638 0.129241660248484 0.1048021280794 0.209056421639762 0.225648069173702 0.286325982387455 0.262178757195339 0.189589784566064 0.301178702078714 0.232154982843133 0.307894415214161 0.528797687683608 0.715243599745835 0.612044841643152 0.551529731084348 0.334024564135615 0.621873917907731 0.256868676284705 0.412483368572208 0.533141514425304 0.328183432217682 0.317224576164979 0.46402410286649 0.304659535923637 0.373524756901402
-9999 -9999 -9999 -9999 -9999 -9999 -9999 -9999 -9999 -9999 -9999 -9999 -9999 -9999 -9999 -9999 -9999 0.0990639158295187 0.0585800071143075 0.0633876205701352 0.0630770698550842 0.0682167065810172 0.0643942973026611 0.0994186177314017 0.0642173864307001 0.0986932733820964 0.136620017686152 0.172123737825978 0.298948333370378 0.399861057688566 0.20160066264853 0.169005923499091 0.36254673304823 0.292877635006249 0.527606060713394 0.504786107646698 0.588042087960646 0.281035742658573 0.325890301344454 0.284104211538574 0.314442167295042 0.319140696417297 0.276057769573879 0.229653230405671 0.21878795038286 0.282845054459707 0.360718844123122 0.398122341896744 0.313700477115106
-9999 -9999 -9999 -9999 -9999 -9999 -9999 -9999 -9999 -9999 -9999 -9999 -9999 -9999 -9999 -9999 -9999 -9999 -9999 0.0605106596378943 0.062879552542465 0.0576797134170385 0.107925743606098 0.259015768294838 0.266785281531614 0.367457086088974 0.341353265341403 0.314111362111033 0.320872197057214 0.264422666834524 0.255457851311948 0.247280066933307 0.278587078835265 0.619253126262187 0.339313362246903 0.300970987352446 0.2719403891699 0.282697486417514 0.221019537658697 0.267165556978934 0.380158177796826 0.255735858392135 0.176339978988085 0.25452583697531 0.179763067803985 0.163752307780283 0.307096724876391 0.398510782723392 0.249013242901395
-9999 -9999 -9999 -9999 -9999 -9999 -9999 -9999 -9999 -9999 -9999 -9999 -9999 -9999 -9999 -9999 -9999 -9999 -9999 0.0960340442973799 0.061438433140474 0.111828572927203 0.194092186683031 0.211715873535556 0.320279791053463 0.279617026506293 0.22091889364737 0.208127650771305 0.240842861288234 0.363266789582462 0.272303349512796 0.159226854536894 0.254688981613676 0.234218666648613 0.194900509957761 0.280715510125648 0.238961282295846 0.301992240161343 0.245456219857963 0.19984210942612 0.493149283495267 0.296265133684272 0.298645444588904 0.247858522981538 0.576249552454898 0.0833411003283499 0.0731548883571954 -9999 0.191601907377522
-9999 -9999 -9999 -9999 -9999 -9999 -9999 -9999 -9999 -9999 -9999 -9999 -9999 -9999 -9999 -9999 -9999 -9999 -9999 0.192801227365282 0.103517144924319 0.164105428988075 0.160520991089326 0.188658713943309 0.149335891676344 0.429522817256202 0.268895959047905 0.277048322611526 0.259327104177056 0.248945970055273 0.190429121231253 0.166364142827448 0.26955736347731 0.209891717170784 0.164016580527007 0.202982610592667 0.254506983263071 0.0640321794896704 0.0613159490283825 0.0903298467768374 0.0574092962284219 0.0635573697413463 0.0589340737428959 0.0588373618689737 0.0711757027892044 -9999 -9999 -9999 0.192934870388706
-9999 -9999 -9999 -9999 -9999 -9999 -9999 -9999 -9999 -9999 -9999 -9999 -9999 -9999 -9999 -9999 -9999 -9999 -9999 0.145312509446569 0.154012825848216 0.181641306648471 0.156851202148834 0.145177038580317 0.168088153112214 0.342831895771065 0.339852694146452 0.280230283820488 0.241257775707431 0.325797492486033 0.162299420361851 0.237372985371989 0.212621189877536 0.203190425722632 0.181070934393606 0.421433363219481 0.0623828142154144 0.106164660648543 0.118361169051471 0.368874235047483 0.208341420552263 0.101381913592704 0.0754487661266581 0.0643054706929831 0.0710460239546395 0.199838408218099 -9999 -9999 -9999
-9999 -9999 -9999 -9999 -9999 -9999 -9999 -9999 -9999 -9999 -9999 -9999 -9999 -9999 -9999 -9999 -9999 -9999 0.188897797358745 0.147794351903755 0.150850479075656 0.135577873474657 0.108402364001275 0.106542650897227 0.178699045176927 0.134824464676088 0.466914079238195 0.407452902729007 0.152436849234033 0.164032693450881 0.16391000673506 0.316822443169348 0.254722478786615 0.290269502184885 0.12814596775964 0.209416348873553 0.193455050921658 0.188856285460423 -9999 -9999 0.184350838321899 0.247073150763513 0.211394860041093 0.214197209994243 0.102908387110247 0.105662785981821 -9999 -9999 -9999
-9999 -9999 -9999 -9999 -9999 -9999 -9999 -9999 -9999 -9999 -9999 -9999 -9999 -9999 -9999 -9999 -9999 -9999 0.194471991039104 0.26132740880034 0.142535498146808 0.0641957044812505 0.0632666169360026 0.147931845704289 0.0651999796643103 0.110979697627356 0.174323557628782 0.232772408989204 0.190135780689462 0.180256581508501 0.205072769730329 0.20772952504533 0.15211056404343 0.146633042446399 0.204817846982136 0.188033861218611 -9999 -9999 -9999 -9999 -9999 -9999 0.205243888491311 0.140997839557775 0.222261739222458 0.204556482641819 0.100559208577418 -9999 -9999
-9999 -9999 -9999 0.184400843063559 0.218005810182192 0.138815630998507 0.251101285334283 0.236583947251564 0.403636412227827 0.564014002543191 0.491008021933381 0.469736698188868 0.295695292854913 0.31188625581516 0.361291689742723 0.174913593744807 0.161205612786878 0.317984054954799 0.229473814693263 0.18947996657189 0.173711196539339 0.169493208287565 0.10392208521837 0.135603180772277 0.100139766977729 0.155591551205934 0.148677737033505 0.20652878909661 -9999 -9999 -9999 -9999 0.342314117908892 0.333480562812479 -9999 -9999 -9999 -9999 -9999 -9999 -9999 -9999 0.138891587905284 0.130944579299109 0.102027895310628 0.167265626845106 0.195176092100838 0.123263451378767 0.219869975286097
-9999 -9999 -9999 0.234977268916015 0.147551154816646 0.161096378293038 0.433091421272144 0.480403920679214 0.381738250454843 0.413604907388023 0.333522008814122 0.376929103524758 0.472195609269536 0.399296571192302 0.447496231560048 0.417599861026658 0.396831244857266 0.195338663570145 0.191232692418291 0.197639464454969 0.465923070730217 0.126187458726461 0.347047385854341 0.216068356870444 0.358700925531089 0.383360906746206 0.126285026726315 -9999 -9999 -9999 -9999 -9999 -9999 -9999 -9999 -9999 -9999 -9999 -9999 -9999 -9999 -9999 -9999 0.140605609127846 0.16871305640318 0.100832866606169 0.124259273972007 0.361709641323341 0.103560358311694
-9999 -9999 -9999 -9999 0.183864640281025 0.197208488465813 0.311784193129147 0.172354713896874 0.306904193728721 0.206860791553532 0.146564262629805 0.0772776587793641 0.0786339505615229 0.237627743684204 0.226322922901137 0.316016862716768 0.353808155719968 0.213312815941257 0.136394850023213 0.130102010757861 0.191446536954349 0.161679519548806 0.222889768241325 0.239179435095437 0.227914235377313 0.350633854884918 0.147771554192966 0.205063062231051 -9999 -9999 -9999 -9999 -9999 -9999 -9999 -9999 -9999 -9999 -9999 -9999 -9999 -9999 -9999 -9999 0.194870338845548 0.16875358129705 0.148892067532212 0.239746081071076 0.212406678263467
-9999 -9999 -9999 0.186341165543737 0.200153370879329 0.444805255461005 0.191563676649003 0.179721984506709 0.13066195395631 0.169873554914844 0.0781891643152227 0.099673216378575 0.0777625082899876 0.182807845408856 0.14422112317406 0.167101335766155 0.358948468227948 0.25543605315346 0.170401366482509 0.210985417177788 0.174389392214866 0.19055166558636 0.277920334545219 0.270478110834817 0.274546709342286 0.154732883816827 0.250675225155142 -9999 -9999 -9999 -9999 -9999 -9999 -9999 -9999 -9999 -9999 -9999 -9999 -9999 -9999 -9999 -9999 -9999 -9999 -9999 0.36937336309519 0.282169643506868 0.227144735590691
-9999 -9999 -9999 -9999 0.21361600398199 0.16107340519187 0.182234546563556 0.1862179986585 0.197516448360847 0.197490265603223 0.07881279233992 0.0993221180000305 0.145839540931769 0.376171359681527 0.208665844485308 0.162794425330553 0.207195965756837 0.266911534970981 0.222117544038811 0.153360890747345 0.191624611998655 0.14113152367051 0.281140087682939 0.268548408965904 0.253937797952103 -9999 -9999 -9999 -9999 -9999 -9999 -9999 -9999 -9999 -9999 -9999 -9999 -9999 -9999 -9999 -9999 -9999 -9999 -9999 -9999 -9999 -9999 -9999 0.194802544594218
-9999 -9999 -9999 -9999 0.31386719277438 0.140685772640363 0.190426848153397 0.216460694138128 0.18140916128407 0.318106321841101 0.25617165535892 0.293397540064496 0.486881101478595 0.238487937259229 0.265595530688063 0.212502276096545 0.132908769111731 0.245161280486999 0.422427134524113 0.219834690495334 0.154994767728588 0.235549692562732 0.187339557448849 -9999 -9999 -9999 -9999 -9999 -9999 -9999 -9999 -9999 -9999 -9999 -9999 -9999 -9999 0.153181752323803 0.215017287647136 0.147583584121737 -9999 -9999 -9999 -9999 -9999 -9999 -9999 -9999 -9999
-9999 -9999 -9999 0.148508125823791 0.222936644996336 0.425528384206742 0.310681069304388 0.212557374367262 0.267771353425544 0.236227313948102 0.186036035936948 0.253937076520046 0.203503442474179 0.401529255741884 0.351732866253929 0.173543591242084 0.184873587303073 0.1525113114723 0.409781485458606 0.25859899620514 0.24166037069089 0.167809950857367 -9999 -9999 -9999 -9999 -9999 -9999 -9999 -9999 -9999 -9999 -9999 -9999 -9999 -9999 -9999 -9999 0.205354689876377 0.13209618544883 -9999 -9999 -9999 -9999 -9999 -9999 -9999 -9999 -9999
