Scripts_&_data/BRT_projection_files/BRT_CCV/B_balteatus_1_projection.asc
NCOLS 79 
NROWS 71 
XLLCORNER -10.5 
YLLCORNER 36 
CELLSIZE 0.5 
NODATA_value -9999 
[rows 40 to 59 of 71, columns 0 to 46 of 79]
-9999 -9999 -9999 -9999 -9999 -9999 -9999 -9999 -9999 -9999 -9999 -9999 -9999 -9999 -9999 0.00745173295821805 0.00745173295821805 0.00745173295821805 0.00745173295821805 0.00745173295821805 0.00745173295821805 0.00745173295821805 0.00745173295821805 0.00745173295821805 -9999 -9999 -9999 0.00745173295821805 0.00745173295821805 0.00745173295821805 0.00745173295821805 0.00745173295821805 0.00745173295821805 0.00745173295821805 0.00745173295821805 0.00745173295821805 0.00745173295821805 0.00745173295821805 0.00745173295821805 0.00745094257754018 0.00745173295821805 0.00745173295821805 0.00745173295821805 0.0074509695778786 0.0074509695778786 0.0074509695778786 0.00745173295821805
-9999 -9999 -9999 -9999 -9999 -9999 -9999 -9999 -9999 -9999 -9999 -9999 0.00743961767651136 0.00743961767651136 0.00745173295821805 0.00745173295821805 0.00745173295821805 0.00745173295821805 -9999 -9999 -9999 0.00745173295821805 -9999 -9999 0.00745173295821805 0.00745173295821805 0.00745173295821805 0.00745173295821805 0.00745173295821805 0.00745173295821805 0.00745173295821805 0.00745173295821805 0.00745173295821805 0.00745173295821805 0.00745173295821805 0.00745173295821805 0.00745645203990536 0.00745645203990536 0.00745358807914068 0.00745094257754018 0.00745173295821805 0.00745173295821805 0.00745173295821805 0.00745173295821805 0.00745173295821805 0.00745173295821805 0.00745173295821805
-9999 -9999 -9999 -9999 -9999 -9999 -9999 -9999 -9999 -9999 0.00745173295821805 -9999 -9999 0.00745173295821805 -9999 -9999 -9999 -9999 -9999 -9999 -9999 -9999 -9999 -9999 0.00745173295821805 0.00745173295821805 0.00745173295821805 0.00745173295821805 0.00745173295821805 0.00745173295821805 0.00745173295821805 0.00745173295821805 0.00745645203990536 0.00745645203990536 0.00745678525263382 0.00745173295821805 0.00745173295821805 0.00745173295821805 0.00745173295821805 0.00745645203990536 0.00745173295821805 0.00745173295821805 0.00745173295821805 0.00745173295821805 0.00745173295821805 0.00745173295821805 0.00745173295821805
-9999 -9999 -9999 -9999 -9999 -9999 -9999 -9999 -9999 -9999 -9999 -9999 -9999 -9999 -9999 -9999 -9999 -9999 -9999 -9999 -9999 -9999 0.00745173295821805 0.00745173295821805 0.00745173295821805 0.00745173295821805 0.00745173295821805 0.00745173295821805 0.00745173295821805 0.00745173295821805 0.00745678525263382 0.00745173295821805 0.00745645203990536 0.00745173295821805 0.00745645203990536 0.00745173295821805 0.00745173295821805 0.0074509695778786 0.00745173295821805 0.00745173295821805 0.00745173295821805 0.00745173295821805 0.00745173295821805 0.00745173295821805 0.00745173295821805 0.00745173295821805 0.00745094257754018
-9999 -9999 -9999 -9999 -9999 -9999 -9999 -9999 -9999 -9999 -9999 -9999 -9999 -9999 -9999 -9999 -9999 -9999 0.00745173295821805 0.00745173295821805 0.00745173295821805 0.00745173295821805 0.00745173295821805 0.00745173295821805 0.00745173295821805 0.00745173295821805 0.00745173295821805 0.00745173295821805 0.00745173295821805 0.00745173295821805 0.00745173295821805 0.00745173295821805 0.00745173295821805 0.00745678525263382 0.00745173295821805 0.00745173295821805 0.00745173295821805 0.00745173295821805 0.00745173295821805 0.00745173295821805 0.00745173295821805 0.00745173295821805 0.00745173295821805 0.00745173295821805 0.00745173295821805 0.00745173295821805 0.00745173295821805
-9999 -9999 -9999 -9999 -9999 -9999 -9999 -9999 -9999 -9999 -9999 -9999 -9999 -9999 0.00745173295821805 -9999 -9999 -9999 0.00745173295821805 0.00745173295821805 0.00745173295821805 0.00745173295821805 0.00745173295821805 0.00745173295821805 0.00745173295821805 0.00745173295821805 0.00745173295821805 0.00745173295821805 0.00745173295821805 0.00745173295821805 0.00745173295821805 0.00745173295821805 0.00745094257754018 0.00745173295821805 0.00745173295821805 0.00745173295821805 0.00745173295821805 0.00745173295821805 0.00745173295821805 0.00745173295821805 0.00745173295821805 0.00745173295821805 0.00745173295821805 0.00745173295821805 0.00745173295821805 0.00745173295821805 0.00745173295821805
-9999 -9999 -9999 -9999 -9999 -9999 -9999 -9999 -9999 -9999 -9999 -9999 0.00745173295821805 0.00745173295821805 0.00745173295821805 0.00745173295821805 0.00745173295821805 0.00745173295821805 0.00745173295821805 0.00745173295821805 0.00745173295821805 0.00745173295821805 0.00745173295821805 0.00745173295821805 0.00745173295821805 0.00745173295821805 0.00745173295821805 0.00745173295821805 0.00745173295821805 0.00745173295821805 0.00745173295821805 0.00745094257754018 0.00745678525263382 0.00745173295821805 0.00743961767651136 0.00745173295821805 0.00745173295821805 0.00745645203990536 0.00745094257754018 0.00745173295821805 0.00745173295821805 0.00745173295821805 0.00745173295821805 0.00745173295821805 0.00745173295821805 0.00745173295821805 0.00745173295821805
-9999 -9999 -9999 -9999 -9999 -9999 -9999 -9999 -9999 -9999 -9999 -9999 -9999 -9999 0.00745173295821805 0.00745173295821805 0.00745173295821805 0.00745173295821805 0.00745173295821805 0.00745173295821805 0.00745173295821805 0.00745173295821805 0.00745173295821805 0.00745173295821805 0.00745173295821805 0.00745173295821805 0.00745173295821805 0.00745173295821805 0.00745173295821805 0.00745173295821805 0.00745173295821805 0.00745173295821805 0.00745094257754018 0.00745645203990536 0.0074400136313361 0.00745645203990536 0.00745173295821805 0.00745678525263382 0.00745173295821805 0.00745173295821805 0.00745173295821805 0.00743961767651136 0.00745173295821805 0.00745645203990536 0.00744431458681817 0.00744200356519447 0.00743213654643409
-9999 -9999 -9999 -9999 -9999 -9999 -9999 -9999 -9999 -9999 -9999 -9999 -9999 -9999 -9999 -9999 -9999 0.00745173295821805 0.00745173295821805 0.00745173295821805 0.00745173295821805 0.00745173295821805 0.00745173295821805 0.00745173295821805 0.00745173295821805 0.00745173295821805 0.00745173295821805 0.00745173295821805 0.00745173295821805 0.00745173295821805 0.00745173295821805 0.00745173295821805 0.00745645203990536 0.00745645203990536 0.007447932380531 0.00745173295821805 0.00745173295821805 0.00743961767651136 0.00742747791105366 0.0108568752401153 0.00744167035246601 0.0107003221281932 0.0140426107121904 0.00772270744515259 0.00746504561918741 0.00745094257754018 0.0123742063140674
-9999 -9999 -9999 -9999 -9999 -9999 -9999 -9999 -9999 -9999 -9999 -9999 -9999 -9999 -9999 -9999 -9999 0.00745173295821805 0.00745173295821805 0.00745173295821805 0.00745173295821805 0.00745173295821805 0.00745173295821805 0.00745173295821805 0.00745173295821805 0.00745173295821805 0.00745173295821805 0.00745173295821805 0.00745173295821805 0.00745678525263382 0.00745173295821805 0.00745173295821805 0.00744167035246601 0.00742670355041832 0.00745173295821805 0.0074432354702242 0.00743961767651136 0.0125396156912596 0.0123631495441558 0.012378242481452 0.0129957883789801 0.0465504234441326 0.0436268979526201 0.0149451626540942 0.0193064416699549 0.0428265529350901 0.0110969515390898
-9999 -9999 -9999 -9999 -9999 -9999 -9999 -9999 -9999 -9999 -9999 -9999 -9999 -9999 -9999 -9999 -9999 -9999 -9999 0.00745173295821805 0.00745173295821805 0.00745173295821805 0.00745173295821805 0.00745173295821805 0.00745173295821805 0.00745173295821805 0.00745173295821805 0.00745173295821805 0.00745173295821805 0.00745173295821805 0.00745173295821805 0.00745173295821805 0.00744431458681817 0.007447932380531 0.00744431458681817 0.0131881532733125 0.0299405395686834 0.0097393432093689 0.0102399963894962 0.00770210937605505 0.017347189408808 0.0312225008351922 0.0344809649147385 0.00745645203990536 0.0163224025255239 0.00771753902007653 0.00744431458681817
-9999 -9999 -9999 -9999 -9999 -9999 -9999 -9999 -9999 -9999 -9999 -9999 -9999 -9999 -9999 -9999 -9999 -9999 -9999 0.00745173295821805 0.00745173295821805 0.00745173295821805 0.00745173295821805 0.00745173295821805 0.00745645203990536 0.00745173295821805 0.00745173295821805 0.00745173295821805 0.00745173295821805 0.00745173295821805 0.00745678525263382 0.00745173295821805 0.00745645203990536 0.00749380909205623 0.0127143934613451 0.0199645334533757 0.00984716731105681 0.00745645203990536 0.00744431458681817 0.00744431458681817 0.00744431458681817 0.00744431458681817 0.00745645203990536 0.00745645203990536 0.00745173295821805 0.00745173295821805 0.0074432354702242
-9999 -9999 -9999 -9999 -9999 -9999 -9999 -9999 -9999 -9999 -9999 -9999 -9999 -9999 -9999 -9999 -9999 -9999 -9999 0.00745173295821805 0.00745173295821805 0.00745173295821805 0.00745173295821805 0.00745645203990536 0.00745645203990536 0.007447932380531 0.00744431458681817 0.00745173295821805 0.00745645203990536 0.00745645203990536 0.00745645203990536 0.00745173295821805 0.00744431458681817 0.00745645203990536 0.0116675366176813 0.00745841340825938 0.00745173295821805 0.00745173295821805 0.00745173295821805 0.00745173295821805 0.00745173295821805 0.00745173295821805 0.00745173295821805 0.00745173295821805 0.00745173295821805 -9999 -9999
-9999 -9999 -9999 -9999 -9999 -9999 -9999 -9999 -9999 -9999 -9999 -9999 -9999 -9999 -9999 -9999 -9999 -9999 -9999 0.00745173295821805 0.00745173295821805 0.00745173295821805 0.00745173295821805 0.00745173295821805 0.00745173295821805 0.00745678525263382 0.00744431458681817 0.00745678525263382 0.00745645203990536 0.00744431458681817 0.00745645203990536 0.00745645203990536 0.00745645203990536 0.00749380909205623 0.00770493347207208 0.00745358807914068 0.00745173295821805 0.00745173295821805 0.00745094257754018 0.00745645203990536 0.00745678525263382 0.00745173295821805 0.00745173295821805 0.00778705638047315 0.0077532124566897 0.0074509695778786 -9999
-9999 -9999 -9999 -9999 -9999 -9999 -9999 -9999 -9999 -9999 -9999 -9999 -9999 -9999 -9999 -9999 -9999 -9999 0.00745173295821805 0.00745173295821805 0.00745173295821805 0.00745173295821805 0.00745173295821805 0.00745173295821805 0.00745173295821805 0.00745173295821805 0.00745173295821805 0.00745645203990536 0.00769525900356661 0.00745645203990536 0.00745678525263382 0.00745645203990536 0.00745645203990536 0.00745645203990536 0.0109069776452443 0.00745645203990536 0.00745173295821805 0.00746451241303155 -9999 -9999 0.00744363737962129 0.00743961767651136 0.00743961767651136 0.00745173295821805 0.00745173295821805 0.00745173295821805 -9999
-9999 -9999 -9999 -9999 -9999 -9999 -9999 -9999 -9999 -9999 -9999 -9999 -9999 -9999 -9999 -9999 -9999 -9999 0.00745645203990536 0.00745094257754018 0.00745173295821805 0.00745173295821805 0.00745173295821805 0.00745173295821805 0.00745173295821805 0.00745173295821805 0.00745645203990536 0.00745645203990536 0.00744431458681817 0.00745173295821805 0.00745173295821805 0.00745645203990536 0.00745645203990536 0.00745645203990536 0.00748027010734037 0.00991366068377428 -9999 -9999 -9999 -9999 -9999 -9999 0.00745173295821805 0.00745173295821805 0.00745173295821805 0.00745173295821805 0.00745173295821805
-9999 -9999 -9999 0.00744431458681817 0.00745645203990536 0.00745645203990536 0.0074521510844233 0.0109640533704371 0.0103291150027684 0.00747989861922474 0.00745801539881763 0.00904297329165701 0.00910773352725387 0.00743961767651136 0.00745173295821805 0.00915276516643435 0.00859835003539551 0.00743912663031656 0.00744167035246601 0.00744431458681817 0.00745173295821805 0.00745173295821805 0.00745173295821805 0.00745173295821805 0.00745173295821805 0.00745173295821805 0.00745173295821805 0.00745173295821805 -9999 -9999 -9999 -9999 0.00745173295821805 0.00745173295821805 -9999 -9999 -9999 -9999 -9999 -9999 -9999 -9999 0.00745173295821805 0.00745173295821805 0.00745173295821805 0.00745173295821805 0.00745173295821805
-9999 -9999 -9999 0.00744167035246601 0.00744431458681817 0.00745645203990536 0.0074521510844233 0.00748879234046419 0.0074521510844233 0.00745645203990536 0.00745645203990536 0.00745645203990536 0.00745094257754018 0.00745645203990536 0.00745094257754018 0.00745645203990536 0.00745645203990536 0.00745678525263382 0.00745645203990536 0.00744431458681817 0.00745173295821805 0.00781283081410382 0.00745173295821805 0.00745173295821805 0.00745173295821805 0.00745173295821805 0.00745173295821805 -9999 -9999 -9999 -9999 -9999 -9999 -9999 -9999 -9999 -9999 -9999 -9999 -9999 -9999 -9999 -9999 0.00745173295821805 0.00745173295821805 0.00745173295821805 0.00745173295821805
-9999 -9999 -9999 -9999 0.00742670355041832 0.00745645203990536 0.00749380909205623 0.00745645203990536 0.00745645203990536 0.00745167462139627 0.00745167462139627 0.00745167462139627 0.00745167462139627 0.0074509695778786 0.00745173295821805 0.00745173295821805 0.00745645203990536 0.00745167462139627 0.0074550564623506 0.00745678525263382 0.00745678525263382 0.00745645203990536 0.00745645203990536 0.00745645203990536 0.00745645203990536 0.00745173295821805 0.00745173295821805 0.0074509695778786 -9999 -9999 -9999 -9999 -9999 -9999 -9999 -9999 -9999 -9999 -9999 -9999 -9999 -9999 -9999 -9999 0.00745173295821805 0.00745173295821805 0.00745173295821805
-9999 -9999 -9999 0.00743213654643409 0.00746441003642998 0.0074400136313361 0.00745645203990536 0.00745645203990536 0.00745173295821805 0.00745554721927607 0.00733292197768078 0.00739664611530217 0.00745167462139627 0.00745167462139627 0.00745173295821805 0.00745173295821805 0.0074509695778786 0.00745408064599129 0.00770606109838721 0.00770606109838721 0.00732309198207515 0.00732309198207515 0.00745554721927607 0.00745449592962907 0.00745645203990536 0.00745645203990536 0.00745173295821805 -9999 -9999 -9999 -9999 -9999 -9999 -9999 -9999 -9999 -9999 -9999 -9999 -9999 -9999 -9999 -9999 -9999 -9999 -9999 0.00745173295821805
