Scripts_&_data/BRT_projection_files/BRT_CCV/B_bohemicus_1_projection.asc
NCOLS 79 
NROWS 71 
XLLCORNER -10.5 
YLLCORNER 36 
CELLSIZE 0.5 
NODATA_value -9999 
[rows 42 to 62 of 71, columns 0 to 48 of 79]
-9999 -9999 -9999 -9999 -9999 -9999 -9999 -9999 -9999 -9999 0.15422630331175 -9999 -9999 0.236811583731589 -9999 -9999 -9999 -9999 -9999 -9999 -9999 -9999 -9999 -9999 0.238873549988918 0.372676980947845 0.628239225582312 0.647782639690015 0.631358156217573 0.586186889564153 0.613245605977648 0.674827676609958 0.628149408454644 0.661047241371438 0.5798515173938 0.567538917247728 0.633803803197314 0.648979595000435 0.744854269948766 0.666639003923781 0.622019512765826 0.546591709785131 0.666166731278492 0.631723737248332 0.605611419468062 0.641425148487382 0.702986746377966 0.494314063556277 0.295767746233787
-9999 -9999 -9999 -9999 -9999 -9999 -9999 -9999 -9999 -9999 -9999 -9999 -9999 -9999 -9999 -9999 -9999 -9999 -9999 -9999 -9999 -9999 0.219075616875278 0.336390142342361 0.160262536602258 0.15411344729995 0.132980900552295 0.27974877237891 0.318094320699125 0.409733109602528 0.528309571811815 0.622670378034853 0.617127879505752 0.696459341276431 0.601152753460134 0.541498281360744 0.542206828107557 0.239682156505454 0.686568189431396 0.63891529322329 0.563369682234573 0.47640829110839 0.570414075787523 0.642701950523332 0.581997257277781 0.552456438802148 0.499658912666499 0.284967709773968 0.215240813071288
-9999 -9999 -9999 -9999 -9999 -9999 -9999 -9999 -9999 -9999 -9999 -9999 -9999 -9999 -9999 -9999 -9999 -9999 0.108273179236991 0.1670538634745 0.110075315032572 0.352350975573945 0.139859362044201 0.276974155391273 0.0868741499676001 0.132216163063199 0.0938064379671239 0.120822729817331 0.145319385205417 0.165182113096046 0.204006445816993 0.317341127944746 0.403616590785728 0.646095563398375 0.604941733419321 0.642953922368644 0.564269592377549 0.385206024186669 0.623475876557962 0.647998266606919 0.643759017443646 0.65602365174921 0.686496335245172 0.63974966922744 0.502506816531359 0.634237077069773 0.635562213011429 0.703467470603541 0.482207494948734
-9999 -9999 -9999 -9999 -9999 -9999 -9999 -9999 -9999 -9999 -9999 -9999 -9999 -9999 0.0677129003901812 -9999 -9999 -9999 0.160152277565288 0.477949988410153 0.520131230075481 0.258422228481414 0.182783375359945 0.093562850985671 0.133980471217613 0.103051124801599 0.0934665875094004 0.0846264051859352 0.112242768488433 0.119916543291422 0.114651005098158 0.344203836049395 0.3279823052636 0.643618054919562 0.610610951533954 0.584052283606465 0.438419886991412 0.682381370079453 0.670885553320213 0.695164886871756 0.628493634283563 0.647567559414947 0.610439133027724 0.606780565986663 0.545167190325209 0.623497970494846 0.577011803501983 0.735461464892596 0.712269507510154
-9999 -9999 -9999 -9999 -9999 -9999 -9999 -9999 -9999 -9999 -9999 -9999 0.148099899217401 0.252031780318678 0.148891810671682 0.0976893324071708 0.0711102162017019 0.10954130519473 0.116017192962992 0.153137283600215 0.194845210536017 0.170811097804837 0.151662026369285 0.11202347405672 0.0800521504089038 0.0764886954011609 0.0516043426786772 0.0681545586317233 0.0804946641033885 0.0872584245848005 0.112654203098767 0.355696536142876 0.389529954414028 0.609015543837417 0.63774210762782 0.648809160831546 0.650717588891463 0.721938522161091 0.694193236763543 0.647688865808341 0.663449882678916 0.708481275140083 0.745895103361452 0.652178008838097 0.747285451998747 0.539434815874976 0.606842811088784 0.651531341410768 0.614828860883537
-9999 -9999 -9999 -9999 -9999 -9999 -9999 -9999 -9999 -9999 -9999 -9999 -9999 -9999 0.0548304324760701 0.0507118125227549 0.080194395734624 0.0834793228060831 0.072223781077017 0.0549810457865553 0.119295508341168 0.108499196342502 0.133136611045393 0.0786463309341875 0.0840028407984393 0.0683186202792367 0.0730836410121876 0.0736767137217115 0.0833146030381925 0.156436751338745 0.317431846356229 0.303578566642829 0.24985312044773 0.412062569065454 0.717061445522586 0.621896469023515 0.618281616106879 0.671090355864607 0.653603596819746 0.733742870847294 0.704446258892116 0.675180328094024 0.723540035534166 0.734682345684925 0.772720251286353 0.795876456025803 0.783789075991873 0.797777588075461 0.743918872260026
-9999 -9999 -9999 -9999 -9999 -9999 -9999 -9999 -9999 -9999 -9999 -9999 -9999 -9999 -9999 -9999 -9999 0.0820295837091418 0.0702331236870892 0.0553083462577579 0.052497230815141 0.0527630445999937 0.0521369734463947 0.069368756115256 0.068566509208619 0.0677840725515841 0.0655932708500804 0.13235224542269 0.228221726114818 0.434282917067829 0.175860842141907 0.109796547822317 0.219259328472699 0.468162605957497 0.710134437226329 0.695281727158109 0.633468845460186 0.667312318624945 0.718109719057926 0.522889998365102 0.790718331707576 0.685435958844451 0.729106269415254 0.794005999575262 0.756741605258419 0.692648797706988 0.721328831024076 0.719503757811551 0.764357896164938
-9999 -9999 -9999 -9999 -9999 -9999 -9999 -9999 -9999 -9999 -9999 -9999 -9999 -9999 -9999 -9999 -9999 0.0436277341816941 0.044224457232036 0.0445936102707766 0.0468693758594792 0.0657381503932148 0.0473816530612746 0.0503490639245914 0.0673598554469268 0.0718839600983205 0.121766236376992 0.143824935874837 0.349580250511937 0.631876932605862 0.215094451321082 0.233701768302888 0.458598136213636 0.696862435731456 0.625299643479692 0.737141330239106 0.78084679131155 0.612191913463173 0.66642693741686 0.645913264315372 0.700184311596465 0.575475277116074 0.457476930883927 0.592582717542367 0.556242171169684 0.638801063643046 0.698501742823833 0.736533001371158 0.761556100389748
-9999 -9999 -9999 -9999 -9999 -9999 -9999 -9999 -9999 -9999 -9999 -9999 -9999 -9999 -9999 -9999 -9999 -9999 -9999 0.0442104757438415 0.0492161833751965 0.0447817286815633 0.0712152389371637 0.203835685663025 0.400235519468252 0.488294545695174 0.527613724363397 0.323857463674916 0.311721354066397 0.745575293195718 0.219053415798311 0.194623355222543 0.642098574090339 0.716817356721832 0.733664394034741 0.713067957645778 0.710247741315784 0.689826968961915 0.722281983491454 0.734074134805434 0.658076045735386 0.565662973137646 0.556405277739738 0.740353122256601 0.593877198217946 0.745613033568927 0.619476183638881 0.477488683288469 0.201607748876399
-9999 -9999 -9999 -9999 -9999 -9999 -9999 -9999 -9999 -9999 -9999 -9999 -9999 -9999 -9999 -9999 -9999 -9999 -9999 0.0432264544787144 0.0436325439135512 0.0493864296373524 0.0893465503418775 0.142508288815552 0.450678467929026 0.502955920938762 0.627162926883951 0.456626479148968 0.581641685058176 0.530041582067058 0.35738474542795 0.124673460474764 0.574354087987127 0.717319861798333 0.716264281661404 0.46921895695792 0.474992232997259 0.62000274966301 0.117332326430495 0.0853248371558439 0.676629913159988 0.674834902769629 0.703164304370393 0.646998075344565 0.587209488229346 0.0528361446258841 0.0588645395431331 -9999 0.0593395496065537
-9999 -9999 -9999 -9999 -9999 -9999 -9999 -9999 -9999 -9999 -9999 -9999 -9999 -9999 -9999 -9999 -9999 -9999 -9999 0.0561265461437289 0.0964126324947878 0.0542974088582497 0.0462180565817183 0.0600684340956038 0.0998317183981699 0.470161682054949 0.655105067889032 0.570197891062749 0.387077237357765 0.619865343831463 0.13470242445891 0.109129211130201 0.64364804363591 0.637378419682267 0.478849140649454 0.648533309250051 0.0894810775065049 0.0479677468431581 0.0571622026284411 0.0800522147576897 0.0575735454934884 0.0522267463737689 0.0559855316354372 0.0571564100708241 0.055965112050217 -9999 -9999 -9999 0.0465467759463645
-9999 -9999 -9999 -9999 -9999 -9999 -9999 -9999 -9999 -9999 -9999 -9999 -9999 -9999 -9999 -9999 -9999 -9999 -9999 0.0686956456761573 0.0868423768760482 0.0599619833867962 0.0480264078268875 0.0503829704275605 0.111821631392432 0.237374833053407 0.448051622297301 0.653636233959948 0.558009952425734 0.64115462624951 0.0529813355188771 0.547788207394576 0.612263233184986 0.646838436362341 0.533001948676015 0.714699086743553 0.0641012251535756 0.0557681826479641 0.0504921861632302 0.423840809725042 0.0953987240599724 0.0506678067719934 0.0535686038642704 0.0569415481049631 0.0497977864882185 0.054630863589117 -9999 -9999 -9999
-9999 -9999 -9999 -9999 -9999 -9999 -9999 -9999 -9999 -9999 -9999 -9999 -9999 -9999 -9999 -9999 -9999 -9999 0.0531129667435377 0.0620377955733499 0.0587952384523403 0.0476794105156904 0.0509539830089255 0.0832361453779259 0.0824138255418073 0.137011816271088 0.414773631357048 0.439258678305745 0.631119895728691 0.0529880125626702 0.0497681931472951 0.224413383106031 0.393402537239998 0.545327912748682 0.619485856907243 0.630189508159386 0.362225659930305 0.0495054306390982 -9999 -9999 0.0551029812359448 0.726686574392274 0.58280388423582 0.401049721337679 0.0515028102156994 0.0574273000149968 -9999 -9999 -9999
-9999 -9999 -9999 -9999 -9999 -9999 -9999 -9999 -9999 -9999 -9999 -9999 -9999 -9999 -9999 -9999 -9999 -9999 0.057207348104825 0.0499971545313627 0.0617015595905802 0.0523678309227991 0.0502530977300953 0.06207550581426 0.0452499693346569 0.0507541980107211 0.0954982031483258 0.0512084052964969 0.0549403455312563 0.0503755538213044 0.0602947086442326 0.0568579712377746 0.0482808955573931 0.0817265483624124 0.0535852237348757 0.0520053130238845 -9999 -9999 -9999 -9999 -9999 -9999 0.0560113286766063 0.0733253127782428 0.387889448864642 0.340485917718964 0.0497869713971429 -9999 -9999
-9999 -9999 -9999 0.0529823122375739 0.0591277495676603 0.21444309392778 0.151674768041421 0.171489534636172 0.364975077375011 0.640660953371163 0.45349740962194 0.276630807970734 0.0891070656069141 0.0604709920981943 0.0535865339186985 0.0563251226416756 0.0504995291074154 0.0564600393702013 0.0992402486588992 0.0565742862777056 0.0601853653390858 0.053974201812764 0.0644024629657402 0.052488253363862 0.0535673721231936 0.0543171853009536 0.0481178407462726 0.0551485790996287 -9999 -9999 -9999 -9999 0.052590173755441 0.0577884690805203 -9999 -9999 -9999 -9999 -9999 -9999 -9999 -9999 0.0521521129041305 0.047014723039157 0.0486367266029113 0.0484650323174152 0.171028314692829 0.0470163613900274 0.0480080688054807
-9999 -9999 -9999 0.0542351499506824 0.0522777133658846 0.0978449049058559 0.120750455273945 0.395953039275377 0.50200629423169 0.448046095038304 0.383968434862532 0.404489939463935 0.290463160794583 0.303838411793853 0.25065308018461 0.337134466720244 0.379743911338015 0.0957941361735696 0.230765181780163 0.612419181223438 0.700130108943396 0.724860662784169 0.654018229093952 0.636690368132374 0.643166229073779 0.261601785102124 0.0529184727592724 -9999 -9999 -9999 -9999 -9999 -9999 -9999 -9999 -9999 -9999 -9999 -9999 -9999 -9999 -9999 -9999 0.0467680557013883 0.0501683678561838 0.0454951282562318 0.0534835017843642 0.555349055569113 0.0578859840887753
-9999 -9999 -9999 -9999 0.0527000507103607 0.0540950228037374 0.38409484396104 0.491862055509191 0.29880148406935 0.0524463162957421 0.0567584557648166 0.0758305557949805 0.0585880869975115 0.0939233010238154 0.356500575503144 0.425993077683088 0.12532438806094 0.0557601114198658 0.0521623959067665 0.0677079723161657 0.129209760046375 0.0465675626749255 0.300801166250022 0.350921505204988 0.448211092414749 0.600705252686787 0.0531902838820176 0.0529121361141093 -9999 -9999 -9999 -9999 -9999 -9999 -9999 -9999 -9999 -9999 -9999 -9999 -9999 -9999 -9999 -9999 0.0516976072287553 0.0496609388884897 0.0569529073828039 0.457007411977081 0.394176487590987
-9999 -9999 -9999 0.0550680644838779 0.138043346273298 0.157730603593465 0.04629385116022 0.0469160167589153 0.0546333205564485 0.0547908554432316 0.0584800253871784 0.0584971611600455 0.0745128063577305 0.0748565546583476 0.0720902881942968 0.0963329725891132 0.0927682914532698 0.0660755439517162 0.0544350124715545 0.0586162479842608 0.0550762238978858 0.0588080564144994 0.052317524186534 0.0597234800091122 0.0563523611605747 0.0660551976508529 0.0481467377740304 -9999 -9999 -9999 -9999 -9999 -9999 -9999 -9999 -9999 -9999 -9999 -9999 -9999 -9999 -9999 -9999 -9999 -9999 -9999 0.0891590653016258 0.0592887819073217 0.0511139543628677
-9999 -9999 -9999 -9999 0.0630120966491374 0.0504590099573833 0.0520690774523852 0.0522455822219645 0.0933638453084411 0.0606595832388305 0.0581115157213375 0.0571013107052702 0.0524675934594856 0.111334586602939 0.160392472130979 0.0723394054767731 0.0928357350691371 0.0928378423145512 0.0712752616710039 0.056374886337728 0.0599329371057644 0.0550570284186707 0.052626907172722 0.0520671000128043 0.061661238507418 -9999 -9999 -9999 -9999 -9999 -9999 -9999 -9999 -9999 -9999 -9999 -9999 -9999 -9999 -9999 -9999 -9999 -9999 -9999 -9999 -9999 -9999 -9999 0.0547567763235288
-9999 -9999 -9999 -9999 0.0511210225571925 0.0479916773843317 0.0458731730361207 0.0520081057828743 0.100049994149209 0.061145418308008 0.0844827547533116 0.128945529667518 0.212288553917275 0.206496807145185 0.050665244740312 0.0525577582955188 0.255867522657047 0.0982293446733636 0.102883875601902 0.0983227616383286 0.0641093540681684 0.0524757575720187 0.0522797680081455 -9999 -9999 -9999 -9999 -9999 -9999 -9999 -9999 -9999 -9999 -9999 -9999 -9999 -9999 0.0544708923773988 0.0445369522257601 0.0613422383597233 -9999 -9999 -9999 -9999 -9999 -9999 -9999 -9999 -9999
-9999 -9999 -9999 0.0502466292474338 0.0502021474422747 0.05549130131773 0.0528368116568614 0.0542095376196697 0.0543892748128056 0.11588759294605 0.162265292353282 0.0480046694455839 0.0517765483610876 0.0817219678205386 0.0523252820247632 0.054835084031922 0.071046862560313 0.223826907245838 0.0987654851268085 0.104191767192673 0.0528290564993125 0.0522843187971817 -9999 -9999 -9999 -9999 -9999 -9999 -9999 -9999 -9999 -9999 -9999 -9999 -9999 -9999 -9999 -9999 0.0724886693545886 0.0566818735723095 -9999 -9999 -9999 -9999 -9999 -9999 -9999 -9999 -9999
