Scripts_&_data/BRT_projection_files/BRT_CCV/B_campestris_2_projection.asc
NCOLS 79 
NROWS 71 
XLLCORNER -10.5 
YLLCORNER 36 
CELLSIZE 0.5 
NODATA_value -9999 
[rows 44 to 65 of 71, columns 0 to 48 of 79]
-9999 -9999 -9999 -9999 -9999 -9999 -9999 -9999 -9999 -9999 -9999 -9999 -9999 -9999 -9999 -9999 -9999 -9999 0.282589439282743 0.203093012420841 0.213711377114914 0.277067340683378 0.213765290379433 0.193258171768791 0.157191622670961 0.192643320389526 0.206561383734962 0.166902032195941 0.250724946209212 0.337736175656178 0.289676437906545 0.342473059889458 0.398896598850993 0.628865769748484 0.652141287100618 0.568143953918221 0.408203865804242 0.21219787633879 0.627366619598349 0.580938192486328 0.594995122645687 0.614458515961571 0.659970483675438 0.569196533547556 0.484114641250152 0.595131858627597 0.536417418034445 0.549192517617928 0.55074931629274
-9999 -9999 -9999 -9999 -9999 -9999 -9999 -9999 -9999 -9999 -9999 -9999 -9999 -9999 0.196642201191046 -9999 -9999 -9999 0.331694462021449 0.62050925490819 0.623648694826343 0.529821447477988 0.395753086454279 0.139499237200424 0.240771291480995 0.232638961640499 0.218005408975005 0.130336752451237 0.133298229655425 0.180080819071019 0.275551196200809 0.356860587562291 0.418349615004982 0.662239811763843 0.542456826374058 0.461052517185129 0.19405941142412 0.300261673097711 0.479353641714624 0.612969352084628 0.509936785151791 0.579732374288262 0.497814112763794 0.627820666096909 0.63205818975249 0.623798052352515 0.6064980553976 0.583338042898796 0.444360316251633
-9999 -9999 -9999 -9999 -9999 -9999 -9999 -9999 -9999 -9999 -9999 -9999 0.22120152710299 0.331329012190304 0.162602471072582 0.200768271772271 0.20009308633515 0.295300625408176 0.240955300620665 0.236885546763039 0.369737209217664 0.242093299374249 0.306388819368677 0.159753651940825 0.119551918088682 0.156829603679156 0.198098616238232 0.16389442531818 0.12230773517188 0.169046647867456 0.295059605767412 0.384125095303204 0.402917887811957 0.442455823899407 0.301614402666457 0.29479930080173 0.405971182600703 0.6308592534154 0.599495672841743 0.582591860586744 0.582103143766502 0.602057543694911 0.573326364139847 0.645486188463902 0.644947548699398 0.544100016342159 0.625186578594682 0.649370498250785 0.612502520480929
-9999 -9999 -9999 -9999 -9999 -9999 -9999 -9999 -9999 -9999 -9999 -9999 -9999 -9999 0.202071805003927 0.229772122537212 0.250675178514775 0.227787079405941 0.273039907860374 0.194729483624673 0.195400242042468 0.234356113811104 0.170455456831457 0.165449506755116 0.186154275597265 0.153947984680429 0.164007691798807 0.125172449949823 0.163403610986277 0.341325206198944 0.331549743904256 0.345191279104876 0.411515595762948 0.490073718504975 0.682011612841467 0.588198798590162 0.575429063134133 0.64083056161235 0.648160022714182 0.58728607702282 0.704322777412349 0.752468572339227 0.642023311142989 0.661914881600112 0.705087837390277 0.733426643837573 0.739498443150923 0.763406588078908 0.570745030329494
-9999 -9999 -9999 -9999 -9999 -9999 -9999 -9999 -9999 -9999 -9999 -9999 -9999 -9999 -9999 -9999 -9999 0.435473001526309 0.390240104219614 0.26267689084783 0.188538841443434 0.162742947313135 0.217454768127126 0.143033943817718 0.123196719642113 0.162828246062972 0.147212936092404 0.14311356815894 0.302730813704815 0.359705104382126 0.485026957089953 0.2105970583268 0.37337386824307 0.535543134722051 0.637377678549446 0.687011257089131 0.795713054952214 0.80897792620792 0.799507407417453 0.609085694537883 0.76231546919891 0.336386604674261 0.311893109051491 0.688217277240846 0.690265797008735 0.463958113786853 0.385148613810563 0.500242290566119 0.474104321268665
-9999 -9999 -9999 -9999 -9999 -9999 -9999 -9999 -9999 -9999 -9999 -9999 -9999 -9999 -9999 -9999 -9999 0.249486295499735 0.226354937785395 0.187330596426683 0.182882433380465 0.144482528644889 0.162438031703651 0.139174861288604 0.189938366752774 0.147883102052631 0.153236494462505 0.216827806280214 0.19585596966972 0.529967563959506 0.190809916804669 0.221967417764998 0.586365090099814 0.575582402884788 0.743653994719895 0.729182764135759 0.766886706230382 0.363932596761065 0.238244854273703 0.197930348302171 0.201727691478738 0.14719470623878 0.164885277238497 0.261923930875531 0.225382374479339 0.13994260175635 0.328562948486352 0.46421571605449 0.527440459101252
-9999 -9999 -9999 -9999 -9999 -9999 -9999 -9999 -9999 -9999 -9999 -9999 -9999 -9999 -9999 -9999 -9999 -9999 -9999 0.143987473292952 0.224553382662765 0.126307597912882 0.219378714007193 0.219903773245707 0.344824307935276 0.463551829838528 0.610975961372138 0.393541315781014 0.429593152064768 0.572030600366488 0.406895958031322 0.223363375865197 0.629228779086554 0.712445843399569 0.706003902636711 0.248564110402261 0.22216347700058 0.336678810347969 0.58567328605946 0.548765320864516 0.273678475781472 0.185675077260877 0.1664071086926 0.577736843765365 0.195509230374253 0.435666221662359 0.554390485394456 0.58903928897389 0.547245188444888
-9999 -9999 -9999 -9999 -9999 -9999 -9999 -9999 -9999 -9999 -9999 -9999 -9999 -9999 -9999 -9999 -9999 -9999 -9999 0.237502350720494 0.151869620827473 0.217492260552693 0.205598238042712 0.205009975346163 0.54815543262118 0.28419394791587 0.43119706534714 0.498525609175098 0.25084255834797 0.672958418890509 0.248819133379198 0.216177404748678 0.643387862633477 0.592031932081525 0.489689097981621 0.241593916391823 0.373861072664603 0.631014324836787 0.370764009812623 0.290431699244477 0.747193687040606 0.711037550359457 0.511659343663703 0.584988188676808 0.716400898480453 0.213981136267705 0.161718216366425 -9999 0.32917012101898
-9999 -9999 -9999 -9999 -9999 -9999 -9999 -9999 -9999 -9999 -9999 -9999 -9999 -9999 -9999 -9999 -9999 -9999 -9999 0.198339562549431 0.218025548462433 0.174685702767571 0.237608312847401 0.175929882192913 0.202153371126969 0.501930875187539 0.435101597858762 0.452215223282032 0.444315059749119 0.561434665605677 0.22639025717138 0.198689447514955 0.705002393990989 0.402552067480591 0.248780351072757 0.480137457796581 0.23103340188658 0.132540694353527 0.156289357403884 0.187961866227075 0.17801974953637 0.135985553064719 0.197066164258429 0.156024694461192 0.198334698472013 -9999 -9999 -9999 0.163408576669296
-9999 -9999 -9999 -9999 -9999 -9999 -9999 -9999 -9999 -9999 -9999 -9999 -9999 -9999 -9999 -9999 -9999 -9999 -9999 0.16433360702973 0.209744917365532 0.198054355105023 0.12342258651176 0.146309611906693 0.212283495729281 0.441322439538905 0.455393862977735 0.408630627168887 0.393223137609302 0.573808811248218 0.204583300608001 0.391253084902128 0.415039827059819 0.431485566537802 0.362773022126911 0.60007167784672 0.164548849705565 0.183643135477133 0.192963043302193 0.429116965277109 0.186270405279284 0.212992390038025 0.222101675145872 0.14051659715557 0.12889997912541 0.109610627615849 -9999 -9999 -9999
-9999 -9999 -9999 -9999 -9999 -9999 -9999 -9999 -9999 -9999 -9999 -9999 -9999 -9999 -9999 -9999 -9999 -9999 0.188362898892248 0.149450086184508 0.154830793061834 0.127978069793053 0.182204428940589 0.177646598508525 0.166432857958125 0.180289338899069 0.576567310629787 0.532149254088805 0.497431048006929 0.229729769912219 0.171093068428719 0.352208617742757 0.373370742358634 0.363923879868027 0.356754864508131 0.385696868302727 0.352022614877542 0.190888284730752 -9999 -9999 0.240503440701023 0.302007515621885 0.329443321144653 0.519181844078494 0.190262502119101 0.193854794569664 -9999 -9999 -9999
-9999 -9999 -9999 -9999 -9999 -9999 -9999 -9999 -9999 -9999 -9999 -9999 -9999 -9999 -9999 -9999 -9999 -9999 0.163442650595592 0.124999915525056 0.168913531803386 0.106108163026845 0.104243921742105 0.227354362171296 0.177658259126191 0.220262287032449 0.155328239079211 0.202124410633008 0.194626034299663 0.158018302559027 0.167426320321851 0.183243961969296 0.18634888585767 0.151969615890247 0.177957191305017 0.254718460316359 -9999 -9999 -9999 -9999 -9999 -9999 0.218157070134913 0.208948450655272 0.306015515887498 0.469067072100611 0.208772008157136 -9999 -9999
-9999 -9999 -9999 0.233464537331994 0.183801112741958 0.197547642827154 0.130724558790719 0.245793348211531 0.331655464370109 0.603960144005272 0.557727380844504 0.534623139978992 0.257341918468193 0.26797358964524 0.234547282869271 0.214419078684223 0.265264518240574 0.233103358846444 0.270261465932542 0.217972842741783 0.254689324221544 0.174182520179226 0.226929783928261 0.152836636666527 0.179301925294049 0.216879902727259 0.1689061038808 0.165496823490006 -9999 -9999 -9999 -9999 0.161944666819279 0.191028687289587 -9999 -9999 -9999 -9999 -9999 -9999 -9999 -9999 0.162034818958037 0.146475712370173 0.157650618064683 0.183829326133475 0.163373371080035 0.179249032402196 0.135741493908477
-9999 -9999 -9999 0.239203078067305 0.229498471935316 0.186215178112084 0.15093018860834 0.37584925618462 0.365081075577228 0.459379576597653 0.360123085850728 0.277709782689795 0.429773031614423 0.319796439889253 0.425745679615371 0.36328580561082 0.375480323353156 0.227903103031344 0.116837889655673 0.545348413249916 0.48908199464273 0.467045641639946 0.426368999185107 0.477333968655899 0.39169665923437 0.289270361949838 0.123882266340915 -9999 -9999 -9999 -9999 -9999 -9999 -9999 -9999 -9999 -9999 -9999 -9999 -9999 -9999 -9999 -9999 0.13973329576693 0.149256695552502 0.141382808042093 0.174339869230516 0.367956188816669 0.198073290392573
-9999 -9999 -9999 -9999 0.249132903967688 0.172888010855455 0.287511252453877 0.359423121201514 0.350548161282739 0.138525645917741 0.0967563702086551 0.0824294177134803 0.0669329806244741 0.177782878976213 0.305268962423533 0.365195942101885 0.159261888839098 0.129554621892187 0.0776394165128682 0.0868014639453406 0.110915166989214 0.0994043858384614 0.265697222839216 0.366462873233483 0.343200281084841 0.543465495748756 0.147901369263917 0.0967437352947667 -9999 -9999 -9999 -9999 -9999 -9999 -9999 -9999 -9999 -9999 -9999 -9999 -9999 -9999 -9999 -9999 0.209400704321915 0.201082069805935 0.160047932907934 0.445472055520574 0.482259484633859
-9999 -9999 -9999 0.246374898990184 0.27406778820325 0.365015684881912 0.167764197818759 0.144270103535725 0.104777719722473 0.105316674892693 0.0701959438866523 0.140749631756571 0.0719003050519392 0.105069064513651 0.114738493977004 0.105367513804754 0.103847598327025 0.0821348896320063 0.0976184844303318 0.141797898166695 0.0781922252760218 0.0953180558711729 0.157669181503001 0.122754659782233 0.136143400617936 0.17686347116745 0.144586047535966 -9999 -9999 -9999 -9999 -9999 -9999 -9999 -9999 -9999 -9999 -9999 -9999 -9999 -9999 -9999 -9999 -9999 -9999 -9999 0.270165374932275 0.168493458422432 0.178275538317076
-9999 -9999 -9999 -9999 0.27446555920897 0.19262709528034 0.114210255112146 0.0949109546321098 0.125272559012831 0.101504034031899 0.0751983059718268 0.0846838054277956 0.0781519878219503 0.114017262045029 0.28252435628511 0.103110966757576 0.100558718501066 0.0851201378392166 0.0943748259689192 0.0759703281117311 0.093273399843565 0.0852346208658771 0.0854100563453752 0.106054492459133 0.147701325494356 -9999 -9999 -9999 -9999 -9999 -9999 -9999 -9999 -9999 -9999 -9999 -9999 -9999 -9999 -9999 -9999 -9999 -9999 -9999 -9999 -9999 -9999 -9999 0.218120511002909
-9999 -9999 -9999 -9999 0.200866079614487 0.169055513518547 0.15387794056176 0.130462513548946 0.140146218629255 0.179102186061953 0.122871546779115 0.14815628141669 0.276708849400748 0.308192158733314 0.1437794043621 0.0933325723764381 0.0814671322830126 0.231071380562836 0.236535678654181 0.192188944941344 0.0859491633257617 0.07837011326654 0.10119062886437 -9999 -9999 -9999 -9999 -9999 -9999 -9999 -9999 -9999 -9999 -9999 -9999 -9999 -9999 0.111393119852418 0.190264824999164 0.182984729361934 -9999 -9999 -9999 -9999 -9999 -9999 -9999 -9999 -9999
-9999 -9999 -9999 0.1566430308731 0.166357070326725 0.218390146897628 0.213195541870215 0.167737246756506 0.170999467177228 0.197714825843695 0.171870827049658 0.211059974768413 0.117972638520866 0.148156063360626 0.142109475725201 0.0805683182419448 0.116668276112279 0.179320292955547 0.186330913972598 0.234389017456401 0.0911929154679094 0.0921792282360669 -9999 -9999 -9999 -9999 -9999 -9999 -9999 -9999 -9999 -9999 -9999 -9999 -9999 -9999 -9999 -9999 0.149766846800262 0.15977694281845 -9999 -9999 -9999 -9999 -9999 -9999 -9999 -9999 -9999
-9999 -9999 -9999 0.194710898567551 0.146083954800236 0.127049773103821 0.111533595717227 0.12071180846434 0.14008656624117 0.139752857913719 0.10647515438239 0.0979348649310621 0.0931812790198695 0.072934072555567 0.0620831547273276 0.067802845261289 0.0737574501516694 0.0772760634632947 0.0816993980122998 0.103396717909249 0.150212053903506 -9999 -9999 -9999 -9999 -9999 -9999 -9999 -9999 -9999 -9999 -9999 -9999 -9999 -9999 -9999 -9999 -9999 0.145617150019574 0.126740316223231 -9999 -9999 -9999 -9999 -9999 -9999 -9999 -9999 -9999
-9999 -9999 0.135551087361299 0.207597977915636 0.143552255615815 0.118999430781306 0.135581614766793 0.0774373673428007 0.157638078473169 0.134927673016098 0.122379701931537 0.103598284693542 0.0733826711152163 0.0788731123868154 0.0766294500963073 0.0695955508545729 0.0689143318245928 0.0788494287143892 0.0803887973856254 0.129503167884015 -9999 -9999 -9999 -9999 -9999 -9999 -9999 -9999 -9999 -9999 -9999 -9999 -9999 -9999 -9999 -9999 -9999 -9999 0.105100242709937 0.123236089592714 -9999 -9999 -9999 -9999 -9999 -9999 -9999 -9999 -9999
-9999 -9999 0.182804843785925 0.166409442953567 0.110608659317185 0.162036622173882 0.0987720471851031 0.12726075444013 0.130356379326042 0.118714849238894 0.0975962375940173 0.0934507579400779 0.0927312086973379 0.102741875607962 0.0835419880531103 0.0771159066003018 0.0811797486598698 0.0940376439339885 0.081715885802917 0.0923241113605784 0.0932979924268895 -9999 -9999 -9999 -9999 -9999 -9999 -9999 -9999 -9999 -9999 -9999 -9999 -9999 -9999 -9999 -9999 -9999 -9999 -9999 -9999 -9999 -9999 -9999 -9999 -9999 -9999 -9999 -9999
