Scripts_&_data/BRT_projection_files/BRT_CCV/B_campestris_1_projection.asc
NCOLS 79 
NROWS 71 
XLLCORNER -10.5 
YLLCORNER 36 
CELLSIZE 0.5 
NODATA_value -9999 
[rows 44 to 65 of 71, columns 0 to 48 of 79]
-9999 -9999 -9999 -9999 -9999 -9999 -9999 -9999 -9999 -9999 -9999 -9999 -9999 -9999 -9999 -9999 -9999 -9999 0.224831116821081 0.322340665772 0.283367587965223 0.622153655256487 0.445226976901194 0.658769721896327 0.338224890056187 0.35301258612591 0.306006950492839 0.34304494962408 0.314368171388294 0.373076220341866 0.372641033739112 0.387845290492299 0.576016086653902 0.788216688669057 0.725613467264828 0.748337293826481 0.538736015728285 0.541999448586312 0.755670592007284 0.772198776654629 0.610023749394329 0.613335700936997 0.558959240558895 0.682113011321162 0.602237064740045 0.648578982878792 0.5880841033219 0.587713803138871 0.443706510073144
-9999 -9999 -9999 -9999 -9999 -9999 -9999 -9999 -9999 -9999 -9999 -9999 -9999 -9999 0.225742006458481 -9999 -9999 -9999 0.537011034551933 0.570182054136612 0.438004947343531 0.356590341491937 0.360422587965733 0.215926257490562 0.376897810401935 0.432330719127302 0.431327214561569 0.312705272811471 0.315981985936968 0.320886920608961 0.290654251368009 0.569822441909646 0.414893827915396 0.785831432996928 0.467014291046019 0.63842566418803 0.693268577190871 0.652603267527372 0.674145718673639 0.757992357013391 0.643482992173833 0.689630719616064 0.558322433479463 0.612147813603506 0.565361675803318 0.662154159974394 0.672511099454335 0.724602984307823 0.560557061083228
-9999 -9999 -9999 -9999 -9999 -9999 -9999 -9999 -9999 -9999 -9999 -9999 0.570133590597229 0.442933511967282 0.311329843266631 0.441257349917782 0.221217111736704 0.314217038806684 0.572437873696427 0.497979734710648 0.510846169647692 0.458425115407893 0.269988439662113 0.202238108648878 0.193320771259221 0.156501704375487 0.187956036116199 0.204634982937515 0.306186248673874 0.335432898226343 0.279734939658755 0.41000748641938 0.443932069251753 0.636377287529146 0.584812992125885 0.513941154698469 0.766203129437942 0.720426946686022 0.763909345432789 0.644879540778501 0.702820043040453 0.768625889398142 0.783075705537501 0.773590591366554 0.862036199272712 0.614645817891759 0.734247171547846 0.737656507287169 0.704366753714102
-9999 -9999 -9999 -9999 -9999 -9999 -9999 -9999 -9999 -9999 -9999 -9999 -9999 -9999 0.403245918773893 0.304495363026383 0.21551419555791 0.181713444804214 0.207812218143374 0.217096965155251 0.203146868843131 0.323014967390152 0.222313223494902 0.23449573661974 0.215289998142179 0.203501963486303 0.265079664690751 0.199656277703687 0.333721012098077 0.286952820899401 0.347157702769542 0.374734682058306 0.465333110721779 0.648778595495782 0.642122451073262 0.737638783676197 0.746958892921089 0.738624004251879 0.765583910406085 0.736516585635757 0.759026132798196 0.687017828970297 0.739606606054808 0.732832536503064 0.787518162170211 0.767728870190398 0.794401714758017 0.816056977655089 0.760272036614065
-9999 -9999 -9999 -9999 -9999 -9999 -9999 -9999 -9999 -9999 -9999 -9999 -9999 -9999 -9999 -9999 -9999 0.449679760737322 0.364632947147978 0.324174660521727 0.237178947948119 0.168506055257919 0.292881893175907 0.196034072051249 0.186085809572274 0.22229760531503 0.215177205008866 0.302835377429676 0.486879121324553 0.49455725598039 0.30284178361969 0.415443238529685 0.518252751329871 0.670391105138436 0.65967058630882 0.760680485687382 0.758315789157529 0.770472276261418 0.823340592460439 0.738272590208065 0.659682646988909 0.616288137375905 0.608088541268969 0.762825625390986 0.739280023938689 0.667275165863975 0.626269388429359 0.58759408073629 0.774678581721949
-9999 -9999 -9999 -9999 -9999 -9999 -9999 -9999 -9999 -9999 -9999 -9999 -9999 -9999 -9999 -9999 -9999 0.205487215154403 0.226261422874963 0.190435008740904 0.203097841767678 0.317006847267802 0.203856593332284 0.242069500360515 0.223770724689687 0.265064548672622 0.32770334814078 0.377688286871784 0.507017991309929 0.650202211409012 0.508080603953341 0.370662092409392 0.679214193433348 0.711056802043808 0.672362852323666 0.721529966676073 0.769108577410101 0.774004713546436 0.513546650309278 0.466992513563525 0.562901102459721 0.256663204520047 0.161597172333273 0.297787296363207 0.212295916826752 0.340045662927667 0.526805159480047 0.756130798908322 0.743333828502424
-9999 -9999 -9999 -9999 -9999 -9999 -9999 -9999 -9999 -9999 -9999 -9999 -9999 -9999 -9999 -9999 -9999 -9999 -9999 0.204337046267916 0.300858446015316 0.237319776861273 0.198496814382108 0.549687637295555 0.499479688693664 0.47980111968024 0.473765586435409 0.55315859399333 0.383715525128528 0.706345733684367 0.501772906159675 0.552939634153414 0.694991359306033 0.688465779995441 0.76138764582582 0.528961746456226 0.512237451348392 0.446798760460516 0.757006708157338 0.528425075547736 0.310101292900281 0.342068938029636 0.362399193933266 0.624505006611283 0.425042581817472 0.603487934116127 0.688859864515125 0.594999546375532 0.46965040973433
-9999 -9999 -9999 -9999 -9999 -9999 -9999 -9999 -9999 -9999 -9999 -9999 -9999 -9999 -9999 -9999 -9999 -9999 -9999 0.278215514501602 0.195058423988645 0.285097856468993 0.328721307969998 0.558200835705827 0.590018800907127 0.45973749674163 0.498791890469163 0.757482909921647 0.492713207367403 0.696918071336001 0.744503132605552 0.397304486004827 0.743013152189158 0.470116436465896 0.593599245130562 0.151282729433648 0.24295165643678 0.746946001960335 0.435771968682168 0.465034061958341 0.820426110878939 0.718748115500481 0.712032723475993 0.753593447689729 0.641883844207483 0.373116134895052 0.165376632697608 -9999 0.463905429767441
-9999 -9999 -9999 -9999 -9999 -9999 -9999 -9999 -9999 -9999 -9999 -9999 -9999 -9999 -9999 -9999 -9999 -9999 -9999 0.333067653588581 0.289998731030174 0.23957596828257 0.185415891501377 0.336972064024396 0.612435656394991 0.583237554706525 0.709050611804663 0.353506653038235 0.468695989496092 0.714966540934862 0.560708178546682 0.521774095589426 0.582626603964253 0.499847992089568 0.315485654379825 0.444460913603319 0.584641646297804 0.216210639768834 0.262551137568345 0.350170039879305 0.317414770328482 0.266529083279067 0.287661420629131 0.261641740838366 0.283226634461429 -9999 -9999 -9999 0.217219300865259
-9999 -9999 -9999 -9999 -9999 -9999 -9999 -9999 -9999 -9999 -9999 -9999 -9999 -9999 -9999 -9999 -9999 -9999 -9999 0.391557533349067 0.355385419836495 0.241630248115525 0.219451801322186 0.182792064280518 0.408026830612088 0.594080527276789 0.542489248471323 0.544827661239002 0.63321208269859 0.702573739484184 0.471571504071303 0.620965753021684 0.65391994295998 0.432281502481736 0.427166186379329 0.645758755789277 0.235702967072395 0.210468957383185 0.245142500818072 0.542961609142579 0.492227553019309 0.333052572823177 0.321314280321981 0.19559113187134 0.14449616611061 0.0683070054557345 -9999 -9999 -9999
-9999 -9999 -9999 -9999 -9999 -9999 -9999 -9999 -9999 -9999 -9999 -9999 -9999 -9999 -9999 -9999 -9999 -9999 0.17765311305834 0.325244063158851 0.266204849983442 0.230597860108072 0.36269013683895 0.258482250305685 0.186330996616781 0.312776324274085 0.657262018152747 0.612068450127761 0.555323700283063 0.448306159251774 0.257964491842002 0.453636783314283 0.597759807143737 0.525625394624003 0.500803714141079 0.507249335280692 0.370147361227617 0.178609710610209 -9999 -9999 0.2443298423526 0.445204223616935 0.510714935545731 0.715001396524188 0.237178201347249 0.230874826448913 -9999 -9999 -9999
-9999 -9999 -9999 -9999 -9999 -9999 -9999 -9999 -9999 -9999 -9999 -9999 -9999 -9999 -9999 -9999 -9999 -9999 0.3264211871009 0.301289345813601 0.37197433788872 0.201703665366528 0.170044113312567 0.425752419018853 0.295644097133652 0.350282918757275 0.612628256842351 0.482182053864263 0.303662071094242 0.15109976162573 0.15488274400974 0.179805799337155 0.244959019723436 0.39682433119889 0.374510699016643 0.313129072209405 -9999 -9999 -9999 -9999 -9999 -9999 0.251498588967649 0.43694619112134 0.319642358292122 0.425176549082334 0.307691644000533 -9999 -9999
-9999 -9999 -9999 0.158168397410725 0.282890384870022 0.265320731951357 0.252175616779451 0.237370290858206 0.513973375032543 0.634793633350921 0.596643646235857 0.463844803391391 0.338789449358298 0.355109490724132 0.345158711610486 0.261534394620857 0.210254577214507 0.321968577342427 0.279865050831165 0.4303723578521 0.407126873636015 0.349075412284629 0.229972236599975 0.206555481080395 0.244687855399887 0.316513886865736 0.22480138551488 0.10766742614388 -9999 -9999 -9999 -9999 0.105465699576716 0.15748027184996 -9999 -9999 -9999 -9999 -9999 -9999 -9999 -9999 0.186722848026918 0.142121373761429 0.215228143558444 0.286739427036261 0.493740521824835 0.274666748667178 0.0960222205686838
-9999 -9999 -9999 0.145664888288254 0.232969856939361 0.254802204629802 0.140998180824176 0.258342578713796 0.289299073044997 0.308699295191042 0.314707046465743 0.320555802394382 0.191741283079227 0.170298420309394 0.151467413969987 0.217798838484897 0.319865784200304 0.237201219089566 0.29458944769594 0.330772636816059 0.693174380809397 0.658736910498666 0.646911042426097 0.494638621208605 0.598544108446162 0.488049859142648 0.16313298571753 -9999 -9999 -9999 -9999 -9999 -9999 -9999 -9999 -9999 -9999 -9999 -9999 -9999 -9999 -9999 -9999 0.122486742339152 0.124301458734184 0.108316235493308 0.350427246378568 0.348575916300578 0.32244564024173
-9999 -9999 -9999 -9999 0.243402220814177 0.235346210521855 0.24379791669602 0.294011500318063 0.156133265048128 0.101995763086064 0.0998999307009071 0.125687548631091 0.109455514269534 0.191389229867804 0.399014945946851 0.398818003449391 0.134239942916873 0.0715297204962546 0.078360579085363 0.0760620058544323 0.136523000768441 0.113658474621968 0.154292696789453 0.154055594326916 0.168495917811248 0.609599792453053 0.345436931779874 0.0739046721071579 -9999 -9999 -9999 -9999 -9999 -9999 -9999 -9999 -9999 -9999 -9999 -9999 -9999 -9999 -9999 -9999 0.200768021623821 0.166678258800911 0.126369811856782 0.60779837350893 0.39844450073288
-9999 -9999 -9999 0.119097230291291 0.225518094407939 0.249981815740377 0.106900724158913 0.097761965926545 0.103445534205702 0.115537608995254 0.111989780457865 0.18266456956474 0.13301324852078 0.129011878661197 0.12356143738123 0.125384559053344 0.150711276498311 0.10867871539125 0.0759187985249058 0.0916300445712338 0.0712215263425783 0.0845631360328645 0.0784799487829145 0.138769170282818 0.183106925078592 0.181795545971218 0.161301894763732 -9999 -9999 -9999 -9999 -9999 -9999 -9999 -9999 -9999 -9999 -9999 -9999 -9999 -9999 -9999 -9999 -9999 -9999 -9999 0.201312413197091 0.188329929624909 0.239471064820896
-9999 -9999 -9999 -9999 0.194564016083107 0.199091610685246 0.157688938473156 0.142096076511367 0.11138502799561 0.106806738412094 0.0994464051483255 0.106734322865151 0.0915462418412215 0.125756872888267 0.130797918200735 0.109213230348567 0.13144995026193 0.131157496479804 0.10669836018322 0.102131355323083 0.0728544208194755 0.0676877251494301 0.0644415344884066 0.0713591279048365 0.0941858954182968 -9999 -9999 -9999 -9999 -9999 -9999 -9999 -9999 -9999 -9999 -9999 -9999 -9999 -9999 -9999 -9999 -9999 -9999 -9999 -9999 -9999 -9999 -9999 0.22035540276603
-9999 -9999 -9999 -9999 0.109644231893726 0.1434393252076 0.20515743244552 0.140273219742439 0.212785635802023 0.151056976860733 0.122223337117705 0.137765952110508 0.450076320742699 0.452343388216406 0.130078549570954 0.0942614171249496 0.276906219910498 0.142730244141396 0.149477729913281 0.12905205817839 0.0930694303188853 0.0632757107656194 0.069729159347067 -9999 -9999 -9999 -9999 -9999 -9999 -9999 -9999 -9999 -9999 -9999 -9999 -9999 -9999 0.0774637753615443 0.157737548849604 0.237538244183093 -9999 -9999 -9999 -9999 -9999 -9999 -9999 -9999 -9999
-9999 -9999 -9999 0.12532470125835 0.0980533472079989 0.396389693843638 0.231024465488388 0.277697796480932 0.375943146486023 0.525234990597692 0.523033832287023 0.206665101517088 0.0692821952973955 0.105289983878105 0.0770523895862862 0.0999984418627638 0.156920613557786 0.227710754962166 0.13080181685959 0.132397784516351 0.0968066909951719 0.0672464476656275 -9999 -9999 -9999 -9999 -9999 -9999 -9999 -9999 -9999 -9999 -9999 -9999 -9999 -9999 -9999 -9999 0.145070718125049 0.349284859035388 -9999 -9999 -9999 -9999 -9999 -9999 -9999 -9999 -9999
-9999 -9999 -9999 0.160972191645655 0.24044916265587 0.153523541521427 0.110206185663501 0.0810427565859463 0.128869597816312 0.153163791069986 0.131836444043352 0.0712413673395469 0.0730395477683779 0.072972456914255 0.0787466211642053 0.128320731169866 0.101703008099612 0.0891514722912017 0.0894070800782301 0.0688221776116765 0.0874527931371084 -9999 -9999 -9999 -9999 -9999 -9999 -9999 -9999 -9999 -9999 -9999 -9999 -9999 -9999 -9999 -9999 -9999 0.135567826052617 0.176927377067879 -9999 -9999 -9999 -9999 -9999 -9999 -9999 -9999 -9999
-9999 -9999 0.0886472861668704 0.129290928899482 0.113200374624788 0.143206027154445 0.142657203763649 0.0708857368256017 0.0848637802824673 0.0820296051590791 0.0986492480764457 0.084152285887177 0.0651434626617656 0.0702779964114207 0.0794539169435838 0.0773038680405662 0.0792640314277295 0.115944424372648 0.0937341652459401 0.0719013692650547 -9999 -9999 -9999 -9999 -9999 -9999 -9999 -9999 -9999 -9999 -9999 -9999 -9999 -9999 -9999 -9999 -9999 -9999 0.0907272252876315 0.100443748948079 -9999 -9999 -9999 -9999 -9999 -9999 -9999 -9999 -9999
-9999 -9999 0.113901370106726 0.0800312209422023 0.0699893777281725 0.103152166590542 0.0772849194958486 0.0924121361818773 0.0763284094621244 0.0747072058878366 0.0748759130275059 0.0694582067157509 0.0701576336785043 0.0770892332494539 0.0786155360006947 0.0870893142064772 0.0931861605583586 0.108479789397439 0.10364446395442 0.0768799117719053 0.087362701588812 -9999 -9999 -9999 -9999 -9999 -9999 -9999 -9999 -9999 -9999 -9999 -9999 -9999 -9999 -9999 -9999 -9999 -9999 -9999 -9999 -9999 -9999 -9999 -9999 -9999 -9999 -9999 -9999
