Scripts_&_data/BRT_projection_files/BRT_CCV/B_cingulatus_1_projection.asc
NCOLS 79 
NROWS 71 
XLLCORNER -10.5 
YLLCORNER 36 
CELLSIZE 0.5 
NODATA_value -9999 
[rows 42 to 62 of 71, columns 0 to 47 of 79]
-9999 -9999 -9999 -9999 -9999 -9999 -9999 -9999 -9999 -9999 0.0121633715562269 -9999 -9999 0.0121633715562269 -9999 -9999 -9999 -9999 -9999 -9999 -9999 -9999 -9999 -9999 0.0121633715562269 0.0121633715562269 0.0121633715562269 0.0121633715562269 0.0121633715562269 0.0121633715562269 0.0121633715562269 0.0121633715562269 0.0121750836966878 0.0121685229414145 0.0121685229414145 0.0121633715562269 0.0121633715562269 0.0121633715562269 0.0121633715562269 0.0121685229414145 0.0121633715562269 0.0121633715562269 0.0121633715562269 0.0121633715562269 0.0121633715562269 0.0121633715562269 0.0121633715562269 0.0121633715562269
-9999 -9999 -9999 -9999 -9999 -9999 -9999 -9999 -9999 -9999 -9999 -9999 -9999 -9999 -9999 -9999 -9999 -9999 -9999 -9999 -9999 -9999 0.0121633715562269 0.0121633715562269 0.0121633715562269 0.0121633715562269 0.0121633715562269 0.0121633715562269 0.0121633715562269 0.0121633715562269 0.0121685229414145 0.0121633715562269 0.0121750836966878 0.0121633715562269 0.0121750836966878 0.0121633715562269 0.0121633715562269 0.0121737342481641 0.0121633715562269 0.0121633715562269 0.0121633715562269 0.0121633715562269 0.0121633715562269 0.0121633715562269 0.0121633715562269 0.0121633715562269 0.0121633715562269 0.0121565976524733
-9999 -9999 -9999 -9999 -9999 -9999 -9999 -9999 -9999 -9999 -9999 -9999 -9999 -9999 -9999 -9999 -9999 -9999 0.0121633715562269 0.0121633715562269 0.0121633715562269 0.0121633715562269 0.0121633715562269 0.0121633715562269 0.0121633715562269 0.0121633715562269 0.0121633715562269 0.0121633715562269 0.0121633715562269 0.0121633715562269 0.0121633715562269 0.0121633715562269 0.0121633715562269 0.0121685229414145 0.0121633715562269 0.0121633715562269 0.0121633715562269 0.0121633715562269 0.0121633715562269 0.0121633715562269 0.0121633715562269 0.0121633715562269 0.0121633715562269 0.0121633715562269 0.0121633715562269 0.0121633715562269 0.0121633715562269 0.0121633715562269
-9999 -9999 -9999 -9999 -9999 -9999 -9999 -9999 -9999 -9999 -9999 -9999 -9999 -9999 0.0121633715562269 -9999 -9999 -9999 0.0121633715562269 0.0121633715562269 0.0121633715562269 0.0121633715562269 0.0121633715562269 0.0121633715562269 0.0121633715562269 0.0121633715562269 0.0121633715562269 0.0121633715562269 0.0121633715562269 0.0121633715562269 0.0121633715562269 0.0121633715562269 0.0121764077539289 0.0121633715562269 0.0121633715562269 0.0121633715562269 0.0121633715562269 0.0121633715562269 0.0121633715562269 0.0121633715562269 0.0121633715562269 0.0121633715562269 0.0121633715562269 0.0121633715562269 0.0121633715562269 0.0121633715562269 0.0121633715562269 0.0121633715562269
-9999 -9999 -9999 -9999 -9999 -9999 -9999 -9999 -9999 -9999 -9999 -9999 0.0121633715562269 0.0121633715562269 0.0121633715562269 0.0121633715562269 0.0121633715562269 0.0121633715562269 0.0121633715562269 0.0121633715562269 0.0121633715562269 0.0121633715562269 0.0121633715562269 0.0121633715562269 0.0121633715562269 0.0121633715562269 0.0121633715562269 0.0121633715562269 0.0121633715562269 0.0121633715562269 0.0121633715562269 0.0121633715562269 0.0121685229414145 0.0121633715562269 0.0121633715562269 0.0121633715562269 0.0121633715562269 0.0122955973437218 0.0121764077539289 0.0121633715562269 0.0121633715562269 0.0121633715562269 0.0121633715562269 0.0121633715562269 0.0121633715562269 0.0121633715562269 0.0121633715562269 0.0121633715562269
-9999 -9999 -9999 -9999 -9999 -9999 -9999 -9999 -9999 -9999 -9999 -9999 -9999 -9999 0.0121633715562269 0.0121633715562269 0.0121633715562269 0.0121633715562269 0.0121633715562269 0.0121633715562269 0.0121633715562269 0.0121633715562269 0.0121633715562269 0.0121633715562269 0.0121633715562269 0.0121633715562269 0.0121633715562269 0.0121633715562269 0.0121633715562269 0.0121633715562269 0.0121633715562269 0.0121633715562269 0.0121633715562269 0.0121685229414145 0.0121641265852303 0.0121685229414145 0.0121633715562269 0.0121685229414145 0.0121633715562269 0.0121633715562269 0.0121633715562269 0.0121633715562269 0.0121633715562269 0.0121685229414145 0.0121685229414145 0.0121685229414145 0.0121750836966878 0.0121750836966878
-9999 -9999 -9999 -9999 -9999 -9999 -9999 -9999 -9999 -9999 -9999 -9999 -9999 -9999 -9999 -9999 -9999 0.0121633715562269 0.0121633715562269 0.0121633715562269 0.0121633715562269 0.0121633715562269 0.0121633715562269 0.0121633715562269 0.0121633715562269 0.0121633715562269 0.0121633715562269 0.0121633715562269 0.0121633715562269 0.0121633715562269 0.0121633715562269 0.0121633715562269 0.0121685229414145 0.0121860764083735 0.0121750836966878 0.0121633715562269 0.0121633715562269 0.0121633715562269 0.0121633715562269 0.0121633715562269 0.0121685229414145 0.0744075487371256 0.0689012663440127 0.0564032575013022 0.0260764888102685 0.0122797212999649 0.0614986605146216 0.0543691285140001
-9999 -9999 -9999 -9999 -9999 -9999 -9999 -9999 -9999 -9999 -9999 -9999 -9999 -9999 -9999 -9999 -9999 0.0121633715562269 0.0121633715562269 0.0121633715562269 0.0121633715562269 0.0121633715562269 0.0121633715562269 0.0121633715562269 0.0121633715562269 0.0121633715562269 0.0121633715562269 0.0121633715562269 0.0121633715562269 0.0121685229414145 0.0121633715562269 0.0121633715562269 0.0121860764083735 0.0121860764083735 0.0121633715562269 0.0121633715562269 0.0121633715562269 0.062103691295664 0.0602070164212626 0.0606180758734544 0.0616923462166582 0.0832007539268333 0.0895219686427183 0.0764092626734969 0.126571707723123 0.0657631747662819 0.0514147927684424 0.0517832255270954
-9999 -9999 -9999 -9999 -9999 -9999 -9999 -9999 -9999 -9999 -9999 -9999 -9999 -9999 -9999 -9999 -9999 -9999 -9999 0.0121633715562269 0.0121633715562269 0.0121633715562269 0.0121633715562269 0.0121633715562269 0.0121633715562269 0.0121633715562269 0.0121633715562269 0.0121633715562269 0.0121633715562269 0.0121633715562269 0.0121633715562269 0.0121633715562269 0.012190018797846 0.0121685229414145 0.0121750836966878 0.0665343005842617 0.0679973429634334 0.0466763532712164 0.0121685229414145 0.0573372847026724 0.0556858903076788 0.0560147661978701 0.0836082881383949 0.0123028739553759 0.0604154126422811 0.0599724412643291 0.0121685229414145 0.012293166025944
-9999 -9999 -9999 -9999 -9999 -9999 -9999 -9999 -9999 -9999 -9999 -9999 -9999 -9999 -9999 -9999 -9999 -9999 -9999 0.0121633715562269 0.0121633715562269 0.0121633715562269 0.0121633715562269 0.0121633715562269 0.0121901801985493 0.0121633715562269 0.0121633715562269 0.0121633715562269 0.0121633715562269 0.0121633715562269 0.0121685229414145 0.0121633715562269 0.0121860764083735 0.0122406492005068 0.0535366529965514 0.0764106348283012 0.0278928720492438 0.0121860764083735 0.0121826440442998 0.0121860764083735 0.0121637140668042 0.0121750836966878 0.0121750836966878 0.0121750836966878 0.0121633715562269 0.0121633715562269 0.0140667842670407 -9999
-9999 -9999 -9999 -9999 -9999 -9999 -9999 -9999 -9999 -9999 -9999 -9999 -9999 -9999 -9999 -9999 -9999 -9999 -9999 0.0121633715562269 0.0121633715562269 0.0121633715562269 0.0121633715562269 0.0121685229414145 0.0121901801985493 0.0121641265852303 0.0121685229414145 0.0121633715562269 0.0121685229414145 0.0121750836966878 0.0121685229414145 0.0121633715562269 0.0121641265852303 0.0122913290869687 0.129304212103925 0.0122990492719147 0.0121633715562269 0.0121633715562269 0.0147997945507243 0.0140676463261953 0.0121633715562269 0.0140928505701299 0.0121713485213279 0.0121633715562269 0.0121633715562269 -9999 -9999 -9999
-9999 -9999 -9999 -9999 -9999 -9999 -9999 -9999 -9999 -9999 -9999 -9999 -9999 -9999 -9999 -9999 -9999 -9999 -9999 0.0121633715562269 0.0121633715562269 0.0121633715562269 0.0121633715562269 0.0121633715562269 0.0121633715562269 0.0121685229414145 0.0121685229414145 0.0121685229414145 0.0121637140668042 0.0121788526595837 0.0121750836966878 0.0121899994041775 0.0121870986714007 0.0122487819710559 0.0441750276354764 0.0121685229414145 0.0121633715562269 0.0121633715562269 0.0121633715562269 0.0121750836966878 0.0121685229414145 0.0121633715562269 0.0121633715562269 0.0140920862030783 0.0140884017059603 0.0121633715562269 -9999 -9999
-9999 -9999 -9999 -9999 -9999 -9999 -9999 -9999 -9999 -9999 -9999 -9999 -9999 -9999 -9999 -9999 -9999 -9999 0.0143206138358699 0.0121716330849072 0.0121716330849072 0.0121633715562269 0.0121633715562269 0.0121633715562269 0.0121633715562269 0.0121633715562269 0.0121633715562269 0.0121685229414145 0.0128946853374719 0.0121860764083735 0.0121685229414145 0.0121685229414145 0.0121860764083735 0.0122957417545335 0.0126663470298142 0.0122985511488785 0.0121633715562269 0.0123161614967876 -9999 -9999 0.0123031256935419 0.0122879864127296 0.0121633715562269 0.0121633715562269 0.0121633715562269 0.0121633715562269 -9999 -9999
-9999 -9999 -9999 -9999 -9999 -9999 -9999 -9999 -9999 -9999 -9999 -9999 -9999 -9999 -9999 -9999 -9999 -9999 0.0121826440442998 0.0121685229414145 0.0121633715562269 0.0121633715562269 0.0121633715562269 0.0121633715562269 0.0121633715562269 0.0121633715562269 0.0121750836966878 0.0121637140668042 0.0121826440442998 0.0121633715562269 0.0121633715562269 0.0121750836966878 0.0121860764083735 0.0121901801985493 0.012297382268569 0.0166859578941967 -9999 -9999 -9999 -9999 -9999 -9999 0.0121633715562269 0.0121633715562269 0.0121633715562269 0.0121633715562269 0.0121633715562269 -9999
-9999 -9999 -9999 0.012280978663742 0.0123339054608309 0.0121901801985493 0.0121356136480951 0.0168109300420015 0.0124338049495364 0.0123783275490318 0.0124469660407999 0.0170774308046331 0.0167780355979637 0.01231978158217 0.0123195832341662 0.0166122630159837 0.0167210444513171 0.0121860764083735 0.0121685229414145 0.0121685229414145 0.0121633715562269 0.0121633715562269 0.0121633715562269 0.0121633715562269 0.0121633715562269 0.0121633715562269 0.0121633715562269 0.0121633715562269 -9999 -9999 -9999 -9999 0.0122879864127296 0.0122879864127296 -9999 -9999 -9999 -9999 -9999 -9999 -9999 -9999 0.0121633715562269 0.0121633715562269 0.0121633715562269 0.0121633715562269 0.0121633715562269 0.0121633715562269
-9999 -9999 -9999 0.0122997821012083 0.0121788526595837 0.0121750836966878 0.0121442364896374 0.0129079278244978 0.0123535214846161 0.0121860764083735 0.0121860764083735 0.0121685229414145 0.0121685229414145 0.0121685229414145 0.0121685229414145 0.0121685229414145 0.0121750836966878 0.0121685229414145 0.0121943681399437 0.0121954276708231 0.0121716330849072 0.0125119023865346 0.0121716330849072 0.0121716330849072 0.012268858985305 0.0123195832341662 0.0121633715562269 -9999 -9999 -9999 -9999 -9999 -9999 -9999 -9999 -9999 -9999 -9999 -9999 -9999 -9999 -9999 -9999 0.0121633715562269 0.0121633715562269 0.0121633715562269 0.0121633715562269 0.0121633715562269
-9999 -9999 -9999 -9999 0.0123028739553759 0.0121788526595837 0.0122406492005068 0.0124111223801885 0.0121871539348801 0.0120718329952609 0.0120718329952609 0.0121146511400652 0.0120718329952609 0.0121633715562269 0.0121716330849072 0.0121623747992848 0.0121685229414145 0.0120718329952609 0.0121127746623539 0.0121767844700949 0.0121685229414145 0.0121685229414145 0.0121767844700949 0.0121870986714007 0.0121889312894747 0.0121623747992848 0.0121878789954175 0.0121633715562269 -9999 -9999 -9999 -9999 -9999 -9999 -9999 -9999 -9999 -9999 -9999 -9999 -9999 -9999 -9999 -9999 0.0121633715562269 0.0121633715562269 0.0121633715562269 0.0121685229414145
-9999 -9999 -9999 0.0121685229414145 0.0121283571342097 0.0121438281073882 0.0121860764083735 0.0121860764083735 0.0121633715562269 0.0124272598378885 0.0120083352467655 0.0122964183076845 0.0120349149819549 0.0120808341167368 0.0121633715562269 0.0121716330849072 0.0121737342481641 0.0121291960725068 0.012000062931538 0.012000062931538 0.0120642044873817 0.0120355957067443 0.012271527284263 0.0121647679318161 0.0121860764083735 0.0121659655092876 0.0121633715562269 -9999 -9999 -9999 -9999 -9999 -9999 -9999 -9999 -9999 -9999 -9999 -9999 -9999 -9999 -9999 -9999 -9999 -9999 -9999 0.0121633715562269 0.0121764077539289
-9999 -9999 -9999 -9999 0.0121871539348801 0.0121889312894747 0.0121623747992848 0.0121633715562269 0.0121633715562269 0.012000062931538 0.012000062931538 0.012000062931538 0.0121291960725068 0.0121633715562269 0.0121716330849072 0.0120800655390614 0.0120399862867376 0.0123176293651257 0.0120205922118362 0.012000062931538 0.012000062931538 0.0120205228425009 0.012152584417523 0.0121127746623539 0.0121633715562269 -9999 -9999 -9999 -9999 -9999 -9999 -9999 -9999 -9999 -9999 -9999 -9999 -9999 -9999 -9999 -9999 -9999 -9999 -9999 -9999 -9999 -9999 -9999
-9999 -9999 -9999 -9999 0.0142778400357564 0.0121788526595837 0.0121633715562269 0.0121633715562269 0.0121633715562269 0.0121580912585326 0.0121314261311144 0.0120718329952609 0.0121633715562269 0.0121633715562269 0.0120349149819549 0.0121146511400652 0.0125244186187683 0.0121716330849072 0.012152584417523 0.0121416575433828 0.0120718329952609 0.0121127746623539 0.0121176633277841 -9999 -9999 -9999 -9999 -9999 -9999 -9999 -9999 -9999 -9999 -9999 -9999 -9999 -9999 0.0121633715562269 0.0121633715562269 0.0121633715562269 -9999 -9999 -9999 -9999 -9999 -9999 -9999 -9999
-9999 -9999 -9999 0.0121685229414145 0.0124386252118009 0.014465014847519 0.0121633715562269 0.0121633715562269 0.0121623747992848 0.0121633715562269 0.0121716330849072 0.0121633715562269 0.0121265443026986 0.0122964183076845 0.0123822678028482 0.0121265443026986 0.0121633715562269 0.0125576800282984 0.0120083352467655 0.0121608861152934 0.0121555870944152 0.0121127746623539 -9999 -9999 -9999 -9999 -9999 -9999 -9999 -9999 -9999 -9999 -9999 -9999 -9999 -9999 -9999 -9999 0.0121633715562269 0.0121633715562269 -9999 -9999 -9999 -9999 -9999 -9999 -9999 -9999
