Scripts_&_data/BRT_projection_files/BRT_CCV/B_confusus_1_projection.asc
NCOLS 79 
NROWS 71 
XLLCORNER -10.5 
YLLCORNER 36 
CELLSIZE 0.5 
NODATA_value -9999 
[rows 42 to 62 of 71, columns 0 to 48 of 79]
-9999 -9999 -9999 -9999 -9999 -9999 -9999 -9999 -9999 -9999 0.123444135174423 -9999 -9999 0.101326117731399 -9999 -9999 -9999 -9999 -9999 -9999 -9999 -9999 -9999 -9999 0.222359538372117 0.163832010214304 0.253670059607838 0.397269812463054 0.328291107176701 0.304738840636648 0.289383134327916 0.454519236783625 0.364184304611268 0.222470617847593 0.208553572848501 0.401983334189745 0.57632744775754 0.687882943264931 0.586948045459981 0.607582740843163 0.675079360574205 0.626707068202552 0.571984580426655 0.621334323497882 0.715146797412184 0.740925367873468 0.53188477231575 0.617097844154728 0.467922242257816
-9999 -9999 -9999 -9999 -9999 -9999 -9999 -9999 -9999 -9999 -9999 -9999 -9999 -9999 -9999 -9999 -9999 -9999 -9999 -9999 -9999 -9999 0.157835947045056 0.180652517196134 0.210141184309543 0.185870021813895 0.197235792539023 0.343073041212019 0.206735674814951 0.169484678517503 0.336612054229748 0.226563821787258 0.25337600536082 0.15439297660069 0.232699739624314 0.539218124349214 0.272130003693876 0.261011887362929 0.682023724174085 0.572994501120757 0.575424416526472 0.490759756673896 0.635982046878386 0.637636456561676 0.6432477507413 0.733456518952908 0.550974916277897 0.481874875457612 0.49782304134467
-9999 -9999 -9999 -9999 -9999 -9999 -9999 -9999 -9999 -9999 -9999 -9999 -9999 -9999 -9999 -9999 -9999 -9999 0.100883646387537 0.119357191180417 0.145356715014261 0.210736138338979 0.198638838929976 0.228805134605275 0.176756392334068 0.153029388979106 0.157759695155965 0.171508947913377 0.204903982897156 0.222610240216828 0.160937767470639 0.202844952453265 0.175019457373808 0.262737590332318 0.611040176345344 0.575037501371837 0.14554922837603 0.613944511722876 0.593726041776934 0.486575440898602 0.501024618258486 0.313313630495031 0.559363783348572 0.656948445110547 0.612740912786541 0.61663526438028 0.524159101801683 0.777093530979402 0.567491014589087
-9999 -9999 -9999 -9999 -9999 -9999 -9999 -9999 -9999 -9999 -9999 -9999 -9999 -9999 0.0960868298669559 -9999 -9999 -9999 0.149375295319558 0.206027151736587 0.204725038417263 0.200370916289745 0.255048170949636 0.18801161149221 0.206626360348367 0.212409817938877 0.284424185365868 0.161091255699067 0.174731690606365 0.276059236372869 0.130809196653868 0.210421003272716 0.199687545795668 0.373214788867403 0.283257636786423 0.262987601812303 0.476722356086352 0.263109969068917 0.678400656607069 0.552951766406519 0.692214634372762 0.641888500336856 0.513659717089631 0.591321781128397 0.586532313786174 0.553364822859158 0.540675745314846 0.492611579155672 0.456001244685982
-9999 -9999 -9999 -9999 -9999 -9999 -9999 -9999 -9999 -9999 -9999 -9999 0.151191293398834 0.157241623033963 0.140236306878411 0.172428466103514 0.122054915471219 0.107107115721769 0.149142686519262 0.193147329025021 0.207943167124918 0.160041620690609 0.197952883223524 0.285400519108776 0.169987569294615 0.120717031694073 0.131093837586011 0.116979306711124 0.177615173263551 0.155566947854149 0.21021774555422 0.234793434190847 0.27157296191349 0.392886419839808 0.297569553908285 0.183109744592645 0.458939437662446 0.403635886334188 0.42252943135927 0.653178963068278 0.299634340912116 0.514292712507606 0.545701414234738 0.584893724717391 0.581432949903997 0.43718221403124 0.385474698205217 0.421759300666122 0.359487078436808
-9999 -9999 -9999 -9999 -9999 -9999 -9999 -9999 -9999 -9999 -9999 -9999 -9999 -9999 0.12255899662513 0.103326148964534 0.102856589226812 0.095942592952657 0.105832568441887 0.117281525665494 0.128329680703751 0.193353119204877 0.126890267633049 0.135844329778725 0.165380622643404 0.155255061479645 0.136078195188054 0.143354476307926 0.149739647399168 0.316191668056976 0.281167922278018 0.20253252231665 0.222459155068205 0.314730448662467 0.18812525029545 0.299633333732998 0.63135372756665 0.617609967774737 0.436373299707886 0.225240019851145 0.162603132693967 0.0786823744032498 0.156157001904992 0.323373517765321 0.551874640360881 0.336220926380041 0.536852775015042 0.565176401016348 0.424770282025913
-9999 -9999 -9999 -9999 -9999 -9999 -9999 -9999 -9999 -9999 -9999 -9999 -9999 -9999 -9999 -9999 -9999 0.139085277477701 0.107459532121644 0.100622920688062 0.108794173687605 0.163117453909624 0.126390048438288 0.126793368392847 0.150967158428345 0.170985524226974 0.122464190962914 0.239525442308233 0.237733000512989 0.355084492226645 0.346249293819665 0.186281473807782 0.31885723765222 0.297269521412803 0.36065136301801 0.445149694222865 0.444836813190075 0.478072694914265 0.53017529920951 0.441289068186329 0.266781003246391 0.060411254698796 0.3173431371392 0.268739040326523 0.120507592188078 0.0809492575509125 0.0881841037751879 0.138183039344996 0.315935960378994
-9999 -9999 -9999 -9999 -9999 -9999 -9999 -9999 -9999 -9999 -9999 -9999 -9999 -9999 -9999 -9999 -9999 0.112633886109163 0.11446419875817 0.11899559902361 0.116285189416004 0.118766434940435 0.118543337079037 0.132442983401729 0.123387693724058 0.122967084704698 0.167754898327073 0.24096314036154 0.224833974343191 0.241588488243305 0.216102494906786 0.175748315595286 0.18162188663102 0.506245179383665 0.461636413938187 0.578813802291898 0.526209317350906 0.243189964799794 0.065258572313664 0.0696242300039906 0.0747439073796488 0.064253751122322 0.151877107584555 0.151050122724397 0.25397029573762 0.264735410520409 0.358158081814778 0.465562685815663 0.351511943006143
-9999 -9999 -9999 -9999 -9999 -9999 -9999 -9999 -9999 -9999 -9999 -9999 -9999 -9999 -9999 -9999 -9999 -9999 -9999 0.113966641857387 0.128927483395448 0.123736239847546 0.103408513779211 0.202977903135294 0.295292055960523 0.200433559473455 0.30611521560679 0.246409098659642 0.275532556404435 0.325303913958541 0.223026331200196 0.245527639648688 0.438351164232696 0.468211495350237 0.474290591432316 0.429430964241727 0.191388642266097 0.149479174713677 0.471622904055467 0.367166038639048 0.11476597680804 0.318225848302813 0.291349498140038 0.319708620704379 0.398514519873881 0.322088342275316 0.618423888020191 0.40784053666976 0.0410559901345074
-9999 -9999 -9999 -9999 -9999 -9999 -9999 -9999 -9999 -9999 -9999 -9999 -9999 -9999 -9999 -9999 -9999 -9999 -9999 0.112358899697263 0.120596580391483 0.144307670888588 0.182463706648331 0.255724506188987 0.187854512851262 0.238664569946202 0.403790046813504 0.398631317223655 0.266393510128824 0.119690099980279 0.28129847696598 0.210162904550676 0.175779492998259 0.370236324864451 0.274328266603086 0.196427891385065 0.0806667469415986 0.241233616871678 0.155496894588282 0.094775248854305 0.448850795274281 0.420462804070886 0.416226183323241 0.389489264586108 0.248560177102392 0.145750554575089 0.0793270918671964 -9999 0.0868680960829348
-9999 -9999 -9999 -9999 -9999 -9999 -9999 -9999 -9999 -9999 -9999 -9999 -9999 -9999 -9999 -9999 -9999 -9999 -9999 0.167028842140273 0.154539996101453 0.161478652446661 0.171736307239238 0.18721736894499 0.191478844909715 0.193134310888246 0.482744051610725 0.500858189179092 0.365306633929836 0.268059957431359 0.233971618257472 0.34896091264115 0.201828397410207 0.254064663936349 0.189775500080436 0.326000390578397 0.14370320692693 0.0885392169881294 0.0903143017685621 0.101309587874212 0.096531098934067 0.079791345851325 0.0835034607587916 0.0894581968765512 0.118874286583361 -9999 -9999 -9999 0.0803556322114974
-9999 -9999 -9999 -9999 -9999 -9999 -9999 -9999 -9999 -9999 -9999 -9999 -9999 -9999 -9999 -9999 -9999 -9999 -9999 0.142437174533206 0.171793608515392 0.150961962303308 0.157274579686308 0.209609344638902 0.196420326192856 0.331182575342726 0.32541488137362 0.244299121951728 0.433940510550552 0.418515255004359 0.192111654317013 0.277442524226526 0.312532333460686 0.211960640833327 0.234518102881856 0.325605042200047 0.0969227036296949 0.0853605866086423 0.0896899132241893 0.293974385060143 0.235537162705481 0.1980780080459 0.120277617917349 0.0705026849328575 0.0591398419533829 0.037509081519618 -9999 -9999 -9999
-9999 -9999 -9999 -9999 -9999 -9999 -9999 -9999 -9999 -9999 -9999 -9999 -9999 -9999 -9999 -9999 -9999 -9999 0.0724503530014418 0.117072155032176 0.104300064149024 0.135104833280194 0.109773518922102 0.123381573391003 0.172790714321043 0.119936726103951 0.229527051834476 0.319432707737423 0.322953726461726 0.134194866434368 0.139260393899367 0.262918784599417 0.207805499306514 0.305097144166399 0.18073456879008 0.375337844677054 0.351654723651477 0.11399192196136 -9999 -9999 0.0659166941798433 0.37475798750565 0.621967174213625 0.450352225278833 0.178116794827775 0.065754470612984 -9999 -9999 -9999
-9999 -9999 -9999 -9999 -9999 -9999 -9999 -9999 -9999 -9999 -9999 -9999 -9999 -9999 -9999 -9999 -9999 -9999 0.104495272616052 0.152479414469847 0.140029613774947 0.0988509794813889 0.0941888079609889 0.143007586416273 0.089562974523851 0.164795054070981 0.286920766700224 0.249864468304227 0.154299736501378 0.145149232114439 0.164511029239386 0.120507629806764 0.116377661127336 0.142408649692239 0.145663858549041 0.0760141776270236 -9999 -9999 -9999 -9999 -9999 -9999 0.14079747803371 0.349916324024635 0.203217619225986 0.307148724087127 0.116780487562637 -9999 -9999
-9999 -9999 -9999 0.0486787261507957 0.10255629649608 0.127771451175191 0.0694497399495923 0.0464572749510523 0.0979833873548764 0.111616933624186 0.0649762307220186 0.0518612842103193 0.0885275935200772 0.089961978037407 0.0843608926209856 0.106261619038218 0.0975337372976499 0.0618303627676862 0.146660659299914 0.193845227167958 0.180794556173268 0.219100541108995 0.148432522035641 0.188980105255687 0.13739564385749 0.172524841639435 0.132203517862671 0.134580589223497 -9999 -9999 -9999 -9999 0.116882857773213 0.137674389042892 -9999 -9999 -9999 -9999 -9999 -9999 -9999 -9999 0.147961183981356 0.127537914206749 0.120834558421125 0.100619876689147 0.228630703303321 0.169591038743241 0.0412263606344357
-9999 -9999 -9999 0.0945040399901298 0.1051573111682 0.135049458284374 0.103493046718749 0.071622352886626 0.106487483754261 0.120598836133241 0.168639930724512 0.257570513997832 0.136868476934307 0.143826295196327 0.116862451524347 0.144799614542143 0.19247561367964 0.123009146778533 0.111934755649641 0.182909469522221 0.278627864918925 0.194507735951974 0.211000841323316 0.263068110746228 0.365718444603564 0.184186139462624 0.143669328874298 -9999 -9999 -9999 -9999 -9999 -9999 -9999 -9999 -9999 -9999 -9999 -9999 -9999 -9999 -9999 -9999 0.0960102027511585 0.110538346329132 0.138564315249149 0.153043978552514 0.31438593278721 0.148693585841439
-9999 -9999 -9999 -9999 0.0989419640897483 0.113548138991083 0.114233846892883 0.196242562518554 0.105164717547345 0.0731062632932114 0.0670861637851643 0.103431247349365 0.0769980235816124 0.0958540911596708 0.177837649932556 0.261044413426171 0.141533398582017 0.0673017418120211 0.0617945575263544 0.0633359333210532 0.119378276805232 0.0873165298811292 0.114054795106549 0.0457745258751123 0.199299669704679 0.319482736463722 0.0802656443970291 0.063240554333151 -9999 -9999 -9999 -9999 -9999 -9999 -9999 -9999 -9999 -9999 -9999 -9999 -9999 -9999 -9999 -9999 0.092764044380336 0.147760967617953 0.149703922700697 0.169674807548159 0.33974545942571
-9999 -9999 -9999 0.0494196940320533 0.0625797334128368 0.0663378576174572 0.101720757093961 0.0953313027368286 0.0793626649403295 0.0743741202518286 0.0971555263220985 0.0953449507741069 0.124475314468993 0.0857385472987337 0.0781469153232526 0.0848074565558902 0.0989245303632355 0.0758137553346132 0.0680160698490909 0.0873508050366494 0.0605341532984739 0.0791940275168474 0.0674861594494242 0.0774205007528318 0.0863695131097761 0.0593210947225309 0.0465443588519094 -9999 -9999 -9999 -9999 -9999 -9999 -9999 -9999 -9999 -9999 -9999 -9999 -9999 -9999 -9999 -9999 -9999 -9999 -9999 0.232602986385363 0.137934711230205 0.157733437217495
-9999 -9999 -9999 -9999 0.0680818941215158 0.0614807716515098 0.0708451572846277 0.0697731693219754 0.0716278053127228 0.0737607828404486 0.0719211669212731 0.0699979589446048 0.0614255706138626 0.100024380544048 0.0788999974683929 0.0738089770860792 0.0723342770307811 0.0736382069124126 0.0752951471924163 0.0655265787539979 0.0769649362837966 0.0767619475508177 0.0636716271351113 0.0652992655157991 0.0637680985255082 -9999 -9999 -9999 -9999 -9999 -9999 -9999 -9999 -9999 -9999 -9999 -9999 -9999 -9999 -9999 -9999 -9999 -9999 -9999 -9999 -9999 -9999 -9999 0.131298532706963
-9999 -9999 -9999 -9999 0.0423592853505721 0.0573209141944542 0.0827417740086894 0.0829970170488045 0.0790995683442395 0.0754837777150284 0.0852686457137964 0.086877355728092 0.128613193774332 0.0863418939809912 0.0743855431292365 0.0623980719613258 0.0657755903051528 0.105923863300132 0.0995485278000495 0.0740230025348832 0.0627856398583575 0.0568418037091342 0.0644541839736111 -9999 -9999 -9999 -9999 -9999 -9999 -9999 -9999 -9999 -9999 -9999 -9999 -9999 -9999 0.0699892221751034 0.090263244211029 0.148457511569307 -9999 -9999 -9999 -9999 -9999 -9999 -9999 -9999 -9999
-9999 -9999 -9999 0.0486971181345674 0.0421527967025449 0.0442434896501104 0.100303584586715 0.0735275661840376 0.0762136981017334 0.0884181570088325 0.081686800613307 0.105874929108069 0.0655520369049206 0.0814063336717229 0.0633350284595512 0.0685703434419462 0.0746881054199985 0.0996763146482247 0.0881038313577169 0.119047589927619 0.0648522855500546 0.063139020542205 -9999 -9999 -9999 -9999 -9999 -9999 -9999 -9999 -9999 -9999 -9999 -9999 -9999 -9999 -9999 -9999 0.106114018446137 0.162930980547882 -9999 -9999 -9999 -9999 -9999 -9999 -9999 -9999 -9999
