Scripts_&_data/BRT_projection_files/BRT_CCV/B_distinguendus_2_projection.asc
NCOLS 79 
NROWS 71 
XLLCORNER -10.5 
YLLCORNER 36 
CELLSIZE 0.5 
NODATA_value -9999 
[rows 42 to 62 of 71, columns 0 to 47 of 79]
-9999 -9999 -9999 -9999 -9999 -9999 -9999 -9999 -9999 -9999 0.0374715703645508 -9999 -9999 0.0327997569395467 -9999 -9999 -9999 -9999 -9999 -9999 -9999 -9999 -9999 -9999 0.0319868513957001 0.0312883024106818 0.0325180624133208 0.0328404659599236 0.0329937129819219 0.032664229105945 0.0321947423479512 0.0474988559534591 0.071972164760143 0.0868143181546943 0.117647142508322 0.0593715101358367 0.0894405214278154 0.0923616950434947 0.0608378168617238 0.16400627282958 0.125667367360828 0.213825064182793 0.119421129197216 0.124937176030399 0.102461981678442 0.11191310411363 0.150581423871048 0.118870979615503
-9999 -9999 -9999 -9999 -9999 -9999 -9999 -9999 -9999 -9999 -9999 -9999 -9999 -9999 -9999 -9999 -9999 -9999 -9999 -9999 -9999 -9999 0.0330621170971387 0.0317778239200925 0.0313709200903852 0.0323223507364426 0.0323503558802161 0.0338969921200348 0.0331916681489462 0.0321233029883211 0.0713977266750861 0.117130318122187 0.0837222561149153 0.0384638357538716 0.0954289864741107 0.0974826600060247 0.0310793063217954 0.0571676739270037 0.0395851266384897 0.0938896119641269 0.108773880043409 0.133695196793279 0.160216690317994 0.131702793523773 0.166849394588907 0.119500043815668 0.107205964813553 0.202925578916411
-9999 -9999 -9999 -9999 -9999 -9999 -9999 -9999 -9999 -9999 -9999 -9999 -9999 -9999 -9999 -9999 -9999 -9999 0.0320081425614483 0.0321635182030565 0.0330494583481524 0.0315761373054703 0.0320715941800001 0.0334988803916604 0.0320837220605547 0.0324947884288262 0.0325194925036452 0.0320941002511284 0.0326363749609657 0.0323384680845893 0.0343137803847873 0.0333439202671759 0.0335883880663851 0.0330762339860697 0.0314648538842063 0.0316612650933361 0.0397428522495681 0.0388287352077476 0.0403099176062749 0.0427094123268098 0.134158590122143 0.115696221926062 0.106422722130306 0.116823016188025 0.109253266971265 0.102417601457256 0.0915141834054308 0.0955849874611677
-9999 -9999 -9999 -9999 -9999 -9999 -9999 -9999 -9999 -9999 -9999 -9999 -9999 -9999 0.0333595989131935 -9999 -9999 -9999 0.0316679083086289 0.0318353386990012 0.031939117873916 0.0327738909047301 0.0323360572758086 0.0328121625000757 0.0326702452058036 0.054464342933593 0.0507604009140279 0.0322923290497288 0.0323300370760536 0.0316495199453862 0.0334978096434852 0.034583642312881 0.0337037865382777 0.0329930617616772 0.0337076963156802 0.0314407690825556 0.0474137881821251 0.0390527829666249 0.0944025176932504 0.044707926711948 0.0897176663889699 0.105420811484683 0.124758230606062 0.111214626444094 0.121477239056622 0.104598010730677 0.145348939188697 0.0931587943321906
-9999 -9999 -9999 -9999 -9999 -9999 -9999 -9999 -9999 -9999 -9999 -9999 0.0326333062263207 0.0314382622327733 0.031451822372525 0.0315361825276027 0.0314381761418243 0.0306892308042555 0.0320760149185034 0.0321222442153758 0.0311634023988431 0.032469353430786 0.0312313843184494 0.0322324998823165 0.0327914635776677 0.0319406307162685 0.0344352457118389 0.0324602610424322 0.0321685416553237 0.0324700102160166 0.0342766483122394 0.0336420481809511 0.0333169259166018 0.0320204389822358 0.088490004096563 0.0950806188252558 0.0424388699576866 0.11456302322689 0.0997841220055735 0.0969738576654545 0.107785584603977 0.107560500638667 0.102510995023061 0.143808867566068 0.106651025099084 0.104047995398484 0.0902574668132068 0.096426933801116
-9999 -9999 -9999 -9999 -9999 -9999 -9999 -9999 -9999 -9999 -9999 -9999 -9999 -9999 0.0390173953182402 0.0313765423408474 0.0312774884667517 0.0318360264742314 0.0312472417586675 0.0323288042805083 0.03120295245849 0.0338493690288038 0.0310579817675223 0.0323252680175915 0.0467725736099206 0.0333999869202755 0.0322883346112492 0.032204913571623 0.0325416300776711 0.0322906983768178 0.0328734242332221 0.0333385217185158 0.0348147060720074 0.0337196469343181 0.140134344407457 0.0495649142576127 0.108474184100652 0.0814474962419294 0.114969946458222 0.0725421923025445 0.0883059993922565 0.0750957361031386 0.0773002872774454 0.128823527326594 0.0830598865186053 0.1046218149148 0.1240980069982 0.0974845026693256
-9999 -9999 -9999 -9999 -9999 -9999 -9999 -9999 -9999 -9999 -9999 -9999 -9999 -9999 -9999 -9999 -9999 0.030617959065547 0.0305859613303436 0.0306373789005168 0.0335671896137046 0.0335832768671681 0.0316459968897635 0.032458620322821 0.0326240270352896 0.0330021659678399 0.0311965573889655 0.0325265932301593 0.0320410353142586 0.0321246014256303 0.0339072185916254 0.0336988434545111 0.0335498174831387 0.0731352196210506 0.0893222683366555 0.0944639784103639 0.0387571348736821 0.104670404525869 0.107998092672671 0.0808472995352225 0.0608323782315254 0.107280085181483 0.0632409064366974 0.11610525828381 0.112179270255871 0.102857035877272 0.072975862609713 0.0762473725974741
-9999 -9999 -9999 -9999 -9999 -9999 -9999 -9999 -9999 -9999 -9999 -9999 -9999 -9999 -9999 -9999 -9999 0.0312037248136806 0.0320957397744976 0.0327262236656096 0.0322432833696477 0.0322362388714747 0.0313293601045652 0.031250851494692 0.0312991170023934 0.0312510093490036 0.0316992351300147 0.0316746138227946 0.0316498632805674 0.0346970387013805 0.0324869627031494 0.031291443274913 0.060764646069374 0.0929595405384624 0.100180411227083 0.0896907034654366 0.0854546516710487 0.0968911033017468 0.0809642143706413 0.063612184697806 0.0716865041687624 0.0666251079186792 0.0705063309876118 0.0734994376685232 0.0621608754725352 0.055910142224491 0.0730750814550153 0.0840200866595728
-9999 -9999 -9999 -9999 -9999 -9999 -9999 -9999 -9999 -9999 -9999 -9999 -9999 -9999 -9999 -9999 -9999 -9999 -9999 0.0321776040748983 0.0312037248136806 0.0329182649096602 0.0312949224005187 0.0317229309469291 0.0312970823576045 0.0317004676865617 0.0316822228008341 0.0318417220247285 0.0316632868992696 0.0311624115688376 0.0322432735811235 0.032530146103576 0.162477649317483 0.143592725117324 0.107253925377795 0.0661791129867824 0.0583415086135518 0.101401598716593 0.0863129644388711 0.107435610522264 0.0582341273106517 0.0566773064742514 0.0575917036107825 0.187305156252914 0.064411495542104 0.0999930972977174 0.0854169930871404 0.147700351540947
-9999 -9999 -9999 -9999 -9999 -9999 -9999 -9999 -9999 -9999 -9999 -9999 -9999 -9999 -9999 -9999 -9999 -9999 -9999 0.0311923735140662 0.0314280987448645 0.0321323755805435 0.0335279932464656 0.0336760543876756 0.046212024090518 0.111359176032897 0.073443877987939 0.0321504672852796 0.0889113914114386 0.0326610500036957 0.0330047176869891 0.0320883067268736 0.0335210032306703 0.171253713917784 0.0928719105783579 0.082563618486084 0.138063974406032 0.0492241075082547 0.0889794690030383 0.0938904188505132 0.0522778469427726 0.0780347667403097 0.0787411651916144 0.0780415826859188 0.0507353464092569 0.0498363758950052 0.0488092169200892 -9999
-9999 -9999 -9999 -9999 -9999 -9999 -9999 -9999 -9999 -9999 -9999 -9999 -9999 -9999 -9999 -9999 -9999 -9999 -9999 0.0340295699676608 0.031702144805304 0.034840191391985 0.0313024241308456 0.0331958953635502 0.0503691259952303 0.077493334307309 0.0798252141673883 0.120970643047044 0.0865711577544926 0.0716981218774539 0.0327944496606641 0.031120073103631 0.0525404490135508 0.0821487064224441 0.163307171221678 0.127070899223392 0.0338531892813748 0.0499210669678211 0.0494338028938181 0.050539247520344 0.0327009963800347 0.0498775725692212 0.046638216748065 0.0499331672555547 0.0509673906786537 -9999 -9999 -9999
-9999 -9999 -9999 -9999 -9999 -9999 -9999 -9999 -9999 -9999 -9999 -9999 -9999 -9999 -9999 -9999 -9999 -9999 -9999 0.0398923448949044 0.0315489361793429 0.0319008758486879 0.0324287611691598 0.0312088678234357 0.0313205330538143 0.0332595932324278 0.0529454794312859 0.0787897794134008 0.0799046609994625 0.107134076013149 0.0326926811497837 0.130658570804368 0.169137356490372 0.153174370038037 0.194037639101029 0.177836645867017 0.0327768064985877 0.0330963956210891 0.0530392443383048 0.0837669111471926 0.0342075203644522 0.0329211860393994 0.0453580981791399 0.0485095889505819 0.0321971278317074 0.0481881690574415 -9999 -9999
-9999 -9999 -9999 -9999 -9999 -9999 -9999 -9999 -9999 -9999 -9999 -9999 -9999 -9999 -9999 -9999 -9999 -9999 0.0408323575814824 0.0388080096922515 0.0382764045462369 0.033511600486819 0.0309660025302838 0.0316870902492121 0.0315972769685735 0.0325818181662798 0.0371284992328458 0.0383382305934805 0.122945779590002 0.0422102825451582 0.0328326877852409 0.0346909545913001 0.033925317952518 0.140616788565878 0.0783179074024669 0.089600020315946 0.031388915933983 0.0460816485729146 -9999 -9999 0.0691473726222255 0.0862142781121031 0.0772900736021017 0.0397059618217487 0.0329585492016546 0.0463798286415244 -9999 -9999
-9999 -9999 -9999 -9999 -9999 -9999 -9999 -9999 -9999 -9999 -9999 -9999 -9999 -9999 -9999 -9999 -9999 -9999 0.0521154681512338 0.0335060186169084 0.0313370042983195 0.0315049703999982 0.0317044348477483 0.0327873972244997 0.0309711132208391 0.0335032983648639 0.0335816259980008 0.0390777413806497 0.0477968363698918 0.0325822025682322 0.0310304944452828 0.0384074713883347 0.0419267877363465 0.0443330050149799 0.0614256420914537 0.0672586928997888 -9999 -9999 -9999 -9999 -9999 -9999 0.0531383829826777 0.0451109235895769 0.0584863709248191 0.0314369732278171 0.0325534140548944 -9999
-9999 -9999 -9999 0.0405783677750756 0.037865103712546 0.0313394153691284 0.0385835297802153 0.0355605097960535 0.0367806304863286 0.0351235773576478 0.0385406933021888 0.0606334644467201 0.0456868472841261 0.0371230682845064 0.0378293946526196 0.0300200113498043 0.0312020037355445 0.0432661726039904 0.0385998117231882 0.0348811695273453 0.0326110392808256 0.0325948470451961 0.032088450559548 0.0326685222832164 0.0317130773316879 0.0323978329574097 0.0325243996960461 0.0460586445133564 -9999 -9999 -9999 -9999 0.0402720993241011 0.0390627988376983 -9999 -9999 -9999 -9999 -9999 -9999 -9999 -9999 0.031832472238587 0.0330309592895246 0.0338728281199454 0.0517439501957534 0.0327575379704824 0.0343779444891742
-9999 -9999 -9999 0.0314049504549657 0.0325022089139047 0.0296133040115346 0.0398154871036702 0.0638915817468842 0.0800168611754529 0.0556716493389869 0.0314954042959279 0.0666323128551606 0.0302521507416656 0.0306862823816391 0.0324645692045574 0.0306959252118626 0.0310437970545797 0.0295432697238165 0.030947519363104 0.0924506763404843 0.102164762025563 0.0951119664252048 0.0800496160675203 0.0972242152530911 0.0911094744899511 0.0371001132925241 0.0373868830202732 -9999 -9999 -9999 -9999 -9999 -9999 -9999 -9999 -9999 -9999 -9999 -9999 -9999 -9999 -9999 -9999 0.0323882678814679 0.0338785915610402 0.0332766910399446 0.0339398409209554 0.112215385696214
-9999 -9999 -9999 -9999 0.0314504916562659 0.0318500818409632 0.0304713703879361 0.0554099359439533 0.0320412999722958 0.0309722998261465 0.0306507800018468 0.0308138335823922 0.0306899776897022 0.0311547319902257 0.0664508053579576 0.116177544066088 0.029378317705787 0.0314894433302947 0.0337555271703421 0.0309003565188105 0.0313338669426771 0.0312530012546112 0.0304972863531199 0.0797860161176725 0.080713103321147 0.143645361240293 0.0344185092862441 0.0327397579806293 -9999 -9999 -9999 -9999 -9999 -9999 -9999 -9999 -9999 -9999 -9999 -9999 -9999 -9999 -9999 -9999 0.0342394785239613 0.0325831116775586 0.046879015879079 0.0522224004610153
-9999 -9999 -9999 0.0531404350115283 0.0430426560520966 0.0398350104842271 0.0310072573508273 0.0311467911467725 0.0470645894970074 0.0305973365987687 0.030823769224935 0.031882296002614 0.0307769799810548 0.0306344719833824 0.0325908145989242 0.0397636459022839 0.0310566003671868 0.0314524604977387 0.0324841691423853 0.0472783062513306 0.0328875135412421 0.0305812621399364 0.0310645612963117 0.0309732799133101 0.0295013789230582 0.0459404855634769 0.0501147373354434 -9999 -9999 -9999 -9999 -9999 -9999 -9999 -9999 -9999 -9999 -9999 -9999 -9999 -9999 -9999 -9999 -9999 -9999 -9999 0.0332359242647003 0.0334884384498145
-9999 -9999 -9999 -9999 0.036191054552815 0.0506326750077172 0.0385149895115676 0.0392925861430877 0.0322367351107358 0.0306356604373978 0.0307135466234004 0.0305295926440467 0.0311940377358319 0.0327392298183175 0.0422551918885632 0.0312794091358942 0.031120386717594 0.0312716900877398 0.0313804638003487 0.032512651876551 0.0475726038954324 0.0310365199339993 0.0318012681317806 0.0319857599841271 0.0447937312349011 -9999 -9999 -9999 -9999 -9999 -9999 -9999 -9999 -9999 -9999 -9999 -9999 -9999 -9999 -9999 -9999 -9999 -9999 -9999 -9999 -9999 -9999 -9999
-9999 -9999 -9999 -9999 0.0522287129707218 0.0517637531649065 0.0421188285502882 0.0417977876629813 0.032911834283796 0.0309655873614508 0.031056488232068 0.031145672923362 0.0317298972871473 0.0584761621316856 0.0313114262491879 0.0312372535153637 0.0381771441010846 0.0413879207310272 0.0311691546907936 0.0426218887794276 0.0423750725752506 0.0470168578134007 0.047543287367321 -9999 -9999 -9999 -9999 -9999 -9999 -9999 -9999 -9999 -9999 -9999 -9999 -9999 -9999 0.0334710295513195 0.0317487120392375 0.0318528806059804 -9999 -9999 -9999 -9999 -9999 -9999 -9999 -9999
-9999 -9999 -9999 0.0395443346077096 0.0466204429049114 0.0433549593464209 0.0396090626270102 0.0328611528117124 0.0325538049370645 0.0345419426280598 0.0427316989230834 0.0430779518063866 0.0317050918024614 0.0349208532272928 0.031469543624572 0.0306353823899008 0.0324992577542308 0.0458170966537107 0.048947420662903 0.0383304543473594 0.0385608065208085 0.0324261551826087 -9999 -9999 -9999 -9999 -9999 -9999 -9999 -9999 -9999 -9999 -9999 -9999 -9999 -9999 -9999 -9999 0.0317067318387865 0.0322845594711519 -9999 -9999 -9999 -9999 -9999 -9999 -9999 -9999
