Scripts_&_data/BRT_projection_files/BRT_CCV/B_distinguendus_1_projection.asc
NCOLS 79 
NROWS 71 
XLLCORNER -10.5 
YLLCORNER 36 
CELLSIZE 0.5 
NODATA_value -9999 
[rows 44 to 65 of 71, columns 0 to 47 of 79]
-9999 -9999 -9999 -9999 -9999 -9999 -9999 -9999 -9999 -9999 -9999 -9999 -9999 -9999 -9999 -9999 -9999 -9999 0.16410086569043 0.161265670672739 0.112102593997096 0.159726658584946 0.0970320297252848 0.178793629383437 0.0896739460021795 0.0504054542758103 0.100266160753611 0.118087543302912 0.261089996794858 0.311579942303151 0.321411568094048 0.311415382022047 0.332584403386163 0.621178799560014 0.705359056889664 0.659091780051538 0.37754772895123 0.535489606477286 0.728115753211271 0.702794286646918 0.540138349528711 0.725400653901403 0.657686109771719 0.712613482566564 0.523507722536683 0.390995617040886 0.473802303871742 0.314300864192559
-9999 -9999 -9999 -9999 -9999 -9999 -9999 -9999 -9999 -9999 -9999 -9999 -9999 -9999 0.0525807366221739 -9999 -9999 -9999 0.138160778952393 0.546072078995691 0.586791190743384 0.523728108568304 0.348411402739408 0.112374608654632 0.0778281510588351 0.0663872502779665 0.0894805557538512 0.0937787368187905 0.117464100002403 0.104209784039195 0.0969256781581678 0.259452530647086 0.323855091361549 0.69054317146344 0.460917971316336 0.226577805988289 0.479696988070081 0.470229828330392 0.688497984235722 0.822824099868965 0.468969858259442 0.520979723642293 0.649238382911085 0.658004813971458 0.53225154832543 0.563555186246995 0.503313851294866 0.345922223101455
-9999 -9999 -9999 -9999 -9999 -9999 -9999 -9999 -9999 -9999 -9999 -9999 0.112922548983935 0.141837870157528 0.153877187798316 0.109129627707138 0.0994371820291126 0.0585166830698124 0.0702395757665566 0.087647397407571 0.218144521157951 0.152514025383314 0.328944598703718 0.149353947755993 0.0916908744084653 0.046455121040225 0.0458866487716792 0.0475686118525259 0.0979090891245845 0.0926515319119651 0.101001239222627 0.306222259488515 0.300651630579846 0.268465987904117 0.211703606965264 0.214960215969029 0.701036982328599 0.293731554742394 0.678876530520424 0.409174569720189 0.748333017168835 0.818985969450918 0.799741832209319 0.687229970281319 0.750438063823024 0.693184480114003 0.405932579328956 0.461669020504461
-9999 -9999 -9999 -9999 -9999 -9999 -9999 -9999 -9999 -9999 -9999 -9999 -9999 -9999 0.0696732881557326 0.0575902891131284 0.0640615798074829 0.0643821688426855 0.0675514936020379 0.0440732412992706 0.0667767437718217 0.108001552958296 0.126181909209164 0.0890267066763232 0.0845801895030625 0.0463259254883083 0.048931594455172 0.0929641133867291 0.0902568751592328 0.211466692375963 0.334218953549121 0.313838169038666 0.217788486627663 0.220152028458913 0.34379529953282 0.232032917829051 0.337544763834739 0.266222972857675 0.630935837015554 0.559026982139895 0.506054422594687 0.551944394399601 0.548001875645656 0.362725428687064 0.496308228189961 0.46120581628126 0.361869053857122 0.438022402042704
-9999 -9999 -9999 -9999 -9999 -9999 -9999 -9999 -9999 -9999 -9999 -9999 -9999 -9999 -9999 -9999 -9999 0.102978026617064 0.0730976095629985 0.0764980379427569 0.0503198813825866 0.0462630777839871 0.0532559831650943 0.0483366925449131 0.0432597776078773 0.0468319315818233 0.0903037494139591 0.101271659914141 0.0761754116688231 0.221423817531077 0.203982055214677 0.0898983592949511 0.0919339020905302 0.232001710926256 0.270683262565953 0.566783091988205 0.541091687431692 0.598079062401231 0.55199136934528 0.467242082903083 0.448259372094483 0.452288971820751 0.260896750318128 0.290832216216354 0.399730004561882 0.379517808483106 0.327115084922283 0.229363796314205
-9999 -9999 -9999 -9999 -9999 -9999 -9999 -9999 -9999 -9999 -9999 -9999 -9999 -9999 -9999 -9999 -9999 0.0492628315768283 0.0441338057287133 0.0445576024865868 0.0441061488279441 0.0465576281692739 0.0486045519112127 0.059528427327574 0.0932824423178085 0.102171440412697 0.128457841922433 0.107358413562483 0.105809409889228 0.297901229124717 0.150308179321122 0.0852916860145071 0.242319232128233 0.359257079893583 0.403377707168551 0.590492779493685 0.610164216082742 0.267159128605467 0.462670121252763 0.416721410016991 0.644453343218228 0.217940709761923 0.238482674816644 0.216364621340095 0.223022820698414 0.190362840242991 0.240100957789044 0.28357149044728
-9999 -9999 -9999 -9999 -9999 -9999 -9999 -9999 -9999 -9999 -9999 -9999 -9999 -9999 -9999 -9999 -9999 -9999 -9999 0.0450913562061488 0.0430413357193713 0.0461394824343482 0.0711787472042336 0.118250009179011 0.205402899995454 0.631947728179491 0.507643288915087 0.205514440915008 0.282460790268148 0.460296921552765 0.103353545251778 0.0793640694942811 0.299783143138895 0.522201230915747 0.360225566038079 0.324422215560192 0.274480415142419 0.206012757389902 0.243501273539743 0.289975530514711 0.219673742146604 0.20134953323293 0.208129153409921 0.367191655511591 0.189352924792138 0.236133964134175 0.281978941774491 0.178061844544169
-9999 -9999 -9999 -9999 -9999 -9999 -9999 -9999 -9999 -9999 -9999 -9999 -9999 -9999 -9999 -9999 -9999 -9999 -9999 0.0452249181168011 0.0439116125848314 0.0539384189541552 0.0416965292794854 0.0708606453820146 0.261711559481179 0.222683613787997 0.252672820335179 0.684105511685527 0.251509214151977 0.45754269703078 0.160762575550264 0.0729429420878301 0.235567836983362 0.237313780245725 0.217928852171818 0.222047573210655 0.250707342402361 0.24368989760705 0.0720308419730656 0.0814939726175025 0.515209317797675 0.509244306332446 0.311722819874368 0.486771083296632 0.490602381597684 0.065986613051202 0.0599733847284254 -9999
-9999 -9999 -9999 -9999 -9999 -9999 -9999 -9999 -9999 -9999 -9999 -9999 -9999 -9999 -9999 -9999 -9999 -9999 -9999 0.0371059812108389 0.0581232588450361 0.0440292973753098 0.0387716596989273 0.0370872739992076 0.0615002894021331 0.272478766044755 0.279526789863907 0.425594102928511 0.294328805437792 0.313027010676991 0.0716250429727101 0.072706107234753 0.280997405172433 0.213988711260121 0.287558106169398 0.278001718561174 0.0840381124445505 0.0568384390185525 0.0804061159490373 0.102818781190733 0.0752104234918808 0.0794643514175862 0.0871593447324459 0.083177938748932 0.0850875362648036 -9999 -9999 -9999
-9999 -9999 -9999 -9999 -9999 -9999 -9999 -9999 -9999 -9999 -9999 -9999 -9999 -9999 -9999 -9999 -9999 -9999 -9999 0.0499877719176138 0.0642689607120167 0.0629868148456506 0.0435752568828048 0.0420208693181096 0.0580067248694306 0.203533916894369 0.248928631400416 0.317403511102009 0.259675417547713 0.260605172983281 0.0382411928784177 0.207580445923257 0.318443151001807 0.217191385778433 0.294488058719714 0.445551239390884 0.0750848377376505 0.0421488461242509 0.0462175091634982 0.250574072473818 0.0649079729886982 0.0570183627510819 0.0778611865256648 0.0787989465319007 0.0531020094891727 0.0529210874998168 -9999 -9999
-9999 -9999 -9999 -9999 -9999 -9999 -9999 -9999 -9999 -9999 -9999 -9999 -9999 -9999 -9999 -9999 -9999 -9999 0.041992238020931 0.0318464368756591 0.0367686874269172 0.0447812780483227 0.054388067801716 0.0683980190396546 0.0633995327169168 0.0660872673894484 0.426077062317934 0.214433982668735 0.222551946334148 0.0395709744800251 0.0439203236039738 0.293458110079211 0.289106584779129 0.378410564780607 0.266381607532763 0.259203369565938 0.325571412349367 0.0425773755692031 -9999 -9999 0.0442186712615006 0.187517641240355 0.259352404302298 0.284363858467949 0.0487149715017271 0.0790841464828644 -9999 -9999
-9999 -9999 -9999 -9999 -9999 -9999 -9999 -9999 -9999 -9999 -9999 -9999 -9999 -9999 -9999 -9999 -9999 -9999 0.0389296939911361 0.0374611037218916 0.050449810181628 0.0446368719569134 0.0438085630595511 0.079843307109988 0.0462415818140721 0.0365127658512882 0.0610962639561609 0.0388389109341951 0.0402355612897531 0.048887184438971 0.0518368273715968 0.0565753542290554 0.0407317293868799 0.0714124601005806 0.0394405030344612 0.0513914796701755 -9999 -9999 -9999 -9999 -9999 -9999 0.0502994535808508 0.0701175766269813 0.317260031025121 0.374259695485429 0.0558801593209406 -9999
-9999 -9999 -9999 0.0429131884524749 0.0420266063492915 0.0664481475421225 0.0707081306542703 0.0879060941773287 0.127887353407512 0.193515712618144 0.153189790494261 0.158413550284668 0.0473556024180973 0.0291189807009193 0.0327165316107174 0.0402052907937585 0.0351778906494086 0.0374078286842178 0.0593019220030857 0.040028559534782 0.0432175559804329 0.0438220378441362 0.0596644477003837 0.0432319570581341 0.0699602715443452 0.0371177444623191 0.0443684929860782 0.0500082975065184 -9999 -9999 -9999 -9999 0.0531323171113179 0.0366620316710869 -9999 -9999 -9999 -9999 -9999 -9999 -9999 -9999 0.0451095782430446 0.0482827353671859 0.0488988549442392 0.0449369734765714 0.0745637499777871 0.0578154255761421
-9999 -9999 -9999 0.0332409481416661 0.0323267687097001 0.0510859141715851 0.0774021074700463 0.214806707740436 0.242798829381059 0.232205420165608 0.163420534499219 0.169202900167462 0.270030167108432 0.241079557859183 0.273880285865099 0.255610610543961 0.162943223224559 0.0655348157368004 0.101197515870862 0.228801636559981 0.355874189095778 0.258679026326904 0.452498982227313 0.147361698820925 0.199381769286985 0.0852095864482758 0.0441655529187379 -9999 -9999 -9999 -9999 -9999 -9999 -9999 -9999 -9999 -9999 -9999 -9999 -9999 -9999 -9999 -9999 0.0509675303904789 0.0520883101423574 0.0520594522717656 0.0484018788820341 0.300442381474994
-9999 -9999 -9999 -9999 0.0312630310168691 0.0321567888383906 0.151276755491033 0.159692339879652 0.246140246117957 0.0286256458300625 0.0290602733431097 0.0538427837371857 0.0297650279312219 0.05126779234914 0.179162000912469 0.190118639453216 0.22408466020782 0.0279143656609849 0.0381691753125757 0.0358468411462864 0.151874404039982 0.0349401998455342 0.235723756419577 0.424793090418553 0.280053155738779 0.213415719129641 0.0291227741902837 0.0346601932980493 -9999 -9999 -9999 -9999 -9999 -9999 -9999 -9999 -9999 -9999 -9999 -9999 -9999 -9999 -9999 -9999 0.0429170459630355 0.0550814705560139 0.0544245287765493 0.248482816616527
-9999 -9999 -9999 0.0401873949228228 0.0758342823197663 0.0877549640431203 0.0373828653840688 0.0365263967512514 0.0335105808130099 0.0289591324493 0.0301072498597995 0.0275599855046472 0.0552010583915004 0.0529121444077666 0.0547449804836195 0.099817962549101 0.141312700722849 0.0524760397124203 0.0336456543702753 0.0385388256016933 0.0302953151206517 0.0324993980781734 0.029731482911025 0.0306820022823809 0.0347640747908801 0.0796883386623485 0.040177865611509 -9999 -9999 -9999 -9999 -9999 -9999 -9999 -9999 -9999 -9999 -9999 -9999 -9999 -9999 -9999 -9999 -9999 -9999 -9999 0.0782886693046235 0.0417772898671528
-9999 -9999 -9999 -9999 0.0502203137636133 0.0475719960284089 0.0305970573951321 0.0343933190072329 0.0414099981073769 0.041918588251398 0.0265140500701379 0.0267832781005665 0.029949948718064 0.087065659048794 0.165817439212965 0.0512434144350129 0.140833681359034 0.147544141474807 0.0528013811018024 0.0325559865533998 0.0332996408044487 0.0296140529765749 0.0309483254851451 0.030672467923526 0.0377810211006529 -9999 -9999 -9999 -9999 -9999 -9999 -9999 -9999 -9999 -9999 -9999 -9999 -9999 -9999 -9999 -9999 -9999 -9999 -9999 -9999 -9999 -9999 -9999
-9999 -9999 -9999 -9999 0.0501387288055348 0.0441589243285713 0.0379639943245581 0.0309070712126924 0.0427646030659991 0.0425368125125249 0.0704171707636805 0.0735455753099508 0.150481521939345 0.062136295882496 0.029250555749287 0.0294510499938388 0.179028401839612 0.182644286000491 0.160448491825334 0.160449372492772 0.050743537705543 0.0298597517648768 0.0324027392395684 -9999 -9999 -9999 -9999 -9999 -9999 -9999 -9999 -9999 -9999 -9999 -9999 -9999 -9999 0.0471111653193796 0.0509526374395047 0.0393696539977333 -9999 -9999 -9999 -9999 -9999 -9999 -9999 -9999
-9999 -9999 -9999 0.0421146207890019 0.0454202170216897 0.034711876738659 0.0353454259427128 0.0305096566952797 0.0305491983445026 0.0534396025597067 0.0529471885561526 0.0313430378171701 0.0300771715747538 0.0383121748434089 0.0296813851822657 0.0298861814771712 0.0525388625131179 0.17181690040747 0.157928631550763 0.176712603236693 0.0303739090900919 0.0306811334906939 -9999 -9999 -9999 -9999 -9999 -9999 -9999 -9999 -9999 -9999 -9999 -9999 -9999 -9999 -9999 -9999 0.0661721632228362 0.0366800243983537 -9999 -9999 -9999 -9999 -9999 -9999 -9999 -9999
-9999 -9999 -9999 0.0513412573329002 0.0334351829883905 0.0346818916887524 0.035051742958107 0.0467723617060944 0.0311925819789313 0.0314302885813828 0.0321310065515894 0.0300247059436803 0.0267454047028418 0.0268261446494367 0.0271487983074031 0.0310000673200035 0.0290180533476114 0.0302208469788736 0.0296669650707316 0.0298477323731731 0.0378417503789873 -9999 -9999 -9999 -9999 -9999 -9999 -9999 -9999 -9999 -9999 -9999 -9999 -9999 -9999 -9999 -9999 -9999 0.0524808260983876 0.0430417358324753 -9999 -9999 -9999 -9999 -9999 -9999 -9999 -9999
-9999 -9999 0.0424510512518049 0.0340033053240043 0.0358274248104512 0.0362014766553151 0.0312178286786566 0.0291061012683402 0.0302499515645407 0.0398776629869677 0.0445448083028772 0.0325522581358625 0.030443005485931 0.0288198755043919 0.0272193234778694 0.0295687269561555 0.0303772523240273 0.0273059086001404 0.0293374138103045 0.0294382465904567 -9999 -9999 -9999 -9999 -9999 -9999 -9999 -9999 -9999 -9999 -9999 -9999 -9999 -9999 -9999 -9999 -9999 -9999 0.0406770503558543 0.0428073091620221 -9999 -9999 -9999 -9999 -9999 -9999 -9999 -9999
-9999 -9999 0.042191180150769 0.030284321006741 0.03257033283972 0.0328714790542285 0.0293163792552314 0.0289883520119822 0.0278538881654432 0.0423255980145547 0.0394764972159657 0.0284383635098162 0.0291223332670226 0.0286629916264998 0.0272281717722626 0.0304739213766252 0.0296671568670485 0.027000357356988 0.0304103543001092 0.0284010234151737 0.0293820495020943 -9999 -9999 -9999 -9999 -9999 -9999 -9999 -9999 -9999 -9999 -9999 -9999 -9999 -9999 -9999 -9999 -9999 -9999 -9999 -9999 -9999 -9999 -9999 -9999 -9999 -9999 -9999
