Scripts_&_data/BRT_projection_files/BRT_CCV/B_flavidus_2_projection.asc
NCOLS 79 
NROWS 71 
XLLCORNER -10.5 
YLLCORNER 36 
CELLSIZE 0.5 
NODATA_value -9999 
[rows 42 to 62 of 71, columns 0 to 47 of 79]
-9999 -9999 -9999 -9999 -9999 -9999 -9999 -9999 -9999 -9999 0.0289642060827278 -9999 -9999 0.0323054819089091 -9999 -9999 -9999 -9999 -9999 -9999 -9999 -9999 -9999 -9999 0.0289343143451055 0.0289343143451055 0.0289343143451055 0.0289614458137785 0.0289343143451055 0.0289343143451055 0.0289343143451055 0.0289343143451055 0.0399366789660227 0.0384008734104753 0.0316237904943003 0.0289614458137785 0.0290203471975012 0.0289614458137785 0.0289614458137785 0.0316095629796312 0.0289921753476368 0.0289921753476368 0.0289799802705189 0.0289921753476368 0.0291120437744423 0.0291120437744423 0.0292345157903838 0.0291120437744423
-9999 -9999 -9999 -9999 -9999 -9999 -9999 -9999 -9999 -9999 -9999 -9999 -9999 -9999 -9999 -9999 -9999 -9999 -9999 -9999 -9999 -9999 0.0289343143451055 0.0289343143451055 0.0289343143451055 0.0289343143451055 0.0289343143451055 0.0289343143451055 0.0289343143451055 0.0289343143451055 0.0315068914807395 0.0305554134439938 0.0352134320028638 0.0289343143451055 0.031640772032852 0.0289779495694219 0.0289518899859123 0.0289273398797191 0.0289779495694219 0.0291714158497241 0.0289614458137785 0.0289921753476368 0.0289614458137785 0.0289921753476368 0.0289921753476368 0.0291120437744423 0.0290989719127203 0.0289580694135774
-9999 -9999 -9999 -9999 -9999 -9999 -9999 -9999 -9999 -9999 -9999 -9999 -9999 -9999 -9999 -9999 -9999 -9999 0.0289343143451055 0.0289343143451055 0.0289614458137785 0.0289343143451055 0.0289343143451055 0.0289614458137785 0.0289343143451055 0.0289614458137785 0.0289614458137785 0.0289343143451055 0.0289343143451055 0.0289343143451055 0.0289483739520564 0.0289483739520564 0.0289343143451055 0.0289343143451055 0.0289614458137785 0.0289779495694219 0.061593882622074 0.0289614458137785 0.0289614458137785 0.0289614458137785 0.0289343143451055 0.0289650438789639 0.0289650438789639 0.0289614458137785 0.0289921753476368 0.0289921753476368 0.0290849123057694 0.0291668702314826
-9999 -9999 -9999 -9999 -9999 -9999 -9999 -9999 -9999 -9999 -9999 -9999 -9999 -9999 0.0289343143451055 -9999 -9999 -9999 0.0289343143451055 0.0289343143451055 0.0289343143451055 0.0289483739520564 0.0289483739520564 0.0289343143451055 0.0289614458137785 0.0289779495694219 0.0289614458137785 0.0289343143451055 0.0289483739520564 0.0289343143451055 0.0289483739520564 0.0289483739520564 0.0289483739520564 0.0289343143451055 0.0289343143451055 0.0289614458137785 0.0289614458137785 0.0292992698383079 0.0289614458137785 0.0289614458137785 0.0289921753476368 0.0289921753476368 0.0289343143451055 0.0289650438789639 0.0289650438789639 0.0289650438789639 0.0289650438789639 0.0315075437972798
-9999 -9999 -9999 -9999 -9999 -9999 -9999 -9999 -9999 -9999 -9999 -9999 0.0289343143451055 0.0289474357798432 0.0289483739520564 0.0289343143451055 0.0289343143451055 0.0289343143451055 0.0289343143451055 0.0289343143451055 0.0289483739520564 0.0289343143451055 0.0289483739520564 0.0289343143451055 0.0289483739520564 0.0289343143451055 0.0289343143451055 0.0289343143451055 0.0289483739520564 0.0289343143451055 0.0289483739520564 0.0289483739520564 0.0289483739520564 0.0289343143451055 0.0432293160844027 0.0296431363924006 0.0289614458137785 0.039560882386196 0.0315374052932268 0.0289921753476368 0.0289650438789639 0.0289343143451055 0.0289343143451055 0.0289343143451055 0.0289921753476368 0.0289650438789639 0.0289343143451055 0.0289343143451055
-9999 -9999 -9999 -9999 -9999 -9999 -9999 -9999 -9999 -9999 -9999 -9999 -9999 -9999 0.0289343143451055 0.0289343143451055 0.0289343143451055 0.0289343143451055 0.0289343143451055 0.0289343143451055 0.0289343143451055 0.0289343143451055 0.0289483739520564 0.0289343143451055 0.0289614458137785 0.0289614458137785 0.0289343143451055 0.0289483739520564 0.0289343143451055 0.0289483739520564 0.0289483739520564 0.0289483739520564 0.0289483739520564 0.0315952200325264 0.038179251578344 0.0326292906077071 0.0291011109948212 0.0318183219555485 0.0303902690332998 0.0289642060827278 0.0290130455402037 0.0290437706148035 0.0326567591921842 0.0355215383949261 0.0386030863413172 0.038651371444424 0.0395702165745759 0.0395066921797935
-9999 -9999 -9999 -9999 -9999 -9999 -9999 -9999 -9999 -9999 -9999 -9999 -9999 -9999 -9999 -9999 -9999 0.0289343143451055 0.0289343143451055 0.0289343143451055 0.0289343143451055 0.0289343143451055 0.0289343143451055 0.0289483739520564 0.0289483739520564 0.0289614458137785 0.0289483739520564 0.0289483739520564 0.0289483739520564 0.0289483739520564 0.0289483739520564 0.0289614458137785 0.031490913152304 0.0354755159948312 0.035354249548594 0.032805487363875 0.0324382000900775 0.0290130455402037 0.0351340533893602 0.0348981487571002 0.0382094792783146 0.147475241221289 0.227403237739659 0.248338949234776 0.0359674872564065 0.0357873929960701 0.15630425613462 0.165413831467932
-9999 -9999 -9999 -9999 -9999 -9999 -9999 -9999 -9999 -9999 -9999 -9999 -9999 -9999 -9999 -9999 -9999 0.0289343143451055 0.0289343143451055 0.0289343143451055 0.0289483739520564 0.0289343143451055 0.0289343143451055 0.0289483739520564 0.0289343143451055 0.0289483739520564 0.0289483739520564 0.0289343143451055 0.0289483739520564 0.0327166118168175 0.0289343143451055 0.0289343143451055 0.0319542190760433 0.0357443630970212 0.0289641012474921 0.0291639242045045 0.0448101313429365 0.268363872826201 0.176600169784025 0.156842582298682 0.213319025406822 0.754939294778912 0.678951973308845 0.299535404080063 0.298054346434161 0.343330291784779 0.172608682142653 0.167377856824855
-9999 -9999 -9999 -9999 -9999 -9999 -9999 -9999 -9999 -9999 -9999 -9999 -9999 -9999 -9999 -9999 -9999 -9999 -9999 0.0289343143451055 0.0289343143451055 0.0289483739520564 0.0289483739520564 0.0289483739520564 0.0289483739520564 0.0289483739520564 0.0289343143451055 0.0289343143451055 0.0289483739520564 0.0289343143451055 0.0289343143451055 0.0289333761728923 0.035668117901569 0.0328776807089951 0.0398194221059421 0.270011104779939 0.440298956371567 0.17197160946981 0.0451518736396851 0.0464776631492526 0.376905783584845 0.238820494571777 0.263251211823789 0.0444926491341842 0.21686967721817 0.0439884363579155 0.031839853562693 0.0318083975561862
-9999 -9999 -9999 -9999 -9999 -9999 -9999 -9999 -9999 -9999 -9999 -9999 -9999 -9999 -9999 -9999 -9999 -9999 -9999 0.0289343143451055 0.0289343143451055 0.0289343143451055 0.0289483739520564 0.0289343143451055 0.035532041064904 0.057474622926475 0.0291833669361034 0.0289343143451055 0.0595226776549268 0.0289343143451055 0.0289343143451055 0.0289343143451055 0.0353317230264225 0.042603145443473 0.250766207945273 0.313990827861231 0.0456639202849607 0.0354755159948312 0.0318040944408794 0.0367222060546441 0.0318040944408794 0.0385700364671952 0.0411339108577685 0.0382160321050679 0.0290513333651322 0.0289614458137785 0.0289614458137785 -9999
-9999 -9999 -9999 -9999 -9999 -9999 -9999 -9999 -9999 -9999 -9999 -9999 -9999 -9999 -9999 -9999 -9999 -9999 -9999 0.0289483739520564 0.0289483739520564 0.0289483739520564 0.0289508181007489 0.0315409923358559 0.038098079794911 0.0388202819599174 0.033652870103743 0.0289648777076998 0.0316470956924294 0.0352084134014102 0.0314909414486291 0.0289343143451055 0.0355139911804885 0.0405700258822266 0.297915538752589 0.0465930263804644 0.0289614458137785 0.0289614458137785 0.0289614458137785 0.0289614458137785 0.0289614458137785 0.0289614458137785 0.0289614458137785 0.0289614458137785 0.0289614458137785 -9999 -9999 -9999
-9999 -9999 -9999 -9999 -9999 -9999 -9999 -9999 -9999 -9999 -9999 -9999 -9999 -9999 -9999 -9999 -9999 -9999 -9999 0.042867335407878 0.0289343143451055 0.0289343143451055 0.0289483739520564 0.0290327760264621 0.0289483739520564 0.0316030540939638 0.0347967682225093 0.0352833997471825 0.037962539795134 0.0395320016903359 0.0315797014836843 0.0341202403731138 0.0382573911343296 0.0429896183903632 0.0553595402431083 0.0316682579198799 0.0289614458137785 0.0289343143451055 0.0289614458137785 0.0316564385311882 0.0326492759102195 0.0289614458137785 0.0289614458137785 0.0289614458137785 0.0289273398797191 0.0289414136749199 -9999 -9999
-9999 -9999 -9999 -9999 -9999 -9999 -9999 -9999 -9999 -9999 -9999 -9999 -9999 -9999 -9999 -9999 -9999 -9999 0.0621247457859763 0.054689745686774 0.0536122244927714 0.0289483739520564 0.0289343143451055 0.0289343143451055 0.0289483739520564 0.0289483739520564 0.0289483739520564 0.03172409656525 0.0412489058163991 0.0318671260903311 0.0322446257270224 0.0338829099180429 0.0352611892271067 0.0429996873058607 0.0501448627396247 0.0462807414291291 0.0431269160544173 0.0435623694466312 -9999 -9999 0.0431438566152482 0.0630837605107163 0.0289779495694219 0.0289614458137785 0.0289614458137785 0.0289614458137785 -9999 -9999
-9999 -9999 -9999 -9999 -9999 -9999 -9999 -9999 -9999 -9999 -9999 -9999 -9999 -9999 -9999 -9999 -9999 -9999 0.0316095629796312 0.0289483739520564 0.0289483739520564 0.0289483739520564 0.0289483739520564 0.0289248028752276 0.0289343143451055 0.0289343143451055 0.0334593559391058 0.0316924480491546 0.0316722828372511 0.0289614458137785 0.0289343143451055 0.033933976510328 0.0316421599908083 0.0386524428038563 0.0424901760185804 0.0432586306941721 -9999 -9999 -9999 -9999 -9999 -9999 0.0289614458137785 0.0289614458137785 0.0427053582930709 0.0289492507366606 0.0289614458137785 -9999
-9999 -9999 -9999 0.035837321579228 0.0390080712109273 0.0352825794265283 0.0382942179237428 0.0434969739609103 0.0391980913396103 0.0392631642892471 0.039969982594511 0.0403680958454265 0.0382995089202351 0.0414542279059362 0.0357588329706658 0.0433935617261278 0.0374382603855805 0.0384957551734979 0.0337650024129098 0.031669043684997 0.0290513333651322 0.0289343143451055 0.0289343143451055 0.0289343143451055 0.0289343143451055 0.0289343143451055 0.0289343143451055 0.0289779495694219 -9999 -9999 -9999 -9999 0.0566256306810494 0.0580630483453917 -9999 -9999 -9999 -9999 -9999 -9999 -9999 -9999 0.0289614458137785 0.0289614458137785 0.0289614458137785 0.0289614458137785 0.0289343143451055 0.0289518899859123
-9999 -9999 -9999 0.0391575936314039 0.0379703073348514 0.0351592158415043 0.0383781677433909 0.0392619460110634 0.0409413872736912 0.0314664483731803 0.0331674880346098 0.0304219791905007 0.0289483739520564 0.0297088227707353 0.0289483739520564 0.0289343143451055 0.032027808453051 0.0289343143451055 0.0340199380962059 0.0362474661936948 0.0687342261186713 0.0688578895183338 0.0424027834365837 0.0928258110081277 0.0796341776590728 0.094509574400706 0.0290752261383622 -9999 -9999 -9999 -9999 -9999 -9999 -9999 -9999 -9999 -9999 -9999 -9999 -9999 -9999 -9999 -9999 0.0289343143451055 0.0289483739520564 0.0289614458137785 0.0289614458137785 0.0614295506100109
-9999 -9999 -9999 -9999 0.0399849040164534 0.0385909622683095 0.0467231966008514 0.043192501686325 0.0338975492822846 0.0289276668622907 0.0297947662124404 0.0289416753302725 0.0297193849402028 0.0289094885886835 0.030257892315311 0.0289918295980889 0.0289094885886835 0.0289276668622907 0.0289416753302725 0.0300842397235954 0.0289483739520564 0.0301878974038756 0.0306555272347207 0.0339902188730097 0.0315311873761543 0.0686329515072196 0.0324156009909476 0.0325217766982277 -9999 -9999 -9999 -9999 -9999 -9999 -9999 -9999 -9999 -9999 -9999 -9999 -9999 -9999 -9999 -9999 0.0289614458137785 0.0289614458137785 0.0289614458137785 0.0352125813665125
-9999 -9999 -9999 0.0348988092695244 0.0385052357131741 0.0384756741916622 0.0313961081235258 0.0317245546081317 0.030984148831799 0.0289416753302725 0.0289416753302725 0.0289276668622907 0.0297784293648442 0.0289234970566653 0.0328381045761035 0.0306164882808833 0.0289234970566653 0.029889568339917 0.0289709491681809 0.0289709491681809 0.0331555777678002 0.0289416753302725 0.0289276668622907 0.0289234970566653 0.0289094885886835 0.0314664483731803 0.0350971739148728 -9999 -9999 -9999 -9999 -9999 -9999 -9999 -9999 -9999 -9999 -9999 -9999 -9999 -9999 -9999 -9999 -9999 -9999 -9999 0.0289614458137785 0.0289614458137785
-9999 -9999 -9999 -9999 0.031703712544704 0.0315465485613676 0.0289970418497688 0.0298968484965929 0.0320047027676628 0.0289416753302725 0.0297379607892181 0.0289416753302725 0.0298682630999786 0.0299080374086719 0.0301460068097007 0.0324544055579166 0.0306442854605193 0.0302915544763252 0.0298870753228604 0.0318227816203245 0.0289850731036396 0.0364150986652478 0.0289791047477593 0.0289626648979373 0.0323148660037024 -9999 -9999 -9999 -9999 -9999 -9999 -9999 -9999 -9999 -9999 -9999 -9999 -9999 -9999 -9999 -9999 -9999 -9999 -9999 -9999 -9999 -9999 -9999
-9999 -9999 -9999 -9999 0.0384560824076612 0.0351537140331872 0.0290219503428945 0.0297779129890536 0.0316242156922173 0.0289094885886835 0.0330404709434195 0.0289416753302725 0.028944255012649 0.0289921084223107 0.0289276668622907 0.0316475963935395 0.0339997140969736 0.0323623693686505 0.0338804586347735 0.0306843603825574 0.0308559148680529 0.0297369132602443 0.0289572316173414 -9999 -9999 -9999 -9999 -9999 -9999 -9999 -9999 -9999 -9999 -9999 -9999 -9999 -9999 0.0289713054125422 0.0289343143451055 0.0290327760264621 -9999 -9999 -9999 -9999 -9999 -9999 -9999 -9999
-9999 -9999 -9999 0.0323271828045438 0.0380690032091097 0.0366157698428797 0.0291866006296319 0.0341510274903074 0.0442931393177459 0.0341667760622537 0.0312078814488662 0.0290717282747107 0.0289276668622907 0.0290059472038275 0.0289626648979373 0.0298513122878802 0.0296379889628101 0.0360323214052108 0.029889568339917 0.0302892481847386 0.0289970418497688 0.0289533887942876 -9999 -9999 -9999 -9999 -9999 -9999 -9999 -9999 -9999 -9999 -9999 -9999 -9999 -9999 -9999 -9999 0.0289483739520564 0.0289483739520564 -9999 -9999 -9999 -9999 -9999 -9999 -9999 -9999
