Scripts_&_data/BRT_projection_files/BRT_CCV/B_flavidus_1_projection.asc
NCOLS 79 
NROWS 71 
XLLCORNER -10.5 
YLLCORNER 36 
CELLSIZE 0.5 
NODATA_value -9999 
[rows 42 to 62 of 71, columns 0 to 47 of 79]
-9999 -9999 -9999 -9999 -9999 -9999 -9999 -9999 -9999 -9999 0.0129334816678761 -9999 -9999 0.0129279375551657 -9999 -9999 -9999 -9999 -9999 -9999 -9999 -9999 -9999 -9999 0.0128140665149413 0.0128140665149413 0.0128140665149413 0.0128140665149413 0.0131023591231401 0.0128140665149413 0.0128140665149413 0.0131891343766992 0.0493676603868516 0.050620563988986 0.0156596923323488 0.0128140665149413 0.0128140665149413 0.0128140665149413 0.0128140665149413 0.0146780962218073 0.0128339921755091 0.0128339921755091 0.0128339921755091 0.0128339921755091 0.0128569039134405 0.0128569039134405 0.0128569039134405 0.0128569039134405
-9999 -9999 -9999 -9999 -9999 -9999 -9999 -9999 -9999 -9999 -9999 -9999 -9999 -9999 -9999 -9999 -9999 -9999 -9999 -9999 -9999 -9999 0.0131585988890976 0.0128078712947811 0.0128140665149413 0.0128140665149413 0.0128140665149413 0.0128140665149413 0.0128140665149413 0.0128140665149413 0.0146373537939653 0.0129279375551657 0.0145335562886094 0.0129473600409236 0.0144028366676528 0.0128140665149413 0.0128140665149413 0.0128140665149413 0.0128140665149413 0.0128140665149413 0.0128140665149413 0.0128339921755091 0.0128140665149413 0.0128339921755091 0.0128523742267707 0.0128569039134405 0.0132150343905064 0.0128569039134405
-9999 -9999 -9999 -9999 -9999 -9999 -9999 -9999 -9999 -9999 -9999 -9999 -9999 -9999 -9999 -9999 -9999 -9999 0.0128140665149413 0.0128140665149413 0.0128140665149413 0.0128401572099093 0.0128140665149413 0.0128140665149413 0.0128140665149413 0.0128140665149413 0.0128140665149413 0.0128140665149413 0.0128140665149413 0.0128140665149413 0.0128125891107688 0.0131023591231401 0.0128819339794977 0.0143655155442849 0.0128140665149413 0.0128078712947811 0.0509388693225907 0.0128140665149413 0.0128140665149413 0.0128140665149413 0.0128140665149413 0.0128523742267707 0.0128339921755091 0.0128140665149413 0.0128339921755091 0.0128339921755091 0.0128569039134405 0.0133084680196008
-9999 -9999 -9999 -9999 -9999 -9999 -9999 -9999 -9999 -9999 -9999 -9999 -9999 -9999 0.0128140665149413 -9999 -9999 -9999 0.0129812187388304 0.0129279375551657 0.0128140665149413 0.0128140665149413 0.0128125891107688 0.0128140665149413 0.0128140665149413 0.0128117451163694 0.0128140665149413 0.0128140665149413 0.0128140665149413 0.0128140665149413 0.0128140665149413 0.0130330948729684 0.0147683200734901 0.0128140665149413 0.0128140665149413 0.0129535926998811 0.0128140665149413 0.0129279375551657 0.0128140665149413 0.0128140665149413 0.013071505602825 0.0128339921755091 0.0128140665149413 0.0128339921755091 0.0128339921755091 0.0128339921755091 0.0128202583602539 0.0135085217889961
-9999 -9999 -9999 -9999 -9999 -9999 -9999 -9999 -9999 -9999 -9999 -9999 0.0128078712947811 0.0129279375551657 0.0128140665149413 0.0128140665149413 0.0128140665149413 0.0128140665149413 0.0129279375551657 0.0129279375551657 0.0128078712947811 0.0128140665149413 0.0128140665149413 0.0128140665149413 0.0128140665149413 0.0128140665149413 0.0128140665149413 0.0128140665149413 0.0128125891107688 0.0128140665149413 0.0128092400894095 0.013159964330617 0.0144639339363019 0.0129279375551657 0.0680460953795565 0.0137046638703684 0.0128140665149413 0.279696402543615 0.0156351778739688 0.0128339921755091 0.0128339921755091 0.0128339921755091 0.0128140665149413 0.0128140665149413 0.0128140665149413 0.0128140665149413 0.0129812187388304 0.0129279375551657
-9999 -9999 -9999 -9999 -9999 -9999 -9999 -9999 -9999 -9999 -9999 -9999 -9999 -9999 0.0129334816678761 0.0128140665149413 0.0128140665149413 0.0128140665149413 0.0128140665149413 0.0128140665149413 0.0128140665149413 0.0128140665149413 0.0128125891107688 0.0128140665149413 0.0128140665149413 0.0128140665149413 0.0128140665149413 0.0128125891107688 0.0128140665149413 0.0128092400894095 0.0129057388036652 0.0131008381912751 0.013286312854215 0.0145491289804006 0.0475119702847992 0.0145491289804006 0.0132624220049446 0.0152349176067364 0.0128819339794977 0.0128140665149413 0.0129279375551657 0.0236720288845234 0.0236060115324829 0.323965529335566 0.231794571989189 0.264074889863607 0.212031850809361 0.139163254218881
-9999 -9999 -9999 -9999 -9999 -9999 -9999 -9999 -9999 -9999 -9999 -9999 -9999 -9999 -9999 -9999 -9999 0.0128140665149413 0.0128140665149413 0.0128140665149413 0.0128140665149413 0.0128140665149413 0.0128140665149413 0.0128125891107688 0.0128125891107688 0.0128140665149413 0.0128140665149413 0.0128140665149413 0.0129264417278717 0.0130205042481368 0.0128140665149413 0.0131023591231401 0.0145546478169437 0.0546452455750027 0.028034169355927 0.0139154281917112 0.0129279375551657 0.011676262418584 0.0118254955977596 0.0220662976105052 0.0196939055373425 0.508980335902427 0.331469791455129 0.296849549368584 0.368068560091124 0.454456397058649 0.750402709615888 0.749687690252091
-9999 -9999 -9999 -9999 -9999 -9999 -9999 -9999 -9999 -9999 -9999 -9999 -9999 -9999 -9999 -9999 -9999 0.0128140665149413 0.0128140665149413 0.0128140665149413 0.0128140665149413 0.0128140665149413 0.0128140665149413 0.0128125891107688 0.0128140665149413 0.0128125891107688 0.0128125891107688 0.0128140665149413 0.0129520968725871 0.0155768339790304 0.0128140665149413 0.0129279375551657 0.0132363591841853 0.0275864943612664 0.0130512543861646 0.0243748892507963 0.0229497410238478 0.423992648158639 0.376173190878163 0.4238738411487 0.10381263648588 0.587390469891832 0.613167177589803 0.43683305968502 0.41919462606052 0.61582215374174 0.743912461221083 0.599303320869455
-9999 -9999 -9999 -9999 -9999 -9999 -9999 -9999 -9999 -9999 -9999 -9999 -9999 -9999 -9999 -9999 -9999 -9999 -9999 0.0128140665149413 0.0128078712947811 0.0128140665149413 0.0128125891107688 0.0128078712947811 0.0129334816678761 0.0128125891107688 0.0128140665149413 0.0128140665149413 0.0128140665149413 0.0128401572099093 0.0128140665149413 0.0129279375551657 0.264195168355356 0.0133327387193646 0.118477760446551 0.0499340573578086 0.485102306057776 0.527774033465452 0.0549663914914661 0.416549949918033 0.620404870976283 0.439721823466881 0.571288732248973 0.135136195699305 0.358619970110511 0.650082280538345 0.0260380704400696 0.0221246861420671
-9999 -9999 -9999 -9999 -9999 -9999 -9999 -9999 -9999 -9999 -9999 -9999 -9999 -9999 -9999 -9999 -9999 -9999 -9999 0.0128140665149413 0.0128140665149413 0.0128140665149413 0.0129279375551657 0.0129279375551657 0.015665570449669 0.013703148921878 0.0130827756521301 0.0128140665149413 0.0650483730756731 0.0133680724156078 0.014440435251579 0.0129279375551657 0.0145302649850196 0.266960496281304 0.646268916652667 0.490669025053537 0.36643158468187 0.0145302649850196 0.0131142983723615 0.0131120762425004 0.013447829543902 0.0285305550319003 0.191568487258803 0.0149507836329676 0.0140987515678913 0.0129255942599926 0.0118837975635765 -9999
-9999 -9999 -9999 -9999 -9999 -9999 -9999 -9999 -9999 -9999 -9999 -9999 -9999 -9999 -9999 -9999 -9999 -9999 -9999 0.0129535926998811 0.0128078712947811 0.0128140665149413 0.0128140665149413 0.0155224865587812 0.0439263450683298 0.0504368143323092 0.0292770493382476 0.0128140665149413 0.0144270743529546 0.0144028366676528 0.0145840669721611 0.0129279375551657 0.04378336441875 0.471087991028965 0.654307850504435 0.153606480306021 0.0129450079511605 0.0128140665149413 0.0127996650545186 0.0127978380654175 0.0128055498962092 0.0128040168983641 0.0128117451163694 0.0128117451163694 0.0128117451163694 -9999 -9999 -9999
-9999 -9999 -9999 -9999 -9999 -9999 -9999 -9999 -9999 -9999 -9999 -9999 -9999 -9999 -9999 -9999 -9999 -9999 -9999 0.01378489200864 0.0128140665149413 0.0128140665149413 0.0128140665149413 0.0128125891107688 0.0132380233211875 0.0146602303666974 0.0133584020710166 0.0162624062217671 0.0149560886326813 0.106530125096469 0.0145302649850196 0.0150585667722381 0.133980454257935 0.198213949014982 0.531766410465154 0.0155941088005322 0.0128140665149413 0.0128140665149413 0.0131614946784982 0.0145118334414818 0.0145470956101431 0.0129279375551657 0.0128140665149413 0.0128040168983641 0.0128040168983641 0.0128117451163694 -9999 -9999
-9999 -9999 -9999 -9999 -9999 -9999 -9999 -9999 -9999 -9999 -9999 -9999 -9999 -9999 -9999 -9999 -9999 -9999 0.0740079537058448 0.0138521662032872 0.0552747300464538 0.0128140665149413 0.0128140665149413 0.0128140665149413 0.0128125891107688 0.0129535926998811 0.0129279375551657 0.0155701143511527 0.135286690924269 0.0145215298632492 0.014440435251579 0.0144253889859548 0.0409383542408915 0.0887233152364722 0.251536730146202 0.13112675984791 0.0128140665149413 0.0421172516968425 -9999 -9999 0.0356849827828325 0.10307191686184 0.0119199491770754 0.0129279375551657 0.0128140665149413 0.0128117451163694 -9999 -9999
-9999 -9999 -9999 -9999 -9999 -9999 -9999 -9999 -9999 -9999 -9999 -9999 -9999 -9999 -9999 -9999 -9999 -9999 0.0155480445348203 0.014484711003815 0.0128401572099093 0.0128125891107688 0.0128140665149413 0.0128140665149413 0.0128140665149413 0.0129279375551657 0.0145865004873501 0.0145352382827836 0.0134415176975548 0.0128140665149413 0.0128140665149413 0.0144051125132113 0.0144028366676528 0.0408395575942998 0.0702611265784825 0.0418321568451261 -9999 -9999 -9999 -9999 -9999 -9999 0.0130387438030686 0.0129279375551657 0.0129888204549516 0.0128140665149413 0.0128140665149413 -9999
-9999 -9999 -9999 0.034332323909257 0.0410539666700507 0.0488735968053033 0.0391621870412588 0.0420318572364235 0.0283089891993335 0.0268657056735303 0.0237219795438493 0.0249193586097063 0.0278593302121004 0.0246925503732869 0.0276153662457799 0.0454346397155905 0.0349247380415148 0.0364872345284095 0.013074142305749 0.0133403244952078 0.0136206817023933 0.0129279375551657 0.0128140665149413 0.0128140665149413 0.0128140665149413 0.0129279375551657 0.0128140665149413 0.0128140665149413 -9999 -9999 -9999 -9999 0.0500206978844105 0.0637056129193217 -9999 -9999 -9999 -9999 -9999 -9999 -9999 -9999 0.0128078712947811 0.0128140665149413 0.0128140665149413 0.0129241228048685 0.0129812187388304 0.0128140665149413
-9999 -9999 -9999 0.0369761448845764 0.0505579547510516 0.0144060270798581 0.0431603275242778 0.0413530569448155 0.0480897251176621 0.0143983034330565 0.0145298501894539 0.014659457238924 0.0143054511826841 0.0144804230136806 0.0143017850952938 0.014443648612033 0.0145898210788512 0.014525089739696 0.0156009669752243 0.0196988930922487 0.373436548856598 0.593309043409724 0.139782202123749 0.147941210681469 0.210543104402193 0.110114766827205 0.0128140665149413 -9999 -9999 -9999 -9999 -9999 -9999 -9999 -9999 -9999 -9999 -9999 -9999 -9999 -9999 -9999 -9999 0.0128140665149413 0.0128125891107688 0.0128140665149413 0.0128401572099093 0.0989291304445463
-9999 -9999 -9999 -9999 0.0382505000936789 0.054359153494089 0.0676564637727532 0.126299322858595 0.0148208237277536 0.0128494158914963 0.012878786047183 0.0128494158914963 0.012878786047183 0.0128140665149413 0.0128559547775527 0.0128092400894095 0.0144459244575915 0.0128686205108686 0.0131137248801986 0.0144054505459127 0.0144030261549664 0.0144769527931039 0.0144739698239679 0.0149929279833632 0.126971272838763 0.149102501777872 0.0329718601621752 0.0128619539182792 -9999 -9999 -9999 -9999 -9999 -9999 -9999 -9999 -9999 -9999 -9999 -9999 -9999 -9999 -9999 -9999 0.0129535926998811 0.0129279375551657 0.0129279375551657 0.0154810462163207
-9999 -9999 -9999 0.0326765858145544 0.0326244494015533 0.0356863193625841 0.014387751376815 0.0144357209144624 0.0128448698082908 0.0128039520562876 0.0128131872804708 0.0128039520562876 0.0129117958275971 0.0128445447330925 0.0128498179715648 0.0128498179715648 0.0128125891107688 0.0128858453204167 0.0128146654462314 0.0128146654462314 0.0128473934967952 0.0128131872804708 0.0128039520562876 0.013210492368087 0.0144083029254166 0.0153721618932006 0.0242607241523208 -9999 -9999 -9999 -9999 -9999 -9999 -9999 -9999 -9999 -9999 -9999 -9999 -9999 -9999 -9999 -9999 -9999 -9999 -9999 0.0129279375551657 0.0154713741801804
-9999 -9999 -9999 -9999 0.0132540354969546 0.0152144684364988 0.0128125891107688 0.0128448698082908 0.0128448698082908 0.0128131872804708 0.0128473934967952 0.0128131872804708 0.012878786047183 0.0128448698082908 0.0128471623776722 0.0128838246489082 0.0129037982507131 0.0128346144454596 0.0128473934967952 0.0128473934967952 0.0128131872804708 0.0128453728252867 0.0128642548820158 0.0128494158914963 0.0245803468676751 -9999 -9999 -9999 -9999 -9999 -9999 -9999 -9999 -9999 -9999 -9999 -9999 -9999 -9999 -9999 -9999 -9999 -9999 -9999 -9999 -9999 -9999 -9999
-9999 -9999 -9999 -9999 0.0322515499433425 0.01507960138632 0.0128140665149413 0.0128125891107688 0.0128448698082908 0.0128140665149413 0.0132089925870455 0.0128686205108686 0.0128140665149413 0.0128140665149413 0.0128789845978815 0.012878786047183 0.0128077256231409 0.0128471623776722 0.0128985133360428 0.0128838246489082 0.0129108520659509 0.012878786047183 0.0128494158914963 -9999 -9999 -9999 -9999 -9999 -9999 -9999 -9999 -9999 -9999 -9999 -9999 -9999 -9999 0.0128125891107688 0.0128140665149413 0.0128063938906086 -9999 -9999 -9999 -9999 -9999 -9999 -9999 -9999
-9999 -9999 -9999 0.0146142930235391 0.0412239794281522 0.0266524636791449 0.0131047468741206 0.0332069853046601 0.0251682538295994 0.0252033538463906 0.0131477383955669 0.0128125891107688 0.0128494158914963 0.0128039520562876 0.0128039520562876 0.012878786047183 0.0128448698082908 0.0247381288975041 0.0128473934967952 0.0128964926645344 0.0128092400894095 0.0128479377257356 -9999 -9999 -9999 -9999 -9999 -9999 -9999 -9999 -9999 -9999 -9999 -9999 -9999 -9999 -9999 -9999 0.0128125891107688 0.0132380233211875 -9999 -9999 -9999 -9999 -9999 -9999 -9999 -9999
