Scripts_&_data/BRT_projection_files/BRT_CCV/B_gerstaeckeri_1_projection.asc
NCOLS 79 
NROWS 71 
XLLCORNER -10.5 
YLLCORNER 36 
CELLSIZE 0.5 
NODATA_value -9999 
[rows 42 to 62 of 71, columns 0 to 46 of 79]
-9999 -9999 -9999 -9999 -9999 -9999 -9999 -9999 -9999 -9999 0.0112222846421618 -9999 -9999 0.0128826704991816 -9999 -9999 -9999 -9999 -9999 -9999 -9999 -9999 -9999 -9999 0.00709650825793927 0.00709650825793927 0.00698256015978364 0.00550270312778612 0.00709247870387912 0.00709650825793927 0.00709650825793927 0.0194557051931859 0.0227131574579873 0.017160342481309 0.0113713703874374 0.00550270312778612 0.00669249346239243 0.00669788781177317 0.0055028797921954 0.0109402281434169 0.00801238872210681 0.00566117309429086 0.00698862721942752 0.00801238872210681 0.00811896929096668 0.00787820343848707 0.00814244173170739
-9999 -9999 -9999 -9999 -9999 -9999 -9999 -9999 -9999 -9999 -9999 -9999 -9999 -9999 -9999 -9999 -9999 -9999 -9999 -9999 -9999 -9999 0.0204761401097106 0.00926167738638164 0.00750878224589666 0.0055062757580693 0.00669788781177317 0.00698730065259472 0.00698256015978364 0.00671860343316726 0.0108709482654604 0.0126660400390448 0.0128417384593574 0.00906418353255852 0.00751774092193845 0.00708032633389376 0.00525072174354286 0.00550270312778612 0.00710253055595987 0.0149892872126157 0.00567116688013271 0.00569533853017211 0.00567116688013271 0.00796320036672878 0.00800146701726017 0.00793735729392728 0.00791333371184123
-9999 -9999 -9999 -9999 -9999 -9999 -9999 -9999 -9999 -9999 -9999 -9999 -9999 -9999 -9999 -9999 -9999 -9999 0.00672047080498899 0.00671109127605017 0.00550270312778612 0.00856808865461433 0.00709650825793927 0.00670461145561332 0.00669249346239243 0.0055028797921954 0.00669788781177317 0.00698256015978364 0.00550270312778612 0.00550270312778612 0.00779658688444645 0.00710870420951656 0.00709650825793927 0.00730881082330617 0.00709650825793927 0.00891332130036941 0.0368839971969352 0.00550214757313727 0.00708032633389376 0.00708032633389376 0.00763187908941223 0.00740476549636085 0.00539453703975253 0.00567116688013271 0.00539763273876503 0.00630499164233795 0.0077803524397218
-9999 -9999 -9999 -9999 -9999 -9999 -9999 -9999 -9999 -9999 -9999 -9999 -9999 -9999 0.00669695071823748 -9999 -9999 -9999 0.0124993724894391 0.00906995116402758 0.00634440570701843 0.00670562892442818 0.00550270312778612 0.00550270312778612 0.0055028797921954 0.0065241860981461 0.00550214757313727 0.00698256015978364 0.00669249346239243 0.00669249346239243 0.00709650825793927 0.0138345041478435 0.00726125462274772 0.00698256015978364 0.00672594137515374 0.0139440192391955 0.00708518588857819 0.0371464526133233 0.00794306608695946 0.00694076502861838 0.0281099312375904 0.00770700403307871 0.00540055693946215 0.00543914530557626 0.00615325039246713 0.00630199120584411 0.00880027824416163
-9999 -9999 -9999 -9999 -9999 -9999 -9999 -9999 -9999 -9999 -9999 -9999 0.00939948932003519 0.0091236994292334 0.0067249055845987 0.00698256015978364 0.00698256015978364 0.00550270312778612 0.0102985116479161 0.00964529611565012 0.00929857306012106 0.00525072174354286 0.00522610051891486 0.0055028797921954 0.0055028797921954 0.00550270312778612 0.00550270312778612 0.00550270312778612 0.0070696063847112 0.00698256015978364 0.00791431034258255 0.00718529086983866 0.00883649003756638 0.0105321704072294 0.0559511722207596 0.0568042924307271 0.00708032633389376 0.0637749029087096 0.0104523867322729 0.00884758970504738 0.00767085397289915 0.00761684812938575 0.00763440074892419 0.00794081476529056 0.00799969326503262 0.0074900482089071 0.0105256950749856
-9999 -9999 -9999 -9999 -9999 -9999 -9999 -9999 -9999 -9999 -9999 -9999 -9999 -9999 0.011646705566207 0.00669249346239243 0.00522610051891486 0.00522610051891486 0.00672594137515374 0.00698256015978364 0.00522610051891486 0.00522951548401594 0.00522610051891486 0.00550270312778612 0.00550214757313727 0.00669249346239243 0.00669249346239243 0.00754634854564262 0.00698256015978364 0.00894846224184903 0.00917618001219682 0.00723530842198007 0.0103664840591986 0.010127421902087 0.0151719945532606 0.0105096717346069 0.0600824892735001 0.0281105996906945 0.00949765875128469 0.0083026959581301 0.0102947682926791 0.0222047481947384 0.0256635501860907 0.264322408032586 0.0599695407756617 0.0377772667670035 0.580548637858949
-9999 -9999 -9999 -9999 -9999 -9999 -9999 -9999 -9999 -9999 -9999 -9999 -9999 -9999 -9999 -9999 -9999 0.00674294908852235 0.00674398487907738 0.00525072174354286 0.00550270312778612 0.00550270312778612 0.00550270312778612 0.00551434502267524 0.00566932442434162 0.00698839755153038 0.00708032633389376 0.00708032633389376 0.0102496422996521 0.0109675920652554 0.00709650825793927 0.00710870420951656 0.0102063054080982 0.0206336791433955 0.0288820401343493 0.0144259378711851 0.0112626469693046 0.0156308056410846 0.0366015420638507 0.0522837823796336 0.857011312993067 0.746520430688349 0.763179939152104 0.826488125845722 0.662132023152147 0.715604722741725 0.890220530864102
-9999 -9999 -9999 -9999 -9999 -9999 -9999 -9999 -9999 -9999 -9999 -9999 -9999 -9999 -9999 -9999 -9999 0.00709650825793927 0.00709650825793927 0.00709650825793927 0.00698256015978364 0.00550270312778612 0.00550735902570173 0.00686003611230372 0.00708032633389376 0.00751949529246346 0.00661850108175734 0.00671109127605017 0.0129000752826131 0.0141549370080858 0.00674398487907738 0.00914364196528971 0.014734002680058 0.0160507122912526 0.0396273727839666 0.023812442192178 0.497966255975424 0.838397211213999 0.45771953249068 0.7620649612966 0.683306769910525 0.133268069034207 0.0280222257302628 0.0664454498522344 0.0351657055346657 0.124339279023972 0.82596104786954
-9999 -9999 -9999 -9999 -9999 -9999 -9999 -9999 -9999 -9999 -9999 -9999 -9999 -9999 -9999 -9999 -9999 -9999 -9999 0.00709650825793927 0.00860628373586459 0.00708032633389376 0.00727089731933557 0.00823926902054806 0.00916099705229342 0.00662444068504442 0.00668099959642836 0.00662333239748022 0.00671860343316726 0.00855981469210814 0.00709650825793927 0.0104096133406552 0.0452225421710835 0.0135217326297585 0.0862143590684203 0.207598085485805 0.708194128260662 0.299532368377931 0.850543311655439 0.783301683510936 0.502666914019408 0.305670749520329 0.167888186721296 0.061384197784709 0.0830812604629073 0.259738118298415 0.0228159529542918
-9999 -9999 -9999 -9999 -9999 -9999 -9999 -9999 -9999 -9999 -9999 -9999 -9999 -9999 -9999 -9999 -9999 -9999 -9999 0.00709650825793927 0.00709650825793927 0.00709650825793927 0.00921994552977521 0.0112069502332144 0.014258678325308 0.0604954477128404 0.0315326337031759 0.00698256015978364 0.064173075445276 0.00701541735317487 0.00753135667613863 0.0112265252186527 0.0118454060087885 0.0880655664611769 0.301967326815733 0.0565965295543949 0.0347436573006359 0.01057283027235 0.013013252906448 0.0140808137213397 0.0110850620525224 0.0339691001319474 0.039299587095711 0.0357462541594268 0.0100169977157109 0.00990898282839744 0.0103116885452724
-9999 -9999 -9999 -9999 -9999 -9999 -9999 -9999 -9999 -9999 -9999 -9999 -9999 -9999 -9999 -9999 -9999 -9999 -9999 0.0136047469771671 0.0081704879868846 0.00772282691724896 0.00709650825793927 0.0277488553345609 0.0156031828047598 0.0140433221084263 0.0604140345589033 0.0073968416776868 0.00956234099757411 0.00752585465504337 0.0144556200279119 0.00973481780417815 0.0155599509755288 0.155247528877567 0.0326134566945182 0.0410668180258918 0.00699927197667894 0.0070377755294165 0.00892912574662219 0.00979180336396358 0.00979180336396358 0.00705379332547702 0.00797511622473937 0.00705379332547702 0.00705379332547702 -9999 -9999
-9999 -9999 -9999 -9999 -9999 -9999 -9999 -9999 -9999 -9999 -9999 -9999 -9999 -9999 -9999 -9999 -9999 -9999 -9999 0.0496472312203761 0.00675159211086325 0.00661850108175734 0.00708032633389376 0.00708032633389376 0.0193769775137385 0.0121339837817863 0.0103669949264836 0.0548965148317995 0.045501432684682 0.0178687489864196 0.0117950412214435 0.0245849458686062 0.169350694772355 0.260986102552952 0.267649686315777 0.0183322476182308 0.00546743914364317 0.00550270312778612 0.00706586339901274 0.0104087139369796 0.0110578860191674 0.00985959167251617 0.00705379332547702 0.00694076502861838 0.00546743914364317 0.00546743914364317 -9999
-9999 -9999 -9999 -9999 -9999 -9999 -9999 -9999 -9999 -9999 -9999 -9999 -9999 -9999 -9999 -9999 -9999 -9999 0.0121184143686916 0.0612821296902399 0.0596357334578 0.00699176858921661 0.00638188328312845 0.00661850108175734 0.00741679167903732 0.0128665278143264 0.011565833027057 0.013683106176328 0.104201859296883 0.0219133574728914 0.00750216303207695 0.00984363181911913 0.0211301782803848 0.339225555983238 0.539680582798743 0.205955904136169 0.00709650825793927 0.0147047356650318 -9999 -9999 0.0129826511115202 0.0637507745150937 0.0109040482698974 0.0113857436115767 0.00714509987876838 0.00694076502861838 -9999
-9999 -9999 -9999 -9999 -9999 -9999 -9999 -9999 -9999 -9999 -9999 -9999 -9999 -9999 -9999 -9999 -9999 -9999 0.0103394994004758 0.0100038221647982 0.00962877211810635 0.00819812708802506 0.00550270312778612 0.00550270312778612 0.00698256015978364 0.00966020501845353 0.0113989855026044 0.0124052878185387 0.01112299468297 0.00710137432520497 0.00550270312778612 0.00640815204195303 0.00878146845964608 0.0515613145315177 0.0196417616593611 0.0134697710693307 -9999 -9999 -9999 -9999 -9999 -9999 0.00986520795753909 0.00989253255209909 0.0345121220666106 0.00708032633389376 0.00705379332547702
-9999 -9999 -9999 0.0120052672735512 0.0215478641995533 0.0210789150295166 0.0167405395329867 0.0132183527470966 0.0369979796288132 0.0317653605052308 0.0300724767371061 0.0293596347124033 0.0376487257433717 0.0304576282841395 0.0315790840409488 0.0176872938351527 0.015304324658544 0.0141990990102446 0.012051110518659 0.00986219307254449 0.0223410268858992 0.00962169103202315 0.00672904629932349 0.00752646908517312 0.00672594137515374 0.00969617718270934 0.00708032633389376 0.00550214757313727 -9999 -9999 -9999 -9999 0.0078064823327145 0.0164894597321456 -9999 -9999 -9999 -9999 -9999 -9999 -9999 -9999 0.0097739946990264 0.00708629247390763 0.00698227877139203 0.00709849492730687 0.00989489294364272
-9999 -9999 -9999 0.0237470841983741 0.0201599961077761 0.00900613325678132 0.0161045807379726 0.0182338027734434 0.0694561259681744 0.0183258454557734 0.0381352097394634 0.0178731923864267 0.00770591186811469 0.010818158017465 0.00633298692362002 0.00884211641921122 0.0152318348352408 0.0120190215803202 0.0240333309439682 0.0974314684102513 0.224553452844082 0.807033777645137 0.419919992679343 0.282096404204476 0.450904040239908 0.303570889642997 0.0242960402731757 -9999 -9999 -9999 -9999 -9999 -9999 -9999 -9999 -9999 -9999 -9999 -9999 -9999 -9999 -9999 -9999 0.0055062757580693 0.00698256015978364 0.00710149665509586 0.0102182559125854
-9999 -9999 -9999 -9999 0.0141629133981675 0.0384503985686009 0.0261820456956967 0.120427585861426 0.0109336047034072 0.00563466051431938 0.00572012488344908 0.0055028797921954 0.00571334276691735 0.00550270312778612 0.015789863624535 0.015392108981815 0.00631290158254804 0.00550270312778612 0.00634848235451305 0.00669207903134553 0.00673881427630308 0.01256480094507 0.0121174194457395 0.0128331207401837 0.090012787121564 0.46380688993082 0.0138111344318537 0.00669860312657917 -9999 -9999 -9999 -9999 -9999 -9999 -9999 -9999 -9999 -9999 -9999 -9999 -9999 -9999 -9999 -9999 0.0138878425552422 0.00984801680835693 0.00988547218781109
-9999 -9999 -9999 0.0145096281033428 0.0164481812608912 0.0160943342914256 0.00937141724047878 0.0232945034758184 0.00585850767905337 0.00550270312778612 0.00570788864748489 0.0055028797921954 0.0057190508075161 0.00570314541077266 0.00584721088022745 0.00585777659000343 0.00581910038276843 0.00584721088022745 0.0056302796849102 0.0056302796849102 0.00572012488344908 0.00550270312778612 0.00563466051431938 0.00580561588418216 0.00647910950371599 0.0100626958440736 0.00743280349805535 -9999 -9999 -9999 -9999 -9999 -9999 -9999 -9999 -9999 -9999 -9999 -9999 -9999 -9999 -9999 -9999 -9999 -9999 -9999 0.0114821105827318
-9999 -9999 -9999 -9999 0.0151044292050046 0.014314119168146 0.00573116318962271 0.00585777659000343 0.00544087169446719 0.00536368078268947 0.00572012488344908 0.00550270312778612 0.00584721088022745 0.00584721088022745 0.0058722850239025 0.00584721088022745 0.0058722850239025 0.0058722850239025 0.00584721088022745 0.00596736783856496 0.00599693984516375 0.0058722850239025 0.00584820342334888 0.00563488888021255 0.0068420076672712 -9999 -9999 -9999 -9999 -9999 -9999 -9999 -9999 -9999 -9999 -9999 -9999 -9999 -9999 -9999 -9999 -9999 -9999 -9999 -9999 -9999 -9999
-9999 -9999 -9999 -9999 0.0157927453902957 0.0143278284922819 0.00829653978105464 0.00581910038276843 0.00543251131843289 0.00525576084615074 0.00541908272192368 0.00525236987865519 0.00563466051431938 0.00612265279600231 0.00563466051431938 0.00584721088022745 0.00737505216732685 0.0058722850239025 0.00571663976879053 0.0058722850239025 0.00584721088022745 0.00584721088022745 0.00549845636804967 -9999 -9999 -9999 -9999 -9999 -9999 -9999 -9999 -9999 -9999 -9999 -9999 -9999 -9999 0.00565039298831358 0.00708032633389376 0.0108721227174318 -9999 -9999 -9999 -9999 -9999 -9999 -9999
-9999 -9999 -9999 0.0176494733441333 0.0155838213087848 0.0283715792882972 0.0308222573086137 0.0336364909139807 0.0432606971738985 0.0358893398046052 0.0296695473600904 0.0081088416827383 0.00563466051431938 0.0056302796849102 0.00563466051431938 0.00572012488344908 0.00584721088022745 0.00993304535709786 0.00585462315400654 0.00623220135771502 0.0057999287446022 0.00566106558816155 -9999 -9999 -9999 -9999 -9999 -9999 -9999 -9999 -9999 -9999 -9999 -9999 -9999 -9999 -9999 -9999 0.00672594137515374 0.0198414359052521 -9999 -9999 -9999 -9999 -9999 -9999 -9999
