Scripts_&_data/BRT_projection_files/BRT_CCV/B_hortorum_1_projection.asc
NCOLS 79 
NROWS 71 
XLLCORNER -10.5 
YLLCORNER 36 
CELLSIZE 0.5 
NODATA_value -9999 
[rows 44 to 65 of 71, columns 0 to 48 of 79]
-9999 -9999 -9999 -9999 -9999 -9999 -9999 -9999 -9999 -9999 -9999 -9999 -9999 -9999 -9999 -9999 -9999 -9999 0.515391977249572 0.579237842414439 0.578845943899703 0.576793940723889 0.529764881125128 0.573555942674564 0.543434120121492 0.513096782415713 0.493766867149319 0.552573063264633 0.532308217178806 0.528356429759509 0.722749606004079 0.722210471946044 0.733048434098499 0.763275987895721 0.742314847237969 0.774939173375012 0.768477924078192 0.526260197392927 0.742182422737052 0.742689272687857 0.757833966694641 0.755737700085809 0.75222817881758 0.760368495632913 0.743499463622911 0.764557998005346 0.760828356599231 0.779734557712286 0.74390073150998
-9999 -9999 -9999 -9999 -9999 -9999 -9999 -9999 -9999 -9999 -9999 -9999 -9999 -9999 0.496424318352993 -9999 -9999 -9999 0.588340750959357 0.731488170177487 0.727856143433367 0.720585234507554 0.718764292395466 0.547167923427971 0.55097919089229 0.656856544302391 0.561313441646282 0.549976197608433 0.542852590663649 0.527542744290512 0.527448526572012 0.724414898644387 0.732651508017524 0.751398874564499 0.767158484232352 0.765493413930362 0.540733905418177 0.773132088728506 0.725169741037036 0.793879219758794 0.764442956548173 0.745948816009407 0.751816821047625 0.752603107418133 0.753196883250528 0.75162435570512 0.749828597920479 0.782779465104514 0.784447121404328
-9999 -9999 -9999 -9999 -9999 -9999 -9999 -9999 -9999 -9999 -9999 -9999 0.572565285385183 0.569965384511241 0.547783136614273 0.555818201502745 0.507733226286408 0.523276302998657 0.570554475266409 0.556880716536456 0.536524066904595 0.560707008803115 0.536292111929128 0.525972568136624 0.542588907352467 0.469868281578775 0.510617295401997 0.497293952141136 0.551513442375494 0.559137750049633 0.499099283807718 0.747068886939914 0.770222981817219 0.775045809460722 0.797492813859376 0.764533631093066 0.752341034474085 0.794548945194036 0.761693227947454 0.767599879289573 0.743104384878763 0.75658243952522 0.756372804134162 0.74450309206177 0.783878971656403 0.729786512297475 0.731028065892579 0.735673446587906 0.728175846667883
-9999 -9999 -9999 -9999 -9999 -9999 -9999 -9999 -9999 -9999 -9999 -9999 -9999 -9999 0.571375834782379 0.532365845203691 0.500584662146774 0.501800666706567 0.496614744857672 0.500176389782615 0.505003253465411 0.50469689021765 0.534706386148549 0.53754752034575 0.473227202764715 0.458371490873301 0.501345766571628 0.482387220260515 0.554414670141376 0.698442139253491 0.707384686847199 0.727917111584793 0.574392535572589 0.778322870512257 0.821111575930763 0.782558408983692 0.748297187795812 0.788645174782271 0.741373397801175 0.751605380733405 0.762035737514547 0.79860988186034 0.778406123002113 0.800443992972729 0.822331744906465 0.829202941079553 0.830169892085865 0.831076163039854 0.83345856626995
-9999 -9999 -9999 -9999 -9999 -9999 -9999 -9999 -9999 -9999 -9999 -9999 -9999 -9999 -9999 -9999 -9999 0.494971346373844 0.550196771017837 0.524571176538469 0.529327861505652 0.473414843010054 0.522656305471729 0.485246755036375 0.463300578658444 0.463533957313003 0.499594745445929 0.519492728651344 0.533877222140528 0.761082519494166 0.499791006372543 0.549470393683254 0.609472990168287 0.763771442430404 0.800303497473986 0.737431943422103 0.737474922517754 0.764560386818348 0.820083702750448 0.815737183674134 0.831110352808997 0.815923713787706 0.793867811687561 0.794507031986049 0.812585233630509 0.789485076167257 0.822022192205058 0.802439247507964 0.813127616263855
-9999 -9999 -9999 -9999 -9999 -9999 -9999 -9999 -9999 -9999 -9999 -9999 -9999 -9999 -9999 -9999 -9999 0.340949491101547 0.404376778465086 0.48717340289474 0.491099222685835 0.498410558196901 0.479050634559677 0.499880730730705 0.509176686521172 0.513812743795732 0.562471917981158 0.547686910464099 0.576242071577252 0.782868307359855 0.577348559066686 0.58504461403295 0.812162639687082 0.828905584009031 0.73605372826939 0.766638347639742 0.822918828732945 0.835149275025426 0.819255980928488 0.761912053163521 0.721977174940251 0.650633216861581 0.6912240713671 0.770099193118059 0.738251754712415 0.769813236436737 0.814245968108326 0.819172118767903 0.790898645457793
-9999 -9999 -9999 -9999 -9999 -9999 -9999 -9999 -9999 -9999 -9999 -9999 -9999 -9999 -9999 -9999 -9999 -9999 -9999 0.352930179648496 0.475692734562915 0.495917748319481 0.490946891730886 0.558802335847516 0.566535644224531 0.743831273252037 0.748488476558576 0.537506585089916 0.524673874155462 0.768711638316096 0.537409229935724 0.599029249233682 0.820857425496962 0.808281649711075 0.827523476736205 0.781523052692103 0.78145654205801 0.83079150553199 0.824303405007809 0.833729229190117 0.815992481941272 0.766447857119298 0.76113758902393 0.767690991599295 0.762151100706333 0.791841172562218 0.815850410232077 0.834715617318384 0.837567800279007
-9999 -9999 -9999 -9999 -9999 -9999 -9999 -9999 -9999 -9999 -9999 -9999 -9999 -9999 -9999 -9999 -9999 -9999 -9999 0.335224012970459 0.344196140803876 0.394607427060349 0.51875149143384 0.589797281391958 0.787403229922691 0.764530648804547 0.77545871884865 0.747044123494374 0.752671728437994 0.763716139685223 0.634799755091969 0.532640201584837 0.774687671277193 0.788718908496972 0.799420344009245 0.755230350847773 0.734968265481148 0.788142190158886 0.656691945259279 0.749984003942374 0.822953029594221 0.815192849627849 0.789174649617787 0.776530482531206 0.74851285323093 0.568752855423998 0.491430728909766 -9999 0.681778935273536
-9999 -9999 -9999 -9999 -9999 -9999 -9999 -9999 -9999 -9999 -9999 -9999 -9999 -9999 -9999 -9999 -9999 -9999 -9999 0.359840862178508 0.343776302205214 0.331918993303347 0.378851697397328 0.604150218599023 0.686669581847545 0.799862363850694 0.817535377645085 0.749921273012052 0.751429330276365 0.767838754744717 0.689239032324636 0.58414447909302 0.818662041215782 0.772783210126753 0.734335129368383 0.727525522609512 0.575694077507569 0.369222591845082 0.408755447364798 0.45879931617007 0.407257270146707 0.399233928914798 0.417100104797148 0.411574323908218 0.417311401916455 -9999 -9999 -9999 0.470406823619772
-9999 -9999 -9999 -9999 -9999 -9999 -9999 -9999 -9999 -9999 -9999 -9999 -9999 -9999 -9999 -9999 -9999 -9999 -9999 0.488331146949753 0.365909672095224 0.345835047373523 0.320625396384337 0.407102761607058 0.571193327003444 0.767041799606533 0.806963676115281 0.786359403595006 0.790340383678876 0.812252957109663 0.695590023915598 0.780082327770581 0.788783579874373 0.784820733008575 0.729384461765002 0.767545857243574 0.393692859483399 0.368734870198967 0.400522207721404 0.771466762201951 0.623549199384433 0.456700166299879 0.416185066256802 0.424212621803492 0.398378635264098 0.344081073952005 -9999 -9999 -9999
-9999 -9999 -9999 -9999 -9999 -9999 -9999 -9999 -9999 -9999 -9999 -9999 -9999 -9999 -9999 -9999 -9999 -9999 0.454310935239995 0.446324562386327 0.420279567804746 0.328665436649508 0.359283414480124 0.365446693225854 0.339641959689845 0.490072020949516 0.742147573466389 0.783873875353338 0.820263727160082 0.539334396057628 0.427688410871059 0.744748216767356 0.764020565197665 0.777438102921305 0.71341316138309 0.782740879903103 0.734721521004374 0.512681647273696 -9999 -9999 0.668633427251741 0.801672426868802 0.7927119700101 0.539874993351027 0.361636290865877 0.416050447155531 -9999 -9999 -9999
-9999 -9999 -9999 -9999 -9999 -9999 -9999 -9999 -9999 -9999 -9999 -9999 -9999 -9999 -9999 -9999 -9999 -9999 0.530613935991363 0.406600246165242 0.337885259077475 0.346464320497771 0.342258060915424 0.387246022746398 0.355267387979106 0.348782414131647 0.69469973762261 0.658506053061426 0.625486385780847 0.343288958268282 0.366865511220106 0.520809598758011 0.517865448508324 0.631077299894054 0.63776858251231 0.471276166947575 -9999 -9999 -9999 -9999 -9999 -9999 0.408906253067346 0.412918083364278 0.717547715640179 0.72274551528526 0.392452992620232 -9999 -9999
-9999 -9999 -9999 0.651332694093198 0.631481385313874 0.711878245830028 0.676853528892884 0.68393744081899 0.722786592206321 0.736611206633806 0.766062027523908 0.768853036565129 0.639312722569788 0.714743635749491 0.632300567675683 0.694498853210449 0.679808029428092 0.767143741019928 0.703525917597831 0.654406735223511 0.609602623772585 0.346543272546803 0.340379835834821 0.318639431331676 0.333615935681827 0.36003880958616 0.32761981425133 0.360092378229348 -9999 -9999 -9999 -9999 0.440574047367087 0.369907070601111 -9999 -9999 -9999 -9999 -9999 -9999 -9999 -9999 0.333009530134613 0.334105242677936 0.360611639543673 0.424616100786972 0.541507589398648 0.517586029042157 0.376472392218636
-9999 -9999 -9999 0.681431710140148 0.671008684288384 0.653614869178933 0.646064883478979 0.759460089090492 0.790169892045766 0.751372009157795 0.772699996569304 0.772743916821612 0.722498072372884 0.734628935090229 0.717062429839304 0.745953403541942 0.784408030901593 0.570082868284236 0.697626370933401 0.822129533117649 0.811528395967516 0.705282089737118 0.782898730020013 0.760884826628988 0.781979181225424 0.595222189287485 0.434786407975857 -9999 -9999 -9999 -9999 -9999 -9999 -9999 -9999 -9999 -9999 -9999 -9999 -9999 -9999 -9999 -9999 0.298635688577453 0.332156359420579 0.350598779712672 0.344838836254102 0.768980994657971 0.38005207026331
-9999 -9999 -9999 -9999 0.697489832428089 0.672109932912895 0.777941710023542 0.789890896078867 0.726289934170202 0.317465281316418 0.335357119987461 0.377732684537426 0.363883993980764 0.400111439367896 0.671021639126782 0.691649572090231 0.722910801811277 0.315230938446129 0.326576129519534 0.472264248157457 0.519754244948751 0.533096301948346 0.736134291700493 0.699829884922691 0.759388395435769 0.759390981659193 0.477555737944258 0.429092186247037 -9999 -9999 -9999 -9999 -9999 -9999 -9999 -9999 -9999 -9999 -9999 -9999 -9999 -9999 -9999 -9999 0.290689849441163 0.384587460139616 0.390921633923089 0.781065700728248 0.741323332579581
-9999 -9999 -9999 0.69714206619718 0.769479654944726 0.725925627192494 0.565454430381087 0.521000367158332 0.345706002495717 0.256908395250719 0.293366307117872 0.304622929759797 0.37752015748282 0.420984262342472 0.470617288841587 0.487095848234946 0.628890207994059 0.441340698433768 0.245601365905761 0.274299948811686 0.230249377278222 0.219476565856987 0.257705396824259 0.33039601330904 0.509329906131601 0.596469818394497 0.469662979104485 -9999 -9999 -9999 -9999 -9999 -9999 -9999 -9999 -9999 -9999 -9999 -9999 -9999 -9999 -9999 -9999 -9999 -9999 -9999 0.369426641045279 0.409788252880744 0.379353424737074
-9999 -9999 -9999 -9999 0.660138887026239 0.658594184176545 0.4027354039524 0.349494469573012 0.339482300465319 0.288708624506811 0.262246766075166 0.267581147232964 0.393977281706665 0.645495282901315 0.554265646083103 0.434269944603875 0.365365301634901 0.378822463119404 0.301259718540419 0.237929856463868 0.231927084161275 0.200909494805815 0.245156206858116 0.304875502957384 0.451046406808923 -9999 -9999 -9999 -9999 -9999 -9999 -9999 -9999 -9999 -9999 -9999 -9999 -9999 -9999 -9999 -9999 -9999 -9999 -9999 -9999 -9999 -9999 -9999 0.355251850047786
-9999 -9999 -9999 -9999 0.680388632611374 0.573507197745386 0.359330237404652 0.34388540794835 0.342568947022383 0.490989576199029 0.464247701458093 0.460272115301385 0.684748906949294 0.615554501823293 0.307954109680481 0.407604136750079 0.583893497427819 0.558390454275581 0.471628900084742 0.575534265392862 0.419386833734654 0.323727638621289 0.349020780463186 -9999 -9999 -9999 -9999 -9999 -9999 -9999 -9999 -9999 -9999 -9999 -9999 -9999 -9999 0.366577289918784 0.287656561048452 0.343131206939891 -9999 -9999 -9999 -9999 -9999 -9999 -9999 -9999 -9999
-9999 -9999 -9999 0.445634775616414 0.536041272040077 0.594422613366946 0.436582380276595 0.482527423642605 0.486780692991363 0.640889775144856 0.661353421608317 0.451535883822521 0.313337932851259 0.334488706172549 0.257099713535965 0.304044467564906 0.450702334634746 0.568577252094881 0.415365680003601 0.42836513630815 0.532673653759804 0.355530331410632 -9999 -9999 -9999 -9999 -9999 -9999 -9999 -9999 -9999 -9999 -9999 -9999 -9999 -9999 -9999 -9999 0.298094772157607 0.358198677354666 -9999 -9999 -9999 -9999 -9999 -9999 -9999 -9999 -9999
-9999 -9999 -9999 0.427498345425312 0.425061750091193 0.406716236491246 0.288629586572274 0.386445536813812 0.387870361443829 0.387322890271529 0.270545149281224 0.327414298125937 0.280166945146365 0.255712319747971 0.241914883141544 0.302074200384228 0.307103134470314 0.45012910675803 0.32899223905127 0.25416034954321 0.35733663433033 -9999 -9999 -9999 -9999 -9999 -9999 -9999 -9999 -9999 -9999 -9999 -9999 -9999 -9999 -9999 -9999 -9999 0.286407829873267 0.274098053132429 -9999 -9999 -9999 -9999 -9999 -9999 -9999 -9999 -9999
-9999 -9999 0.327837313980529 0.321134093246505 0.313112196574952 0.281129153422685 0.276640242858365 0.286626223202265 0.301749906379959 0.292344225164491 0.303551730689438 0.30257057491021 0.31915111995505 0.231505036700799 0.244982079678118 0.230391323257245 0.266598831915074 0.236052536977077 0.235982992668853 0.214764401159053 -9999 -9999 -9999 -9999 -9999 -9999 -9999 -9999 -9999 -9999 -9999 -9999 -9999 -9999 -9999 -9999 -9999 -9999 0.262781160224246 0.40149461232795 -9999 -9999 -9999 -9999 -9999 -9999 -9999 -9999 -9999
-9999 -9999 0.439157317244922 0.296663564151386 0.274060412487019 0.27810735383768 0.27456612708663 0.285823753113614 0.266986368992308 0.268921512897763 0.27620829359429 0.269984263129659 0.308071437124733 0.234255219557256 0.244139758257012 0.321230993078267 0.308710517870243 0.250297830373892 0.238355796925161 0.242079756710697 0.267815745904945 -9999 -9999 -9999 -9999 -9999 -9999 -9999 -9999 -9999 -9999 -9999 -9999 -9999 -9999 -9999 -9999 -9999 -9999 -9999 -9999 -9999 -9999 -9999 -9999 -9999 -9999 -9999 -9999
