Scripts_&_data/BRT_projection_files/BRT_CCV/B_hortorum_2_projection.asc
NCOLS 79 
NROWS 71 
XLLCORNER -10.5 
YLLCORNER 36 
CELLSIZE 0.5 
NODATA_value -9999 
[rows 44 to 65 of 71, columns 0 to 48 of 79]
-9999 -9999 -9999 -9999 -9999 -9999 -9999 -9999 -9999 -9999 -9999 -9999 -9999 -9999 -9999 -9999 -9999 -9999 0.700997320041749 0.654124388303085 0.731218005326659 0.812237412793871 0.593776180125469 0.748426895858132 0.593476253745048 0.64820930425429 0.635646543187268 0.593770251247753 0.639088550756661 0.610677250430345 0.573956787790267 0.615846961408738 0.64691360312563 0.79597503944728 0.854420380280251 0.816954666556251 0.717316326967553 0.827869646571075 0.857918304769207 0.800147340797268 0.771067937864799 0.698910919740925 0.812826589980189 0.854985789189145 0.658788979739502 0.807065440315231 0.678206707915766 0.677729597252599 0.62474267176164
-9999 -9999 -9999 -9999 -9999 -9999 -9999 -9999 -9999 -9999 -9999 -9999 -9999 -9999 0.548281331164191 -9999 -9999 -9999 0.817461879277066 0.862660835156725 0.828160914828319 0.823955883344513 0.574758936011944 0.530745747049878 0.681053955431905 0.659771347194145 0.610674663477902 0.434071455916258 0.466884637614563 0.482725410638649 0.599073628762094 0.61682244711311 0.602700656546373 0.806581366466409 0.634315434385444 0.658408062680285 0.804387841258018 0.590360574487328 0.855687612955854 0.896456612588979 0.80080586705022 0.804179030351791 0.705071812130812 0.806463362060941 0.705567330078209 0.792716104488813 0.756685313124297 0.750893443501563 0.598342225011616
-9999 -9999 -9999 -9999 -9999 -9999 -9999 -9999 -9999 -9999 -9999 -9999 0.813961768511727 0.804142596146414 0.807258325372282 0.721239362042404 0.591393932306696 0.695536529219835 0.750254539203797 0.828579105683024 0.826163012353022 0.650532526045303 0.812049129910215 0.506069742462564 0.386052967174955 0.495845278929092 0.561635637781728 0.573575628491655 0.381929999574181 0.599582071980626 0.573612127622671 0.615248997339245 0.625110042164992 0.677190066345165 0.451861858707692 0.55566990101204 0.783381648771989 0.723952030280023 0.789784532345279 0.807838612169655 0.801556802931143 0.813492346815058 0.827268955616748 0.85476249829376 0.862005256047466 0.774489350201813 0.879878957978622 0.87741822426091 0.889942389894738
-9999 -9999 -9999 -9999 -9999 -9999 -9999 -9999 -9999 -9999 -9999 -9999 -9999 -9999 0.594052917637075 0.753605860617178 0.741597888119984 0.735520718306338 0.730458654882415 0.627017301385719 0.722527680193675 0.588387959110964 0.481146659655375 0.568208618314735 0.654888209150799 0.497501535718056 0.54095389972691 0.482519716150388 0.550132375151689 0.57335891790314 0.594251056786267 0.616273954662638 0.62121538232854 0.583610268207502 0.70914615114821 0.793002559042508 0.855346653245514 0.764846481381024 0.829082470379185 0.829409821170297 0.854420159192253 0.888804906433094 0.86137722181379 0.785122174627041 0.696759076314415 0.807843721373951 0.779325511517641 0.821348386538084 0.708734977404561
-9999 -9999 -9999 -9999 -9999 -9999 -9999 -9999 -9999 -9999 -9999 -9999 -9999 -9999 -9999 -9999 -9999 0.702260025258814 0.746866805738001 0.718036293523631 0.577769535029485 0.515709856311331 0.636599683228955 0.496771258515892 0.484583681049465 0.574155532971564 0.472398710233877 0.563025144408797 0.612964190295405 0.622828148876405 0.613832869039974 0.726237212435926 0.592262722800777 0.656211884031349 0.743041800519778 0.828005706815165 0.844128498168658 0.875723740335799 0.877189295541857 0.891311385791692 0.845157474348871 0.819794387030782 0.629630681176868 0.878315619346606 0.900995701772095 0.905498704815051 0.809252397620053 0.847130445722625 0.762509236294391
-9999 -9999 -9999 -9999 -9999 -9999 -9999 -9999 -9999 -9999 -9999 -9999 -9999 -9999 -9999 -9999 -9999 0.435131808166436 0.444505899432678 0.710774052861637 0.600652585333483 0.497159183863348 0.373964394841588 0.69225085574182 0.504991169931788 0.68968193038397 0.655405399704155 0.510916297545939 0.745730313596467 0.651366489668913 0.622927507887315 0.48281582875811 0.613122402039177 0.679887592852385 0.893515944951908 0.902945145478274 0.896175701765751 0.737961551356613 0.816622310803709 0.799649400646347 0.818935341061005 0.608234708901014 0.582360218069292 0.834513438468228 0.48935613948717 0.568825715923946 0.825824300175467 0.660244236349117 0.700215333592883
-9999 -9999 -9999 -9999 -9999 -9999 -9999 -9999 -9999 -9999 -9999 -9999 -9999 -9999 -9999 -9999 -9999 -9999 -9999 0.278635992301146 0.354016111945298 0.605047998981239 0.709066288997087 0.667156854045314 0.818379975285486 0.830727776385048 0.831375514804463 0.608967987479919 0.818861062775524 0.657473101519472 0.66578398913409 0.528475899792709 0.6219754944101 0.862983263153559 0.81690271273243 0.75837804367419 0.502595749203275 0.703610061815286 0.726553620480216 0.759289895522326 0.666990268668591 0.462752385511773 0.418147936296059 0.808259504991785 0.511949295511897 0.646708738736132 0.607749909992347 0.804574513989335 0.781057061348269
-9999 -9999 -9999 -9999 -9999 -9999 -9999 -9999 -9999 -9999 -9999 -9999 -9999 -9999 -9999 -9999 -9999 -9999 -9999 0.390255640911669 0.268739327642997 0.450902788001126 0.509522363533651 0.616931916661888 0.60962637864562 0.511012889937665 0.607145079873839 0.802782879837703 0.484594689452291 0.870090150001433 0.805800824337784 0.666144495915217 0.761025124133043 0.836464950540158 0.715203875679164 0.6176083666956 0.868656191271033 0.761991514491391 0.752209156584614 0.776190963756167 0.843642815707522 0.806395780261561 0.719022322588689 0.792495071223508 0.849990761850572 0.722211803667883 0.326196162768506 -9999 0.52510557397291
-9999 -9999 -9999 -9999 -9999 -9999 -9999 -9999 -9999 -9999 -9999 -9999 -9999 -9999 -9999 -9999 -9999 -9999 -9999 0.330223225620948 0.298621222866487 0.303968093093654 0.420397928499751 0.487406600949175 0.487801846539357 0.688391423261479 0.616648672501052 0.641750124436622 0.631268691472418 0.789258281263267 0.629330571397532 0.559966165426746 0.750842252770569 0.685643243108157 0.703572611876672 0.733523990997429 0.581353488362471 0.339829316658544 0.330470584533055 0.487636051781638 0.315323680424532 0.328330585442726 0.4098995586173 0.334827901202502 0.41289668420816 -9999 -9999 -9999 0.359289915970583
-9999 -9999 -9999 -9999 -9999 -9999 -9999 -9999 -9999 -9999 -9999 -9999 -9999 -9999 -9999 -9999 -9999 -9999 -9999 0.423434707531175 0.397091849738426 0.318554974792339 0.308875813986835 0.311994868250527 0.655017496120761 0.606175059576396 0.630621555469949 0.633630242218542 0.631635888750643 0.68594930616984 0.442863312489184 0.581520276718038 0.640176197546111 0.781678662899945 0.760828700915035 0.747961951013517 0.30245101367185 0.365159006431006 0.408804030253085 0.609221330605047 0.50153375695463 0.486115941850129 0.420314160363246 0.387962739675001 0.363256945353549 0.312740833526702 -9999 -9999 -9999
-9999 -9999 -9999 -9999 -9999 -9999 -9999 -9999 -9999 -9999 -9999 -9999 -9999 -9999 -9999 -9999 -9999 -9999 0.487588103976899 0.273532026731919 0.290790062959104 0.30306487390636 0.386588162278533 0.358884299685892 0.346073083006101 0.679302227533101 0.835029781777999 0.689243631197968 0.703331374589124 0.350737510178684 0.36678231080541 0.599077916374244 0.630798312674129 0.730664613200985 0.716290593922485 0.748018169340762 0.666978963504113 0.46765903213731 -9999 -9999 0.518600003604984 0.574947206884843 0.534992779062624 0.800396375738329 0.366979760459887 0.394598338670485 -9999 -9999 -9999
-9999 -9999 -9999 -9999 -9999 -9999 -9999 -9999 -9999 -9999 -9999 -9999 -9999 -9999 -9999 -9999 -9999 -9999 0.334889602671474 0.294668667086132 0.2980625805865 0.308888677524027 0.257384898734139 0.444047583476 0.374836420419207 0.383922496456724 0.456337485732619 0.43121367296681 0.369561155121563 0.382327821136559 0.341248044659363 0.371859596603215 0.329843177269974 0.624094775126115 0.685546199428456 0.552916252055248 -9999 -9999 -9999 -9999 -9999 -9999 0.454104469574357 0.485393349578106 0.467354846462526 0.625662396949075 0.495938946143488 -9999 -9999
-9999 -9999 -9999 0.468912652647489 0.497432871340768 0.521473115270878 0.598039522702932 0.683445010563095 0.710037237974711 0.819879030526653 0.723399651513325 0.732930725903246 0.683197782198273 0.596026671539175 0.540726855825398 0.533996753245218 0.473750859184278 0.467452050693946 0.417057395859231 0.322911570000711 0.387199246365473 0.377435084491447 0.291475391146326 0.324489962081298 0.300074949778367 0.344994825934429 0.30390650824204 0.385544894737289 -9999 -9999 -9999 -9999 0.441576738227838 0.481271237651255 -9999 -9999 -9999 -9999 -9999 -9999 -9999 -9999 0.325654464855603 0.382032080421005 0.350935077777718 0.47337411167831 0.60497966901863 0.619068413105309 0.376622815043264
-9999 -9999 -9999 0.449536844711306 0.460129583884939 0.498441990100947 0.686337554721133 0.740092359404295 0.731182390577244 0.710303072711669 0.63483617566343 0.639852501949566 0.631113533872087 0.604620559462042 0.627410025241739 0.674311045671772 0.646762925191533 0.481474657333576 0.473950056632176 0.667348700970847 0.682109763876376 0.658862917582206 0.618178675588033 0.675147373334234 0.538143748051814 0.558778978947883 0.278694128889204 -9999 -9999 -9999 -9999 -9999 -9999 -9999 -9999 -9999 -9999 -9999 -9999 -9999 -9999 -9999 -9999 0.286812941116051 0.295374411668497 0.301356153603812 0.376370287165511 0.537320303395386 0.411151238467489
-9999 -9999 -9999 -9999 0.455371136355204 0.618572727912833 0.717042144022747 0.704043329181715 0.653927462994745 0.231884854688534 0.245132243159358 0.496255507017787 0.36853691322915 0.645393369545374 0.595420049206913 0.611294545944256 0.597053158669207 0.248873648356325 0.282010130378417 0.336414158376544 0.488899816239015 0.28705037107141 0.689497552334634 0.659301550114404 0.66035832633027 0.669483659996415 0.31130856985723 0.301837071172149 -9999 -9999 -9999 -9999 -9999 -9999 -9999 -9999 -9999 -9999 -9999 -9999 -9999 -9999 -9999 -9999 0.307234404908811 0.364958605446921 0.394133648059469 0.649047686034815 0.634244201924901
-9999 -9999 -9999 0.436625745663327 0.71114753661088 0.697393565094767 0.510830222093345 0.398332893325218 0.273518878994091 0.326079491294384 0.299382235278487 0.446852900806194 0.578921536135409 0.594076895795655 0.409908591175889 0.446357999102852 0.678036755284496 0.54156439626895 0.264363457857887 0.302533965976456 0.207227957504621 0.225932256183181 0.258320276825802 0.264485157469153 0.319294665957855 0.49161256731886 0.403522663134441 -9999 -9999 -9999 -9999 -9999 -9999 -9999 -9999 -9999 -9999 -9999 -9999 -9999 -9999 -9999 -9999 -9999 -9999 -9999 0.552268468355799 0.388288745889806 0.373972126623037
-9999 -9999 -9999 -9999 0.454811607933782 0.592212486904011 0.358802314057314 0.26011991164214 0.300070480540295 0.370985192359376 0.284588642956099 0.261174111045284 0.280010128028375 0.686263037510932 0.56057554855343 0.571689501575801 0.638469495150604 0.520350793048053 0.421910730044551 0.222334614906777 0.245515532144785 0.210822949456009 0.221075075728065 0.300540093837733 0.417379058522886 -9999 -9999 -9999 -9999 -9999 -9999 -9999 -9999 -9999 -9999 -9999 -9999 -9999 -9999 -9999 -9999 -9999 -9999 -9999 -9999 -9999 -9999 -9999 0.397553762317096
-9999 -9999 -9999 -9999 0.487101742761372 0.424178172826146 0.28419143573192 0.284558568451986 0.311562387427806 0.414215541929835 0.608098972950842 0.582763098535321 0.816568365899813 0.747156831629298 0.271117600994471 0.262799099072431 0.531911035816612 0.54884516544639 0.716228576047755 0.718147670604881 0.277190104603087 0.231642219490036 0.296276164729663 -9999 -9999 -9999 -9999 -9999 -9999 -9999 -9999 -9999 -9999 -9999 -9999 -9999 -9999 0.279796139243919 0.336270280034723 0.331353386802029 -9999 -9999 -9999 -9999 -9999 -9999 -9999 -9999 -9999
-9999 -9999 -9999 0.39444474785717 0.435859515033761 0.472319778119585 0.313871022292477 0.322241691378683 0.358089693654236 0.620271380891476 0.608530422391331 0.429631550722342 0.285229894361815 0.438937150178969 0.264021034191662 0.236052579173965 0.312308781611714 0.656317859333264 0.508640891522444 0.543628472818298 0.279858750224636 0.263259183730667 -9999 -9999 -9999 -9999 -9999 -9999 -9999 -9999 -9999 -9999 -9999 -9999 -9999 -9999 -9999 -9999 0.33023796642378 0.305976758918369 -9999 -9999 -9999 -9999 -9999 -9999 -9999 -9999 -9999
-9999 -9999 -9999 0.33385554657558 0.387526487863308 0.418370922172238 0.265666694141691 0.304818567479223 0.283486222289467 0.285802703314574 0.263936572320709 0.257867763826128 0.241692999769104 0.212042018098734 0.213765996867445 0.263921527462792 0.258401129442955 0.239308378242171 0.240346205632482 0.280114477628781 0.368136400297332 -9999 -9999 -9999 -9999 -9999 -9999 -9999 -9999 -9999 -9999 -9999 -9999 -9999 -9999 -9999 -9999 -9999 0.334218262938548 0.271322759126342 -9999 -9999 -9999 -9999 -9999 -9999 -9999 -9999 -9999
-9999 -9999 0.354904540326496 0.313445805482503 0.269520162078958 0.263853178325131 0.296509381694165 0.24252267770642 0.263212005117333 0.291541348836278 0.292488326931701 0.250606770471523 0.247507867227717 0.224722810528329 0.213386126634495 0.257315685474442 0.251575812034123 0.212491748298074 0.211958760038414 0.260244333799056 -9999 -9999 -9999 -9999 -9999 -9999 -9999 -9999 -9999 -9999 -9999 -9999 -9999 -9999 -9999 -9999 -9999 -9999 0.310064333397791 0.335626754603764 -9999 -9999 -9999 -9999 -9999 -9999 -9999 -9999 -9999
-9999 -9999 0.527696088858912 0.320649835908029 0.299368771370637 0.293249192898556 0.262037910244491 0.289942334621217 0.24619723549642 0.232037097929683 0.274171433193108 0.250735079669603 0.237026955530349 0.264356653913438 0.274460455143986 0.301195305085634 0.250851249027399 0.261934734401408 0.242742056937367 0.254826648081681 0.316501032615451 -9999 -9999 -9999 -9999 -9999 -9999 -9999 -9999 -9999 -9999 -9999 -9999 -9999 -9999 -9999 -9999 -9999 -9999 -9999 -9999 -9999 -9999 -9999 -9999 -9999 -9999 -9999 -9999
