Scripts_&_data/BRT_projection_files/BRT_CCV/B_humilis_1_projection.asc
NCOLS 79 
NROWS 71 
XLLCORNER -10.5 
YLLCORNER 36 
CELLSIZE 0.5 
NODATA_value -9999 
[rows 44 to 65 of 71, columns 0 to 48 of 79]
-9999 -9999 -9999 -9999 -9999 -9999 -9999 -9999 -9999 -9999 -9999 -9999 -9999 -9999 -9999 -9999 -9999 -9999 0.423658122731146 0.617911157055358 0.62902580256144 0.557596899133239 0.473265061276613 0.647234391379708 0.403266436342148 0.457180333167122 0.381384968066088 0.481977080987299 0.484866692122932 0.511806017918371 0.516574309514313 0.535994920383568 0.538388395580662 0.749381853725034 0.745051450628144 0.735396302086822 0.50582863770806 0.702677049344671 0.7354470277567 0.693579246180105 0.558913442867835 0.499363623240384 0.664694806674507 0.673039672816549 0.649095723084101 0.679006856950325 0.687533771741608 0.695479790603159 0.669192619766985
-9999 -9999 -9999 -9999 -9999 -9999 -9999 -9999 -9999 -9999 -9999 -9999 -9999 -9999 0.424439365835231 -9999 -9999 -9999 0.572995528490939 0.585725261720412 0.486450183046176 0.444068240238891 0.485300678326972 0.498931688802212 0.579050054813547 0.551513750634552 0.393772023150546 0.446523501400506 0.4921990009711 0.540509086743552 0.478432836299224 0.5084178345775 0.572249334540695 0.703404434361672 0.573029507232094 0.494824435273313 0.66289498790979 0.628728755303087 0.610458428498701 0.752819449287714 0.651703245004492 0.701047983341922 0.532299578393368 0.698825332115424 0.593592601068346 0.61673056934654 0.534575632553761 0.682357208158463 0.749662777825031
-9999 -9999 -9999 -9999 -9999 -9999 -9999 -9999 -9999 -9999 -9999 -9999 0.431991224740068 0.536341070139151 0.53175039578055 0.549384942398057 0.415670878707816 0.477044517368501 0.422184481849238 0.49574762788651 0.466317604773205 0.552139338283245 0.487274298844835 0.538639000340947 0.57909720725065 0.401152771769655 0.316850923450912 0.404166388453559 0.398345417221043 0.520900329272849 0.440936279002907 0.595147884031792 0.630587380551278 0.583843492966783 0.530026256610058 0.48823499338459 0.709040887792175 0.773441233579186 0.78113352268422 0.692847751356549 0.670829877837696 0.677630756701744 0.704665820501828 0.676149615693335 0.66026099680605 0.46927776596196 0.522216330611948 0.55756151635839 0.520013271129822
-9999 -9999 -9999 -9999 -9999 -9999 -9999 -9999 -9999 -9999 -9999 -9999 -9999 -9999 0.406629641081885 0.365624748897124 0.427837888063464 0.413358223476006 0.396121893871635 0.397715626069562 0.406348053614168 0.449670661966579 0.408674703827174 0.411697759243696 0.375302361377155 0.407656466266274 0.396890704100236 0.397249923885102 0.525450414738456 0.467513949789661 0.552407059753018 0.61965277017133 0.605753403173352 0.629338109256799 0.63219721025039 0.702511779465656 0.688415130414279 0.725325240559581 0.681819280625901 0.674845790162045 0.596006997080524 0.658971453698334 0.778947764152155 0.717155684783452 0.802888230911096 0.784983209204787 0.802930165840539 0.810770096945892 0.748255798665129
-9999 -9999 -9999 -9999 -9999 -9999 -9999 -9999 -9999 -9999 -9999 -9999 -9999 -9999 -9999 -9999 -9999 0.315092705017283 0.343742014954577 0.388656703820756 0.356652205630933 0.417258350200625 0.416467135463916 0.39794945873912 0.393321423267157 0.410019814517675 0.389540395646135 0.589931191721408 0.535302359965575 0.537035415185461 0.544684928628877 0.580472976093253 0.621344435784439 0.653421252114516 0.688092322484575 0.669287961185468 0.700065460429901 0.673192786110531 0.738355774760681 0.594782420056363 0.814510004272258 0.572886595581496 0.698997021735205 0.806737349709218 0.816800224848535 0.803851341446109 0.745079133926312 0.825275827314704 0.809287978345617
-9999 -9999 -9999 -9999 -9999 -9999 -9999 -9999 -9999 -9999 -9999 -9999 -9999 -9999 -9999 -9999 -9999 0.307259385557179 0.305141279540245 0.401988701131992 0.395805533954681 0.409982028407907 0.406614465392174 0.402361334495402 0.403381816377343 0.392897051473102 0.463397391376844 0.50004922302651 0.584451024437433 0.652299360297405 0.626112584136138 0.472452099416991 0.561254457068122 0.743209670614663 0.648603707965946 0.689464317027423 0.766881363457845 0.654983652338675 0.591682345559312 0.60568053533109 0.46809579556615 0.572583046304345 0.6165987886823 0.752664972396317 0.614286331244423 0.622334991486033 0.694479858807981 0.801836159968695 0.787101526943782
-9999 -9999 -9999 -9999 -9999 -9999 -9999 -9999 -9999 -9999 -9999 -9999 -9999 -9999 -9999 -9999 -9999 -9999 -9999 0.306480920002331 0.319321834929458 0.387418213347516 0.39345034959932 0.551215677985624 0.559511630166262 0.59141570117922 0.539084843975541 0.508051560354357 0.523075944930604 0.570723895916064 0.570037263859217 0.600944677731117 0.677859628344074 0.69877581156354 0.771183926473542 0.672557064223605 0.662247740703141 0.790668254857046 0.767939349343014 0.777506840225885 0.700323998737218 0.617100167365238 0.537581826522851 0.793200263547735 0.679099596516749 0.778973072893005 0.674690002997533 0.539136825801993 0.487619345905034
-9999 -9999 -9999 -9999 -9999 -9999 -9999 -9999 -9999 -9999 -9999 -9999 -9999 -9999 -9999 -9999 -9999 -9999 -9999 0.303258889165731 0.296882849588631 0.302396990686821 0.468575355406931 0.540923810337202 0.613424481102534 0.482402561397635 0.670840667161 0.697413994631559 0.483181909001871 0.723153825835368 0.736099069034003 0.531335079945015 0.651636621788577 0.771887419613939 0.782191844306402 0.686258268518238 0.784014972005806 0.702358625895999 0.528631187923102 0.632666010229864 0.747024973692546 0.778597926520871 0.786556828595412 0.793072765629955 0.648104812864236 0.608768006365835 0.395100563677218 -9999 0.343842616569933
-9999 -9999 -9999 -9999 -9999 -9999 -9999 -9999 -9999 -9999 -9999 -9999 -9999 -9999 -9999 -9999 -9999 -9999 -9999 0.349529250764657 0.330439171600896 0.329052301544151 0.345309415930532 0.492009062219162 0.50018051248723 0.597678004245191 0.786078418910294 0.578590762588054 0.65086890731313 0.723331841836035 0.674606170835824 0.603975914354063 0.678600343525761 0.784350830228115 0.751625944264016 0.807781676250637 0.485893969189105 0.364038316808235 0.42953067344401 0.522103774255041 0.417150896036689 0.414606409402911 0.428769138112211 0.427306369163547 0.467483238763653 -9999 -9999 -9999 0.353298565298523
-9999 -9999 -9999 -9999 -9999 -9999 -9999 -9999 -9999 -9999 -9999 -9999 -9999 -9999 -9999 -9999 -9999 -9999 -9999 0.327215164315061 0.346471195422192 0.324209247275507 0.347785490604145 0.316685378908913 0.36911453074687 0.633068928213184 0.59383720842918 0.710484314440263 0.795063482646563 0.63082269899633 0.47516079795725 0.64082494127947 0.789485296540451 0.785053355957491 0.80196683997963 0.705348119857592 0.3951014167647 0.303684862735113 0.323287971486911 0.620036471926288 0.590182795070133 0.381414204980373 0.441458859250122 0.428437102526929 0.394277270534451 0.290841513956449 -9999 -9999 -9999
-9999 -9999 -9999 -9999 -9999 -9999 -9999 -9999 -9999 -9999 -9999 -9999 -9999 -9999 -9999 -9999 -9999 -9999 0.365096761472856 0.296064102444713 0.286591698508982 0.28411893227121 0.323651667473393 0.310013820970329 0.329293644767915 0.404734215276412 0.535930257753552 0.626012708921581 0.652418174932772 0.380768960489333 0.410324926724469 0.633704431507891 0.636748301940988 0.764935330899795 0.519267742412371 0.783152175509815 0.519465150481661 0.436617074002202 -9999 -9999 0.378940024644843 0.459345881070566 0.553452507689374 0.630469162054146 0.310909995312822 0.365412349023174 -9999 -9999 -9999
-9999 -9999 -9999 -9999 -9999 -9999 -9999 -9999 -9999 -9999 -9999 -9999 -9999 -9999 -9999 -9999 -9999 -9999 0.368365707543996 0.363125403298884 0.284956029814801 0.300303504178802 0.306108151411216 0.354132004650039 0.306313718499218 0.316501347092909 0.589545277046763 0.413844766067313 0.365823294868168 0.33461055331681 0.388944001989076 0.423659851690866 0.405818908127999 0.501974132161673 0.537473390244946 0.414984787003294 -9999 -9999 -9999 -9999 -9999 -9999 0.335521524203548 0.349644224721107 0.508971701401968 0.504923572934631 0.368033658137504 -9999 -9999
-9999 -9999 -9999 0.360808641396759 0.454022433953555 0.620273144734469 0.611178461305307 0.491427065442737 0.491835742395643 0.635665784439733 0.520758456807687 0.535050959462101 0.41588345275819 0.410883456352026 0.390622127658713 0.420391549990801 0.342909810285516 0.397685319815029 0.445891039054951 0.39358857768556 0.395789065880206 0.36565161748664 0.300543768857249 0.323051221909251 0.300507088586011 0.363311495277103 0.344157619247295 0.340150724215242 -9999 -9999 -9999 -9999 0.349139538748176 0.287920984310097 -9999 -9999 -9999 -9999 -9999 -9999 -9999 -9999 0.335245947707229 0.253266637865096 0.307325314978436 0.309710094396687 0.527103781555815 0.429175793485141 0.337312463997326
-9999 -9999 -9999 0.373520105038133 0.360643761348487 0.610678894705211 0.613368872727815 0.627731393576107 0.706780488781937 0.636115032669982 0.612322123658932 0.630902198810502 0.610968243723587 0.625649148696679 0.569092371703049 0.610491283705667 0.613906956101627 0.513919753361103 0.526437960547771 0.616754111510603 0.738317779974504 0.458267454322119 0.67355900886488 0.522315795729298 0.652801388736457 0.47166597681513 0.293663963094229 -9999 -9999 -9999 -9999 -9999 -9999 -9999 -9999 -9999 -9999 -9999 -9999 -9999 -9999 -9999 -9999 0.160380333470044 0.279156872671752 0.274232236911581 0.308498287033309 0.467894307490958 0.35398967932955
-9999 -9999 -9999 -9999 0.343482189596858 0.483058045423824 0.619822582248035 0.691753024940427 0.617610300825373 0.225460003938735 0.207195332093819 0.305999106102942 0.220312365810339 0.486604593588119 0.55477673502829 0.546281543824294 0.644431263464469 0.206792492239794 0.318160210415859 0.362715390339377 0.55300311546614 0.423138576713966 0.513746017164143 0.568676160690141 0.640425841020985 0.658704500181175 0.334054970426289 0.333826875437581 -9999 -9999 -9999 -9999 -9999 -9999 -9999 -9999 -9999 -9999 -9999 -9999 -9999 -9999 -9999 -9999 0.133279736755176 0.162096449900828 0.267200813234708 0.643006808840286 0.550890243251546
-9999 -9999 -9999 0.329502518070108 0.456433960015322 0.576826515841175 0.426206584074978 0.388500019649961 0.359785038666557 0.205201930689954 0.256136073599449 0.263326973358667 0.301215509253077 0.340139646444956 0.50937032011432 0.538957601658538 0.480554558898571 0.588705433693118 0.196972447374664 0.219910207088379 0.214435706961786 0.215010692970431 0.216602202303966 0.334096806888084 0.429492224260554 0.499149426164517 0.402754775561001 -9999 -9999 -9999 -9999 -9999 -9999 -9999 -9999 -9999 -9999 -9999 -9999 -9999 -9999 -9999 -9999 -9999 -9999 -9999 0.201957378367698 0.171298399170915 0.210456668427263
-9999 -9999 -9999 -9999 0.374246616410902 0.436552858258834 0.342210137209135 0.364444467865735 0.34938060722451 0.223434154168782 0.199261442708915 0.200459700468101 0.320454578077372 0.562791254479729 0.469814724200073 0.363936830686013 0.281127424505294 0.301259573610659 0.39959210401539 0.210093979011271 0.205502860165955 0.136149579479861 0.239078786191606 0.178354127348969 0.147094053738371 -9999 -9999 -9999 -9999 -9999 -9999 -9999 -9999 -9999 -9999 -9999 -9999 -9999 -9999 -9999 -9999 -9999 -9999 -9999 -9999 -9999 -9999 -9999 0.143964235568258
-9999 -9999 -9999 -9999 0.370568097209644 0.395112522457907 0.342291345277133 0.362724512127885 0.372039704024779 0.41942408088059 0.640278744538546 0.437110558203281 0.627204630759812 0.666430870668179 0.228211216512498 0.255240785897161 0.315092683769504 0.483284789499839 0.32722380528808 0.412210354893936 0.327758952912829 0.357667250617638 0.138407083131702 -9999 -9999 -9999 -9999 -9999 -9999 -9999 -9999 -9999 -9999 -9999 -9999 -9999 -9999 0.135139353367999 0.140976280542421 0.34897968697324 -9999 -9999 -9999 -9999 -9999 -9999 -9999 -9999 -9999
-9999 -9999 -9999 0.161202148591835 0.182196671560754 0.360243980095483 0.323478441061356 0.355583559974397 0.346776151658564 0.630160397344383 0.627036263970974 0.478564347435385 0.318420728231527 0.380908527290871 0.247873304812722 0.284008582158998 0.42670424119914 0.333791479999111 0.394948369285062 0.298940259766052 0.371570863533059 0.138977974189858 -9999 -9999 -9999 -9999 -9999 -9999 -9999 -9999 -9999 -9999 -9999 -9999 -9999 -9999 -9999 -9999 0.134358764717124 0.340368110252971 -9999 -9999 -9999 -9999 -9999 -9999 -9999 -9999 -9999
-9999 -9999 -9999 0.14814859657331 0.180623869532665 0.184675676363409 0.147118492060418 0.138751917335069 0.156286797012446 0.149201233840228 0.149419338079289 0.2762090052989 0.208682023669254 0.187405827094917 0.226308625919976 0.218164875608893 0.302121445141535 0.210065932362527 0.254756669458855 0.242645964598041 0.128748703517334 -9999 -9999 -9999 -9999 -9999 -9999 -9999 -9999 -9999 -9999 -9999 -9999 -9999 -9999 -9999 -9999 -9999 0.138676305867709 0.160883141527231 -9999 -9999 -9999 -9999 -9999 -9999 -9999 -9999 -9999
-9999 -9999 0.154447252458436 0.144002873292005 0.136381157336935 0.134664578681366 0.145317720838235 0.147909197467267 0.147434370226896 0.148883754929532 0.158091734740172 0.300237510559136 0.326612462317726 0.199259410783453 0.19968309672851 0.194393439626582 0.2332851037579 0.198034050013236 0.253901789771835 0.170704591064709 -9999 -9999 -9999 -9999 -9999 -9999 -9999 -9999 -9999 -9999 -9999 -9999 -9999 -9999 -9999 -9999 -9999 -9999 0.144916097228147 0.14180123171243 -9999 -9999 -9999 -9999 -9999 -9999 -9999 -9999 -9999
-9999 -9999 0.140989808699339 0.137325820101455 0.13437591922283 0.135720938786361 0.131105269777029 0.138982132326408 0.128746587861939 0.126647471283331 0.149467846963782 0.144190344402219 0.213696737450723 0.215499957327847 0.198026790078492 0.282175082405803 0.265761826688969 0.196607537973242 0.199458176113753 0.208442898056943 0.129291395382489 -9999 -9999 -9999 -9999 -9999 -9999 -9999 -9999 -9999 -9999 -9999 -9999 -9999 -9999 -9999 -9999 -9999 -9999 -9999 -9999 -9999 -9999 -9999 -9999 -9999 -9999 -9999 -9999
