Scripts_&_data/BRT_projection_files/BRT_CCV/B_humilis_2_projection.asc
NCOLS 79 
NROWS 71 
XLLCORNER -10.5 
YLLCORNER 36 
CELLSIZE 0.5 
NODATA_value -9999 
[rows 44 to 65 of 71, columns 0 to 48 of 79]
-9999 -9999 -9999 -9999 -9999 -9999 -9999 -9999 -9999 -9999 -9999 -9999 -9999 -9999 -9999 -9999 -9999 -9999 0.404007648898635 0.295759655911623 0.343140768287818 0.462525556886076 0.217436560852757 0.223026495821579 0.193404788946291 0.219373824308113 0.222307629860242 0.192850736223366 0.206559034028608 0.219373680732756 0.22597484719031 0.346878577664175 0.238760377625508 0.37201421168566 0.36861377533997 0.411994941996005 0.311185244649045 0.329414102776648 0.321989374927791 0.347302255851805 0.468396570479787 0.374995625381555 0.460772306526618 0.490412529488734 0.342616120099323 0.43325902710065 0.378095269441334 0.439447502030311 0.474958461753099
-9999 -9999 -9999 -9999 -9999 -9999 -9999 -9999 -9999 -9999 -9999 -9999 -9999 -9999 0.296082083896314 -9999 -9999 -9999 0.323296854555909 0.398916403769151 0.324756238239329 0.318955141877611 0.227290031442009 0.189391702581463 0.192591623578258 0.448897493289815 0.308060536538303 0.182154505507972 0.193763313717713 0.198985663528233 0.198477814879044 0.30021062461514 0.366721220183798 0.320700118962796 0.326712397597053 0.384423289897146 0.262644152327977 0.316826209839935 0.47625589524611 0.511061495724895 0.444881172890184 0.489503242845677 0.452430131069919 0.459726538480656 0.434021399234936 0.354046718743357 0.359508039938065 0.5293854060402 0.490237352100605
-9999 -9999 -9999 -9999 -9999 -9999 -9999 -9999 -9999 -9999 -9999 -9999 0.27686527022125 0.380388157710192 0.329738282925586 0.245884455620338 0.217294950063142 0.324645624961074 0.284133260686431 0.289593329927614 0.305697612586365 0.245564431078923 0.236733228219044 0.197313303573688 0.173107517502897 0.189816872992078 0.243755807375117 0.197006860580612 0.176926738409954 0.191272133749169 0.230633845084669 0.333258481527012 0.410502450049442 0.357989198975967 0.274248697742728 0.333300273304302 0.322525240796587 0.46196157832596 0.534977940100249 0.444233362189605 0.474560827191097 0.534418607620842 0.522044805869709 0.492058782472464 0.516637754519403 0.366983052157465 0.516832933429393 0.681822644773761 0.380160512073679
-9999 -9999 -9999 -9999 -9999 -9999 -9999 -9999 -9999 -9999 -9999 -9999 -9999 -9999 0.339768329507315 0.378490817897871 0.301468099747625 0.271163028372085 0.244635067520852 0.220239988297414 0.23576444089725 0.265390059252203 0.202130152630727 0.199877400071431 0.242265387447994 0.233776010588026 0.202196428669446 0.196165400945997 0.197357770972059 0.233124449967597 0.27918531353201 0.347582324368864 0.369138967529709 0.406435911172151 0.505527493405971 0.427523357005326 0.614872013991348 0.565459268441112 0.578149601538212 0.552519534310162 0.630903718193134 0.730891256743326 0.628601222664038 0.549896460567101 0.561830126548228 0.675389493668266 0.705127328249219 0.742693264898109 0.659440467006976
-9999 -9999 -9999 -9999 -9999 -9999 -9999 -9999 -9999 -9999 -9999 -9999 -9999 -9999 -9999 -9999 -9999 0.417794433878144 0.367733244761433 0.235836380831818 0.221563572747679 0.20315911006078 0.236502689117995 0.199264831237889 0.19534177080974 0.235817150115782 0.202120707601614 0.269169540095349 0.29451359754359 0.336812474623232 0.301451214875306 0.265670859004279 0.394249257940197 0.474465850720973 0.5723279267255 0.616540843058014 0.603686763214203 0.671064080426524 0.706002839684726 0.749460381202632 0.758700218498572 0.31536941184661 0.665797399847716 0.823346504101985 0.805730917086967 0.792717797678931 0.726363799587362 0.772705747429287 0.605970658870919
-9999 -9999 -9999 -9999 -9999 -9999 -9999 -9999 -9999 -9999 -9999 -9999 -9999 -9999 -9999 -9999 -9999 0.236420947704394 0.234570105143669 0.23176943712349 0.211128449931191 0.192864014310547 0.184020756925859 0.212595348159953 0.201313585022411 0.218164299966707 0.242517645439073 0.279179685902377 0.28311516678442 0.430202156597581 0.285053012481827 0.278470326321967 0.484413406209569 0.579232231072153 0.738460362663971 0.755247781811861 0.797090811540388 0.737039796544103 0.438543996138532 0.326150437113354 0.432290246869308 0.545664728758763 0.610902316564951 0.603703826107829 0.559699614242053 0.529616964924175 0.716669902264941 0.682599293233101 0.619559025712447
-9999 -9999 -9999 -9999 -9999 -9999 -9999 -9999 -9999 -9999 -9999 -9999 -9999 -9999 -9999 -9999 -9999 -9999 -9999 0.194525712572814 0.214295659153203 0.186589823243647 0.246029505102193 0.333575247540484 0.334309323403371 0.412164989970997 0.402779712399407 0.290633848397751 0.413656317799751 0.35118536088692 0.373841550887329 0.330113619760877 0.512493903340897 0.527457735260254 0.600637335225304 0.60019887137474 0.562909099308178 0.744790863326454 0.668007813205231 0.749835742098246 0.709195864077161 0.596947115677941 0.396846209309095 0.579122247509874 0.446851680662488 0.571793713315868 0.4955793102474 0.588069187446993 0.604245431043573
-9999 -9999 -9999 -9999 -9999 -9999 -9999 -9999 -9999 -9999 -9999 -9999 -9999 -9999 -9999 -9999 -9999 -9999 -9999 0.217550795030648 0.180836782558679 0.221894738530248 0.282835009682282 0.340657412996273 0.374795813535225 0.303927507584344 0.398326357982962 0.345318675633454 0.273827585132793 0.611603640520586 0.448442656409377 0.320837327338773 0.491883086568879 0.555071620780203 0.636004554898456 0.683598549166211 0.759944618205751 0.463598057047924 0.444202626319736 0.572311121094818 0.488513741359528 0.544739234843234 0.51103052336428 0.518527476556212 0.368925006980551 0.238728299599136 0.194832416446366 -9999 0.44981458365654
-9999 -9999 -9999 -9999 -9999 -9999 -9999 -9999 -9999 -9999 -9999 -9999 -9999 -9999 -9999 -9999 -9999 -9999 -9999 0.219127206584897 0.215727195806572 0.212239647635894 0.301549203725331 0.359493804120922 0.38126735383272 0.390792466764542 0.435946475934037 0.424505133385229 0.439701581390756 0.519761180826615 0.435575171585814 0.32242946617798 0.429909829932746 0.576656689682908 0.50520527438993 0.606342838448097 0.381254917325103 0.186029642690861 0.191096747492509 0.27131335962233 0.197453189556075 0.190362995855218 0.193119341941428 0.181909448787106 0.191837920489142 -9999 -9999 -9999 0.260605227586135
-9999 -9999 -9999 -9999 -9999 -9999 -9999 -9999 -9999 -9999 -9999 -9999 -9999 -9999 -9999 -9999 -9999 -9999 -9999 0.247036612040519 0.266459490863349 0.218376559009943 0.194308219105082 0.29360433957776 0.34719540493344 0.417089082401921 0.405033549611413 0.455592211954878 0.457295062813829 0.48815841001261 0.393416044269254 0.43229125367466 0.44836232217362 0.537850338963104 0.570926563875339 0.594984403429421 0.187781046254287 0.217861027424631 0.242765960568437 0.447379301222293 0.324300645623982 0.233699971366588 0.21085142139491 0.170783605100417 0.187119654744092 0.185283032947149 -9999 -9999 -9999
-9999 -9999 -9999 -9999 -9999 -9999 -9999 -9999 -9999 -9999 -9999 -9999 -9999 -9999 -9999 -9999 -9999 -9999 0.255464630915844 0.182006688720457 0.170691697901326 0.207593773238374 0.19709828803689 0.202527945856171 0.23715640039661 0.284352392307398 0.459932989220569 0.396177852718164 0.425493750227856 0.278021652237269 0.306880865362645 0.378233932906154 0.388787184283914 0.390432113718211 0.351199856872562 0.540742714196947 0.384489688897853 0.352774679752254 -9999 -9999 0.440923287391876 0.367117713567243 0.407248812092346 0.3654274019719 0.225113317689359 0.187717727070537 -9999 -9999 -9999
-9999 -9999 -9999 -9999 -9999 -9999 -9999 -9999 -9999 -9999 -9999 -9999 -9999 -9999 -9999 -9999 -9999 -9999 0.256634382854732 0.250932212441306 0.207484578823043 0.1912899321715 0.166770210763398 0.209013609216072 0.199531840468033 0.204381365316046 0.315589265240946 0.400265424319592 0.293398360672691 0.245323197660201 0.217479161316569 0.365216417826777 0.356655618344899 0.373614494068372 0.40108033011649 0.396620657695156 -9999 -9999 -9999 -9999 -9999 -9999 0.24987497898704 0.242736822074854 0.261656312623482 0.328541286755071 0.208963659955219 -9999 -9999
-9999 -9999 -9999 0.281568666468149 0.273861995982778 0.351216681977462 0.29707877244227 0.34076311087059 0.564948857167214 0.615104279049112 0.571924217444989 0.59569726578007 0.545969715198644 0.512451271281524 0.35423715427762 0.4193535497312 0.349991116353243 0.388744374765753 0.375587139246826 0.285603273070752 0.345962605026476 0.207295016777611 0.213994774652924 0.207038922613781 0.192666186689104 0.230650565332595 0.210935946239465 0.271362482728795 -9999 -9999 -9999 -9999 0.303895345587603 0.323829681396164 -9999 -9999 -9999 -9999 -9999 -9999 -9999 -9999 0.206391691839159 0.212708493442752 0.190159410050709 0.305457722074178 0.251611856803645 0.192320788531188 0.21513758867042
-9999 -9999 -9999 0.321282884249917 0.326941856372975 0.362552004981941 0.307579349756267 0.395908848700508 0.387930752633792 0.467892232204619 0.36438692193834 0.341444386590954 0.378492621318394 0.361772917539229 0.315461567460041 0.414487065107208 0.3601885060746 0.334431694628834 0.282378918807296 0.449432721952059 0.537240115688925 0.382675512951841 0.454618778062437 0.402971735961522 0.30199460361945 0.260021405676159 0.27556657011553 -9999 -9999 -9999 -9999 -9999 -9999 -9999 -9999 -9999 -9999 -9999 -9999 -9999 -9999 -9999 -9999 0.18394881517513 0.204508435593219 0.19200392105985 0.305180248755597 0.257820040971411 0.218795105589234
-9999 -9999 -9999 -9999 0.393638574214863 0.360996423601874 0.390215629766043 0.395219225709921 0.393971852384515 0.183515946132712 0.221378616188573 0.226807197197258 0.18027271492723 0.287087541996365 0.411710724510399 0.454087326720847 0.325623391040663 0.197754425715699 0.180875264569978 0.203160308101205 0.258431143893539 0.246030038359884 0.283143427572896 0.326340919585331 0.463936345798371 0.554106215303543 0.228056624327117 0.165020692538289 -9999 -9999 -9999 -9999 -9999 -9999 -9999 -9999 -9999 -9999 -9999 -9999 -9999 -9999 -9999 -9999 0.207679612921996 0.245178714900401 0.239284243633041 0.432559302642102 0.350638298646232
-9999 -9999 -9999 0.318574318599368 0.384013034992166 0.378035897120281 0.338868875901895 0.303054264606004 0.208848457666491 0.230960518087724 0.172915186050307 0.247006116114432 0.226415248805367 0.250013122164799 0.273632358890536 0.279610222237794 0.275256106622301 0.253575614845395 0.168132564232895 0.192850445465516 0.155389116206687 0.177986647523273 0.245748990281844 0.209042246280989 0.250540269209053 0.263805066803468 0.213164519105833 -9999 -9999 -9999 -9999 -9999 -9999 -9999 -9999 -9999 -9999 -9999 -9999 -9999 -9999 -9999 -9999 -9999 -9999 -9999 0.370643470853799 0.290988532700168 0.282967537382288
-9999 -9999 -9999 -9999 0.354506022531171 0.360398348081851 0.281205876424244 0.161759595911748 0.145208871848396 0.217761415081715 0.180439933895571 0.188447398810098 0.179124963208911 0.356661550999207 0.218616620133062 0.326980424662308 0.297280418173153 0.262403191603344 0.244316760398883 0.159337047686337 0.154188433841397 0.169867597330657 0.153664036678183 0.185701162768048 0.212973980330457 -9999 -9999 -9999 -9999 -9999 -9999 -9999 -9999 -9999 -9999 -9999 -9999 -9999 -9999 -9999 -9999 -9999 -9999 -9999 -9999 -9999 -9999 -9999 0.263674272691093
-9999 -9999 -9999 -9999 0.274593368144595 0.251446679309077 0.205392892690271 0.220904257326052 0.125698957844863 0.382642698489411 0.350303031379587 0.410134702802718 0.581043723113638 0.529235269756708 0.22584424491202 0.197790657271172 0.192362999648742 0.300005616285713 0.463862569082342 0.319447584617958 0.211058901299744 0.145023323830721 0.15910777816157 -9999 -9999 -9999 -9999 -9999 -9999 -9999 -9999 -9999 -9999 -9999 -9999 -9999 -9999 0.187962006081565 0.203703078747524 0.256936869379045 -9999 -9999 -9999 -9999 -9999 -9999 -9999 -9999 -9999
-9999 -9999 -9999 0.292270166973417 0.273065937732931 0.262891857604994 0.212416210836729 0.228141577462156 0.203718786377866 0.433700320637956 0.400182366105737 0.317466541387147 0.246905507005352 0.287926632251601 0.19466447460461 0.174118746700529 0.195807290511103 0.22532770419148 0.359980213127077 0.336115016055664 0.195407578587227 0.161679856383382 -9999 -9999 -9999 -9999 -9999 -9999 -9999 -9999 -9999 -9999 -9999 -9999 -9999 -9999 -9999 -9999 0.212991849341129 0.227826003637673 -9999 -9999 -9999 -9999 -9999 -9999 -9999 -9999 -9999
-9999 -9999 -9999 0.256011623333482 0.22697771534471 0.21692759983618 0.187631955931662 0.114444507285908 0.204767682199076 0.206840607460546 0.172845179802718 0.159216254901587 0.179627593569524 0.166199641914889 0.16255854714344 0.19279659807715 0.172914864269797 0.13835525986636 0.156007442665267 0.188320218816128 0.21892429626528 -9999 -9999 -9999 -9999 -9999 -9999 -9999 -9999 -9999 -9999 -9999 -9999 -9999 -9999 -9999 -9999 -9999 0.188995676077153 0.218317151955738 -9999 -9999 -9999 -9999 -9999 -9999 -9999 -9999 -9999
-9999 -9999 0.209401818403293 0.26063050206022 0.185460823928302 0.227970262657114 0.222701566794169 0.170761262508031 0.22170934195685 0.149568765544579 0.204257175533825 0.136544653127355 0.15759319262659 0.180178371862921 0.159775280561449 0.176241919791274 0.169092427160861 0.166511517592166 0.154921110630829 0.189159610794304 -9999 -9999 -9999 -9999 -9999 -9999 -9999 -9999 -9999 -9999 -9999 -9999 -9999 -9999 -9999 -9999 -9999 -9999 0.171702185370889 0.210696524289363 -9999 -9999 -9999 -9999 -9999 -9999 -9999 -9999 -9999
-9999 -9999 0.311197331209595 0.186504552089206 0.20520002680949 0.200775916606001 0.200855785707928 0.211162563978786 0.185677934376119 0.1952415608507 0.121481247844157 0.162887716165704 0.210427694134015 0.17790410163531 0.2054077544229 0.144318336420909 0.144803120485 0.176684153773997 0.169244196628367 0.16994292288708 0.175440446562306 -9999 -9999 -9999 -9999 -9999 -9999 -9999 -9999 -9999 -9999 -9999 -9999 -9999 -9999 -9999 -9999 -9999 -9999 -9999 -9999 -9999 -9999 -9999 -9999 -9999 -9999 -9999 -9999
