Scripts_&_data/BRT_projection_files/BRT_CCV/B_hypnorum_1_projection.asc
NCOLS 79 
NROWS 71 
XLLCORNER -10.5 
YLLCORNER 36 
CELLSIZE 0.5 
NODATA_value -9999 
[rows 42 to 62 of 71, columns 0 to 48 of 79]
-9999 -9999 -9999 -9999 -9999 -9999 -9999 -9999 -9999 -9999 0.178444439133497 -9999 -9999 0.1663220331005 -9999 -9999 -9999 -9999 -9999 -9999 -9999 -9999 -9999 -9999 0.395948778037819 0.341610800560056 0.677528952177183 0.700468100467858 0.601840063384714 0.59491456966196 0.633230768925323 0.526537732075148 0.392328174014217 0.396740595268187 0.410203702493802 0.515870120559223 0.689603593503569 0.696946087065234 0.712642830057779 0.555970937533583 0.541109873532716 0.560873915775021 0.548337379370313 0.651331570142494 0.65204401802059 0.701573316970779 0.572360787149317 0.505108960899325 0.471459234402511
-9999 -9999 -9999 -9999 -9999 -9999 -9999 -9999 -9999 -9999 -9999 -9999 -9999 -9999 -9999 -9999 -9999 -9999 -9999 -9999 -9999 -9999 0.229468775540194 0.348995347075714 0.346441341001652 0.290098617972954 0.275043879450422 0.569858872687548 0.530322838906218 0.338453123332688 0.395336902614178 0.270045451635174 0.460580953995891 0.421783982724755 0.60209393087843 0.565712760557649 0.39377582041674 0.636045568960701 0.764140160341483 0.740764804370429 0.686771937547094 0.514350768267084 0.669487031011465 0.63681350660434 0.567346793833063 0.646502344516209 0.590160891301816 0.364093510579341 0.394474922576983
-9999 -9999 -9999 -9999 -9999 -9999 -9999 -9999 -9999 -9999 -9999 -9999 -9999 -9999 -9999 -9999 -9999 -9999 0.12984178969936 0.147448377357009 0.208310355928762 0.368162492824202 0.338106844485998 0.433344154489659 0.267710008224384 0.341538630834657 0.283057830002888 0.371767666900746 0.309018236516082 0.329767455176034 0.302685691178883 0.33031463482631 0.371719705120583 0.601439125774272 0.753048972916417 0.745992013497324 0.437858587639013 0.613210908026798 0.760512716050477 0.732543927157482 0.430790647747121 0.39983953677576 0.513996174236154 0.692534960728479 0.523288913783531 0.567282888643983 0.427582172869368 0.683454844688823 0.45302711338629
-9999 -9999 -9999 -9999 -9999 -9999 -9999 -9999 -9999 -9999 -9999 -9999 -9999 -9999 0.155767881517531 -9999 -9999 -9999 0.145891848873378 0.240560587896884 0.290830615316447 0.23036212131029 0.382750818944893 0.374506372822909 0.317934126081819 0.435469011006509 0.474043085377929 0.251644303341794 0.394038305511342 0.259530653736277 0.194269101481924 0.325544033164681 0.356402192794504 0.749971259318431 0.511935408949516 0.535012492720948 0.626080983668556 0.726552949867285 0.715064895123795 0.767474605531714 0.681034586403141 0.677457967662327 0.556980326063369 0.644419804403611 0.550868654405195 0.585001237659291 0.579918443578709 0.452379739362962 0.682822921330418
-9999 -9999 -9999 -9999 -9999 -9999 -9999 -9999 -9999 -9999 -9999 -9999 0.173803554326554 0.143468177954768 0.144180227030889 0.259601068739324 0.267995722695483 0.209205040294639 0.178443040862773 0.307292402210651 0.225089423487815 0.239900379471095 0.2918384188616 0.262968397767601 0.185605058612811 0.182464890641797 0.236808559530019 0.206870328047694 0.301791378365534 0.276338812659942 0.304374582605068 0.303397144002455 0.331789815435777 0.540245637692159 0.388566215875224 0.449072059066277 0.751554238643383 0.563123111019468 0.629307034812799 0.642228363577985 0.440583556974575 0.493467275626768 0.697875605069572 0.726106784733459 0.737835326661249 0.339232512969483 0.325062816507625 0.440775951174067 0.317755294010635
-9999 -9999 -9999 -9999 -9999 -9999 -9999 -9999 -9999 -9999 -9999 -9999 -9999 -9999 0.186539424596124 0.146552862266544 0.14146555192897 0.140564573801194 0.154452122936036 0.245582695881503 0.230155332169353 0.229448678970725 0.209052485948702 0.177003486742551 0.270292388152694 0.228513079802145 0.248645481186178 0.230887964061798 0.228146839209535 0.332174614876514 0.435300110292753 0.322247401939889 0.222326909097242 0.332744271879763 0.503440217358427 0.55305213363121 0.587070002457968 0.514083098715202 0.609798098350326 0.475768821861969 0.179372744339436 0.20267308459132 0.367947408310451 0.534658446902941 0.666686912305986 0.672383538286923 0.746235254722965 0.751791477573418 0.756801245094581
-9999 -9999 -9999 -9999 -9999 -9999 -9999 -9999 -9999 -9999 -9999 -9999 -9999 -9999 -9999 -9999 -9999 0.40317109993974 0.18586049057499 0.151981205432879 0.142894119328791 0.209777519748254 0.219001536111394 0.192952654546138 0.218549203175199 0.291926093178374 0.242268488437294 0.239600054129891 0.300768517221272 0.454697356485901 0.328393828461971 0.189913229769951 0.262312030421335 0.407032224835888 0.532046293828324 0.631067615053843 0.60164958158425 0.656555421912525 0.655536565861421 0.406592771931596 0.757139659091741 0.403830452174073 0.698869079984977 0.705526893017358 0.610702316644868 0.524656306494854 0.646152427106274 0.569199548283161 0.783720866007829
-9999 -9999 -9999 -9999 -9999 -9999 -9999 -9999 -9999 -9999 -9999 -9999 -9999 -9999 -9999 -9999 -9999 0.101590121191692 0.185858210807347 0.160123514262163 0.223871808431645 0.215642625230402 0.178021621434359 0.21976590488617 0.276142515168052 0.163585314439879 0.226692629007618 0.291075172658538 0.298552350067553 0.355593767785022 0.293836931765549 0.263013750642268 0.321531288846608 0.701203265877444 0.59387389392167 0.723369313312007 0.603484910401452 0.744399385038243 0.40480419602853 0.404399769638301 0.399376371381791 0.440686763126796 0.369798283329436 0.369468769982083 0.510129168508897 0.354467744166967 0.550546570242361 0.766966482227853 0.746711553820141
-9999 -9999 -9999 -9999 -9999 -9999 -9999 -9999 -9999 -9999 -9999 -9999 -9999 -9999 -9999 -9999 -9999 -9999 -9999 0.132300569487077 0.205779714912775 0.240072302242856 0.153783929086298 0.243571585950251 0.330608817447347 0.322689929665532 0.365404286909105 0.395339896786069 0.254661748345938 0.49788915210375 0.368624551788494 0.232045167672516 0.508831974790111 0.639546647072548 0.692097180338428 0.57993829378613 0.67985913920441 0.456822843182253 0.731351697408461 0.470763989005325 0.418281786989605 0.378074508609579 0.489226621021298 0.64101756952854 0.552866211785097 0.702888076969475 0.511559519059325 0.624138635883732 0.783949475901251
-9999 -9999 -9999 -9999 -9999 -9999 -9999 -9999 -9999 -9999 -9999 -9999 -9999 -9999 -9999 -9999 -9999 -9999 -9999 0.0683084955461333 0.146653953981665 0.195876275256569 0.233542883965115 0.278485275932263 0.321247290620266 0.392954110256238 0.545938009493483 0.616288171028323 0.423486160913483 0.279104736712716 0.369368911098465 0.390157134754766 0.387673511020636 0.499420609007732 0.646766790094836 0.40543109774481 0.355839789844985 0.46671843450723 0.302752797798406 0.293846885417479 0.597684830992187 0.643161703161991 0.596802362017794 0.602377707246212 0.612549747599763 0.38434436136911 0.124160643778711 -9999 0.301429640157691
-9999 -9999 -9999 -9999 -9999 -9999 -9999 -9999 -9999 -9999 -9999 -9999 -9999 -9999 -9999 -9999 -9999 -9999 -9999 0.0881101678004255 0.0893960630742455 0.13719427083333 0.187867627746147 0.153942404308679 0.164354927637052 0.327652959044442 0.538315908632336 0.492658866476019 0.376692498447489 0.511236293694105 0.186898107073766 0.268414430162213 0.406716499329449 0.571013611298597 0.572461247664329 0.565653881998796 0.271103208479793 0.0956480983845335 0.130091732728617 0.127985838743147 0.126533195022368 0.129811546104442 0.132339536266557 0.198445260289293 0.127726042677047 -9999 -9999 -9999 0.070291664824143
-9999 -9999 -9999 -9999 -9999 -9999 -9999 -9999 -9999 -9999 -9999 -9999 -9999 -9999 -9999 -9999 -9999 -9999 -9999 0.12774970349641 0.100772320154678 0.111331849838368 0.0914891834526609 0.167719285617594 0.195915374451044 0.246549373718408 0.327363739223343 0.419219042891781 0.492252887610262 0.429541497911562 0.181582000389164 0.451879498175843 0.668938929808064 0.632063607453971 0.625029621846713 0.467923327264798 0.0973054227928108 0.0792416092783297 0.18103145236534 0.359378178877661 0.176122643473749 0.376566728695577 0.117731104682723 0.13743899897931 0.104493029153911 0.06183068444274 -9999 -9999 -9999
-9999 -9999 -9999 -9999 -9999 -9999 -9999 -9999 -9999 -9999 -9999 -9999 -9999 -9999 -9999 -9999 -9999 -9999 0.0822140380466411 0.0840982492071103 0.0680628561107797 0.0903449059816197 0.0600720029178418 0.11226926978704 0.0838103402790804 0.146402089468108 0.325466782968689 0.33019924020603 0.485589536114467 0.0676477724485956 0.0760772857311832 0.279869247902752 0.314305483104473 0.570802396567574 0.579652364492959 0.436858577710718 0.501473186033375 0.0924620464660277 -9999 -9999 0.0958212717616713 0.376621644273821 0.518288203761347 0.604211982128124 0.201563913953216 0.138458440892175 -9999 -9999 -9999
-9999 -9999 -9999 -9999 -9999 -9999 -9999 -9999 -9999 -9999 -9999 -9999 -9999 -9999 -9999 -9999 -9999 -9999 0.0604812246075107 0.0605875521122276 0.0867174796203239 0.0619673097244079 0.0710719265020869 0.125906614369441 0.0725024780928872 0.106746432417565 0.150884403815439 0.135540156143153 0.0683108288482488 0.109784949394485 0.1247823625052 0.0876450116235105 0.0944466177648196 0.151166165104566 0.149219239834017 0.0732710368103774 -9999 -9999 -9999 -9999 -9999 -9999 0.103741674646959 0.174296638648137 0.479255020801564 0.515274097861455 0.176342255431309 -9999 -9999
-9999 -9999 -9999 0.0526353136359065 0.0895676625647011 0.226971245438144 0.183860240149452 0.165099011846353 0.146527798919653 0.251056245543185 0.150258299193572 0.154447085277796 0.0800269540822345 0.0718120265868046 0.0922687827702511 0.221175294652939 0.0565636903301661 0.182574386531367 0.149294827538752 0.149750759419084 0.283017633985901 0.108928606966184 0.088651390568721 0.0881693377581013 0.101333225302349 0.166952332174417 0.0907280925446692 0.0823724532963494 -9999 -9999 -9999 -9999 0.105784531391645 0.0922995926508521 -9999 -9999 -9999 -9999 -9999 -9999 -9999 -9999 0.108479048659311 0.109151965494759 0.110098992125203 0.139538114248718 0.283027327909728 0.391636424134347 0.0750631186809119
-9999 -9999 -9999 0.0642132741209148 0.107961599453034 0.168543068143675 0.202098055429477 0.306162640301706 0.518855575508873 0.39940793601224 0.322500814791989 0.388865533726451 0.282013345368115 0.282245562528312 0.278351336599757 0.330553811949197 0.330950417854303 0.183099853317984 0.209360587865605 0.504738151224376 0.726737108283221 0.674593716175184 0.586320853674563 0.373979174467967 0.404376539800402 0.266004184663239 0.106133517947078 -9999 -9999 -9999 -9999 -9999 -9999 -9999 -9999 -9999 -9999 -9999 -9999 -9999 -9999 -9999 -9999 0.08881412081377 0.0912993583841963 0.160807015088488 0.109924173105366 0.402759797876378 0.246204896243536
-9999 -9999 -9999 -9999 0.0931657619970644 0.244613189269204 0.289590738654063 0.481315653053823 0.30977202087157 0.0478460701059852 0.0503291317440397 0.084044496694259 0.0698626269631488 0.0868315834701778 0.236780197805116 0.280618293495676 0.192530900153309 0.0380837421667435 0.0479728324048901 0.125583038156089 0.20469097647667 0.138117264985128 0.308523973203724 0.371070973867863 0.465719532798742 0.490037416852422 0.043700055065659 0.0474197240711178 -9999 -9999 -9999 -9999 -9999 -9999 -9999 -9999 -9999 -9999 -9999 -9999 -9999 -9999 -9999 -9999 0.0606030231549806 0.180086543793935 0.146702854217273 0.351177606841919 0.515787558696397
-9999 -9999 -9999 0.068626521784784 0.175955255818407 0.194823692480054 0.159947465731855 0.137520825338171 0.0485770556014173 0.053540887504456 0.0796741443625023 0.106375468670749 0.0823144132929699 0.0748386058402878 0.0981829656513042 0.12920772175243 0.132370980808412 0.0639201252208971 0.0402026177898806 0.0757913592503833 0.0388922560059187 0.0388485157509183 0.0419547279379243 0.037025757782979 0.0651065761901306 0.0996910319948489 0.0621710622020804 -9999 -9999 -9999 -9999 -9999 -9999 -9999 -9999 -9999 -9999 -9999 -9999 -9999 -9999 -9999 -9999 -9999 -9999 -9999 0.157211408888948 0.0884803157332662 0.072880240728517
-9999 -9999 -9999 -9999 0.0954514963600804 0.187207072614256 0.0726676479356405 0.0476687256199076 0.0410343507471771 0.0555032496062864 0.0602205470822082 0.0535526971395432 0.0605253232084666 0.0823358971234522 0.135583133123027 0.0739098986575056 0.109205118836896 0.112660978069213 0.0620450229691868 0.040847833012978 0.0516773188665083 0.0478064815469532 0.0394201679975023 0.0414595726355239 0.0534773773983988 -9999 -9999 -9999 -9999 -9999 -9999 -9999 -9999 -9999 -9999 -9999 -9999 -9999 -9999 -9999 -9999 -9999 -9999 -9999 -9999 -9999 -9999 -9999 0.110781979996778
-9999 -9999 -9999 -9999 0.0693650259378625 0.070020195445325 0.0622541452232488 0.0379969455631164 0.0404423743722881 0.0636415738189743 0.061851474227853 0.0728813115476969 0.109709620107667 0.144451050776334 0.0378518072664576 0.0655585557061681 0.200634134372634 0.168419214017318 0.139904213852274 0.127161961828366 0.0774511894736268 0.0358236626773872 0.0406322259346139 -9999 -9999 -9999 -9999 -9999 -9999 -9999 -9999 -9999 -9999 -9999 -9999 -9999 -9999 0.0508944908174518 0.0727109392036804 0.0890017111361956 -9999 -9999 -9999 -9999 -9999 -9999 -9999 -9999 -9999
-9999 -9999 -9999 0.0735792619088052 0.0805669245620714 0.0557546695736546 0.052049399519971 0.0496310651806934 0.0410790580332784 0.0982150582250606 0.0892299300714429 0.085797153504586 0.037738959795976 0.0543253110489815 0.0382992167075751 0.0455525020394054 0.0775748629536682 0.188696799311746 0.148157811949067 0.224740304646602 0.0701264660309474 0.0381844553748506 -9999 -9999 -9999 -9999 -9999 -9999 -9999 -9999 -9999 -9999 -9999 -9999 -9999 -9999 -9999 -9999 0.064312332203128 0.0889189068024898 -9999 -9999 -9999 -9999 -9999 -9999 -9999 -9999 -9999
