Scripts_&_data/BRT_projection_files/BRT_CCV/B_lapidarius_2_projection.asc
NCOLS 79 
NROWS 71 
XLLCORNER -10.5 
YLLCORNER 36 
CELLSIZE 0.5 
NODATA_value -9999 
[rows 44 to 65 of 71, columns 0 to 48 of 79]
-9999 -9999 -9999 -9999 -9999 -9999 -9999 -9999 -9999 -9999 -9999 -9999 -9999 -9999 -9999 -9999 -9999 -9999 0.829271815924924 0.836197243878121 0.860405008094195 0.854297869049746 0.826258012429166 0.878864408234299 0.817953853125666 0.843052315399352 0.819544960833102 0.838705714711573 0.800823853822214 0.664834883480802 0.862634152035444 0.861006215898822 0.872735098749001 0.88686028626634 0.924402447652112 0.930684915720085 0.922375428921864 0.904135709432571 0.924586072293094 0.910132171215248 0.877935743622761 0.876729670330266 0.913257368451549 0.929759776669706 0.825674714361609 0.903192324650073 0.850132078760803 0.813522860679296 0.783376445727349
-9999 -9999 -9999 -9999 -9999 -9999 -9999 -9999 -9999 -9999 -9999 -9999 -9999 -9999 0.789621436865334 -9999 -9999 -9999 0.872004674762824 0.903901205718665 0.90068569650259 0.892110045004976 0.846575500963516 0.562385935738298 0.874994364668258 0.731241396350903 0.742947081485919 0.605791234875003 0.556299513140416 0.575306486209517 0.673636019996123 0.855640656706977 0.797614535778219 0.906643142617984 0.817864826832826 0.868645236915331 0.887240554801611 0.900602749290822 0.93181425205029 0.937834119810638 0.899248992071409 0.914176035825347 0.876211588421442 0.909853340203869 0.863158845757675 0.888667003138532 0.873847223718026 0.8730663294897 0.856732875673895
-9999 -9999 -9999 -9999 -9999 -9999 -9999 -9999 -9999 -9999 -9999 -9999 0.820193658326537 0.862090783345614 0.875181962516862 0.853317469270123 0.794758306289903 0.858580638900706 0.806203082460362 0.868170188557894 0.878213286112241 0.788140631864775 0.847676782627826 0.603032685578463 0.594944621279015 0.731150239692289 0.808902217252399 0.802271400468175 0.699777594366888 0.798907414614937 0.717464912086984 0.842949919372891 0.865370399635836 0.836260379721182 0.847168227466831 0.896173324021946 0.891325639354126 0.87011464145823 0.905098384806737 0.914033354216036 0.910656700704586 0.920624787539929 0.922320053443014 0.929740183387478 0.929559834314887 0.869820680948258 0.907158747168984 0.918857013398339 0.908059824671196
-9999 -9999 -9999 -9999 -9999 -9999 -9999 -9999 -9999 -9999 -9999 -9999 -9999 -9999 0.777309313781408 0.848959360814761 0.875626598920139 0.860036500337856 0.871141414993238 0.807684111879541 0.833128577988515 0.726211195056496 0.818485651414718 0.800915613978833 0.715470507479188 0.545107740216739 0.836595708154472 0.815526336431601 0.795036121045543 0.76300734785046 0.717160561108398 0.864126211784902 0.851842629414574 0.833467983429028 0.870130697582221 0.884983035071072 0.900083713374119 0.881061117765495 0.920762402745141 0.929071447426377 0.922919277281421 0.924974040122953 0.894268258644786 0.870662376970534 0.852087478995773 0.915335451102478 0.852306506548762 0.917594532987277 0.839272373023163
-9999 -9999 -9999 -9999 -9999 -9999 -9999 -9999 -9999 -9999 -9999 -9999 -9999 -9999 -9999 -9999 -9999 0.871301151244865 0.863408609380932 0.863465404095113 0.81183958656761 0.739461317453129 0.867838829350816 0.818802512540241 0.62711104943759 0.6999783683415 0.82928134504982 0.69453466360523 0.721395513274921 0.700439136044694 0.731528113124961 0.823136116512565 0.78830167635428 0.850024347316447 0.883537572493966 0.927062303528515 0.939957064915068 0.941532879034095 0.929993966945685 0.885325909854231 0.856319620926801 0.717297333181412 0.766926252921821 0.903607552663332 0.910424002635333 0.908230810723523 0.8762013681543 0.848757084355092 0.821507224413617
-9999 -9999 -9999 -9999 -9999 -9999 -9999 -9999 -9999 -9999 -9999 -9999 -9999 -9999 -9999 -9999 -9999 0.662710625284846 0.6932799966973 0.85684916884054 0.787788231739003 0.620275057425668 0.730962467505355 0.818661525825788 0.831653332455334 0.839562291033172 0.82356989917256 0.72905509452506 0.757428049516881 0.876240903845471 0.783653753655099 0.668491596358536 0.775430747224163 0.817934382738063 0.937721122256256 0.926800044330278 0.923271752125172 0.871572558561389 0.875333413485068 0.712988673507586 0.893903390574238 0.67497458168172 0.642701135188621 0.855926418586516 0.721693002647239 0.586537054263717 0.849241182292289 0.826035935071504 0.832010987458314
-9999 -9999 -9999 -9999 -9999 -9999 -9999 -9999 -9999 -9999 -9999 -9999 -9999 -9999 -9999 -9999 -9999 -9999 -9999 0.504820519140648 0.674564462542843 0.630564165356058 0.853441632151415 0.778751354150066 0.689435727488539 0.836918137359835 0.847540456948208 0.801940520999129 0.793604791906628 0.836246739733959 0.796787063518259 0.76071330014087 0.848925006805429 0.931220531448936 0.894916551642286 0.851982375271819 0.720638666759777 0.866102012271735 0.840625388240565 0.888888077066488 0.799762866779567 0.745083328310953 0.465594209753459 0.904890641650077 0.760475740005658 0.794947227587404 0.801268344299607 0.87599512855184 0.84809478415985
-9999 -9999 -9999 -9999 -9999 -9999 -9999 -9999 -9999 -9999 -9999 -9999 -9999 -9999 -9999 -9999 -9999 -9999 -9999 0.652978623466641 0.497100139417508 0.677701604753147 0.659511373711804 0.727889492340546 0.821162774447458 0.828074213231073 0.836241150634722 0.879857368959274 0.833817130425266 0.869124498177133 0.884604320096973 0.793860187927147 0.873343777501991 0.909096258081979 0.784697344867931 0.885279299669471 0.906471777311554 0.885115635516682 0.852940592373487 0.868004335140809 0.915591366268103 0.917489926988842 0.866971555999823 0.903864645345186 0.9188012187713 0.841901196240892 0.494018149829928 -9999 0.585271879177499
-9999 -9999 -9999 -9999 -9999 -9999 -9999 -9999 -9999 -9999 -9999 -9999 -9999 -9999 -9999 -9999 -9999 -9999 -9999 0.340816928645002 0.615270633885152 0.435656869885674 0.499502476605715 0.749906732544506 0.666889302836165 0.835797575832072 0.83602294892601 0.816348417582635 0.864135666093152 0.903900190176757 0.731757800071509 0.688512842077118 0.866299313157898 0.782419602286035 0.829141007230082 0.874451682810941 0.590057798939308 0.386889256077631 0.38873903211276 0.585235636484252 0.387920584095151 0.384048959275913 0.559709410027833 0.411341042676465 0.57214429538619 -9999 -9999 -9999 0.445347105280658
-9999 -9999 -9999 -9999 -9999 -9999 -9999 -9999 -9999 -9999 -9999 -9999 -9999 -9999 -9999 -9999 -9999 -9999 -9999 0.5879987945905 0.45172151400601 0.4255878836931 0.334995343104547 0.418415226984711 0.758303249360737 0.741623201445299 0.836698581826913 0.862731413398313 0.852454147526892 0.843538756547189 0.576337919900521 0.773101739065447 0.792281948689136 0.867019524911122 0.837560610775148 0.897786661456727 0.517048664030896 0.525600575797874 0.588978982021172 0.83451161813181 0.750537838508368 0.682872250708502 0.585116877020883 0.21745617578245 0.188218350283753 0.193345469640757 -9999 -9999 -9999
-9999 -9999 -9999 -9999 -9999 -9999 -9999 -9999 -9999 -9999 -9999 -9999 -9999 -9999 -9999 -9999 -9999 -9999 0.441093918178719 0.417879541604627 0.399088264789737 0.40373222179468 0.600878921047628 0.596271619989613 0.460061201667584 0.847240167541747 0.897461949149329 0.852464282683813 0.826511054943931 0.505842784170604 0.436251514979058 0.733634395919467 0.834758620714543 0.809758637950811 0.839052709799656 0.868134411822667 0.83414553929253 0.528221135915655 -9999 -9999 0.562135953078142 0.892061307566762 0.855511637351687 0.887051617604514 0.493784440939327 0.291773111704455 -9999 -9999 -9999
-9999 -9999 -9999 -9999 -9999 -9999 -9999 -9999 -9999 -9999 -9999 -9999 -9999 -9999 -9999 -9999 -9999 -9999 0.438628349092963 0.385197702185932 0.592524469149006 0.440291999778832 0.227964449808498 0.356873512081128 0.580200981248252 0.597701248896351 0.69943870548482 0.59769033197067 0.442692559238518 0.415794988412965 0.248181149060645 0.46960737189773 0.512817622529985 0.76877037150461 0.786133773477347 0.58925044769498 -9999 -9999 -9999 -9999 -9999 -9999 0.64112802025641 0.56412041535733 0.837727841875929 0.77194889465989 0.596439976104716 -9999 -9999
-9999 -9999 -9999 0.488519932492608 0.248728812459374 0.404366357206934 0.616963710780092 0.710085009641813 0.831836256524827 0.856985694829111 0.833493596567213 0.837466305438326 0.629958499765396 0.653462063689083 0.413654899721801 0.296347953846343 0.523852985288245 0.366618274463222 0.615437523512797 0.466001696160871 0.464053306690485 0.428638483343749 0.609872705983815 0.518148613712562 0.601624599193541 0.475870596544136 0.369058757537686 0.425995467397772 -9999 -9999 -9999 -9999 0.434454799464744 0.497115483265123 -9999 -9999 -9999 -9999 -9999 -9999 -9999 -9999 0.375425281992299 0.402073836474162 0.518720251317205 0.601713174201058 0.744559137827945 0.617346158531115 0.237226560799645
-9999 -9999 -9999 0.219763097898251 0.160127777391106 0.574274186049817 0.69999931717726 0.792582129987599 0.752223015160502 0.723180595543818 0.651034850473539 0.853639583147725 0.87707264262544 0.867128437432069 0.866085147592574 0.844605763923204 0.858620274540577 0.687557942575254 0.468151889836253 0.851466611362189 0.798624439609045 0.675315661697111 0.731111558932916 0.706767734413581 0.870465302487087 0.804052131433075 0.480958954811726 -9999 -9999 -9999 -9999 -9999 -9999 -9999 -9999 -9999 -9999 -9999 -9999 -9999 -9999 -9999 -9999 0.434308714482248 0.351853322612497 0.437863564913855 0.432948845618706 0.849520636797319 0.53311446682305
-9999 -9999 -9999 -9999 0.245072561493218 0.45387200992362 0.558932687323868 0.517046259856299 0.666958475569607 0.202656886487371 0.155211300864148 0.1832916500485 0.154285979396058 0.373585967893518 0.758904052236915 0.775130394211844 0.775551276209702 0.195701649417176 0.276244738311271 0.341906181203107 0.357151422162567 0.182439279826455 0.638174990840521 0.760621408824121 0.713522695948799 0.813487138227318 0.248706075347395 0.120359702056832 -9999 -9999 -9999 -9999 -9999 -9999 -9999 -9999 -9999 -9999 -9999 -9999 -9999 -9999 -9999 -9999 0.443760399946096 0.579997846355232 0.449787160007127 0.857488600871977 0.772315845895765
-9999 -9999 -9999 0.464122902768867 0.764123293883585 0.804720096366586 0.738231462906161 0.641667624943336 0.132949423165369 0.208969474003288 0.142489191333707 0.194023202787605 0.175959068595823 0.343009990135987 0.316268701525655 0.344673673303104 0.613150743538513 0.31156338206298 0.0885348997460245 0.0956603134441824 0.101396735288568 0.144648819862383 0.167979225608818 0.199460658409734 0.280386009330828 0.222576626844578 0.170904723703883 -9999 -9999 -9999 -9999 -9999 -9999 -9999 -9999 -9999 -9999 -9999 -9999 -9999 -9999 -9999 -9999 -9999 -9999 -9999 0.614405620608265 0.467214084837934 0.457914778180271
-9999 -9999 -9999 -9999 0.517180156881597 0.781904512096778 0.209060818579089 0.127633727800154 0.175935258414464 0.252331839494869 0.155418540609422 0.154408496606685 0.135151094369339 0.519814556557688 0.615056478286835 0.315215010881746 0.541592693994453 0.499863313948889 0.286046013566389 0.0846205755938721 0.0910980331648384 0.128882680861372 0.101456768802551 0.118923796947566 0.144830639199877 -9999 -9999 -9999 -9999 -9999 -9999 -9999 -9999 -9999 -9999 -9999 -9999 -9999 -9999 -9999 -9999 -9999 -9999 -9999 -9999 -9999 -9999 -9999 0.426905894356491
-9999 -9999 -9999 -9999 0.445076441700112 0.507405992756535 0.240654897056857 0.132523237698092 0.12891387972263 0.252381895401336 0.403599245966519 0.4342092626596 0.719312935738098 0.499898577416076 0.171626881054624 0.119408762418251 0.368466517860109 0.604585195741557 0.690389441708793 0.55306522289062 0.162482370243187 0.0954355240790312 0.129630995580145 -9999 -9999 -9999 -9999 -9999 -9999 -9999 -9999 -9999 -9999 -9999 -9999 -9999 -9999 0.197019291889696 0.454282671683386 0.435405050976809 -9999 -9999 -9999 -9999 -9999 -9999 -9999 -9999 -9999
-9999 -9999 -9999 0.406121278240904 0.431928038875942 0.463460418953646 0.347905126884556 0.309548970667531 0.354626258572814 0.513276017542865 0.519277910303799 0.429041285128118 0.150504898923869 0.139733209489281 0.135825324652884 0.157358537791815 0.164722873865022 0.530435348925525 0.591441737027563 0.651193808266359 0.15251733755391 0.114287412981658 -9999 -9999 -9999 -9999 -9999 -9999 -9999 -9999 -9999 -9999 -9999 -9999 -9999 -9999 -9999 -9999 0.549480768672945 0.38615772892429 -9999 -9999 -9999 -9999 -9999 -9999 -9999 -9999 -9999
-9999 -9999 -9999 0.26946852089197 0.314328798408785 0.292389876218519 0.105539589666228 0.106445157387064 0.227918101696443 0.241287868976027 0.207952676586535 0.116918085949905 0.141938534816456 0.10251403240692 0.0858577092923669 0.145741428480879 0.153184005441958 0.1342337030666 0.125103242792824 0.124332869135865 0.145566775163455 -9999 -9999 -9999 -9999 -9999 -9999 -9999 -9999 -9999 -9999 -9999 -9999 -9999 -9999 -9999 -9999 -9999 0.50505385261797 0.364564755674947 -9999 -9999 -9999 -9999 -9999 -9999 -9999 -9999 -9999
-9999 -9999 0.223030602394957 0.112773610056896 0.117007718552075 0.20599899375254 0.107549977460981 0.097967711795215 0.117180938711906 0.107036749067989 0.100551298924379 0.112113621812846 0.121378638115103 0.127256156113107 0.101419127321614 0.15667261747565 0.115192568934459 0.107543988784382 0.114053503259179 0.112925012584764 -9999 -9999 -9999 -9999 -9999 -9999 -9999 -9999 -9999 -9999 -9999 -9999 -9999 -9999 -9999 -9999 -9999 -9999 0.167690531655204 0.223312885385413 -9999 -9999 -9999 -9999 -9999 -9999 -9999 -9999 -9999
-9999 -9999 0.165727202905793 0.112996840909749 0.102395012251215 0.143552794744543 0.160711479210866 0.165674022690791 0.176000170404874 0.148508198894497 0.129547345184235 0.139070992662008 0.157883434540246 0.157049528358555 0.196071521522054 0.153079083798151 0.120439502332757 0.133850470456144 0.0852375102148429 0.0685851654466371 0.0900372812086908 -9999 -9999 -9999 -9999 -9999 -9999 -9999 -9999 -9999 -9999 -9999 -9999 -9999 -9999 -9999 -9999 -9999 -9999 -9999 -9999 -9999 -9999 -9999 -9999 -9999 -9999 -9999 -9999
