Scripts_&_data/BRT_projection_files/BRT_CCV/B_lapponicus_1_projection.asc
NCOLS 79 
NROWS 71 
XLLCORNER -10.5 
YLLCORNER 36 
CELLSIZE 0.5 
NODATA_value -9999 
[rows 42 to 62 of 71, columns 0 to 47 of 79]
-9999 -9999 -9999 -9999 -9999 -9999 -9999 -9999 -9999 -9999 0.0109736757264418 -9999 -9999 0.0109736757264418 -9999 -9999 -9999 -9999 -9999 -9999 -9999 -9999 -9999 -9999 0.0109736757264418 0.0109736757264418 0.0109736757264418 0.0109736757264418 0.0109787243247228 0.0109736757264418 0.0109736757264418 0.0109736757264418 0.0110034939870733 0.0110034939870733 0.0110034939870733 0.0109736757264418 0.0109736757264418 0.0109736757264418 0.0109736757264418 0.0110034939870733 0.0109736757264418 0.0109736757264418 0.0109736757264418 0.0109736757264418 0.0109736757264418 0.0109736757264418 0.0109736757264418 0.0109736757264418
-9999 -9999 -9999 -9999 -9999 -9999 -9999 -9999 -9999 -9999 -9999 -9999 -9999 -9999 -9999 -9999 -9999 -9999 -9999 -9999 -9999 -9999 0.0109736757264418 0.0109736757264418 0.0109736757264418 0.0109736757264418 0.0109736757264418 0.0109736757264418 0.0109736757264418 0.0109736757264418 0.0110034939870733 0.0109736757264418 0.0110034939870733 0.0109736757264418 0.0110034939870733 0.0109736757264418 0.0109736757264418 0.0109736757264418 0.0109736757264418 0.0109736757264418 0.0109736757264418 0.0109736757264418 0.0109736757264418 0.0109736757264418 0.0109736757264418 0.0109736757264418 0.0109789340658441 0.0109716073419671
-9999 -9999 -9999 -9999 -9999 -9999 -9999 -9999 -9999 -9999 -9999 -9999 -9999 -9999 -9999 -9999 -9999 -9999 0.0109736757264418 0.0109736757264418 0.0109736757264418 0.0109736757264418 0.0109736757264418 0.0109736757264418 0.0109736757264418 0.0109736757264418 0.0109736757264418 0.0109736757264418 0.0109736757264418 0.0109736757264418 0.0109736757264418 0.0109787243247228 0.0109736757264418 0.0109319027171856 0.0109736757264418 0.0109736757264418 0.0109736757264418 0.0109736757264418 0.0109736757264418 0.0109736757264418 0.0109736757264418 0.0109736757264418 0.0109736757264418 0.0109736757264418 0.0109736757264418 0.0109736757264418 0.0109736757264418 0.0109736757264418
-9999 -9999 -9999 -9999 -9999 -9999 -9999 -9999 -9999 -9999 -9999 -9999 -9999 -9999 0.0109736757264418 -9999 -9999 -9999 0.0109736757264418 0.0109736757264418 0.0109736757264418 0.0109736757264418 0.0109736757264418 0.0109736757264418 0.0109736757264418 0.0112894472029367 0.0109736757264418 0.0109736757264418 0.0109736757264418 0.0109736757264418 0.0109736757264418 0.0109736757264418 0.0109853316774127 0.0109736757264418 0.0109736757264418 0.0109736757264418 0.0109736757264418 0.0109736757264418 0.0109736757264418 0.0112850552025256 0.0109736757264418 0.0109736757264418 0.0109736757264418 0.0109736757264418 0.0109736757264418 0.0109736757264418 0.0109736757264418 0.0109787243247228
-9999 -9999 -9999 -9999 -9999 -9999 -9999 -9999 -9999 -9999 -9999 -9999 0.0109736757264418 0.0109736757264418 0.0109736757264418 0.0109736757264418 0.0109736757264418 0.0109736757264418 0.0109736757264418 0.0109736757264418 0.0109736757264418 0.0109736757264418 0.0109736757264418 0.0109736757264418 0.0109736757264418 0.0109736757264418 0.0109736757264418 0.0109736757264418 0.0109736757264418 0.0109736757264418 0.0109736757264418 0.0109789340658441 0.0109319027171856 0.0109736757264418 0.010967816919067 0.0109736757264418 0.0109736757264418 0.0110100550346956 0.0109818978130462 0.0109736757264418 0.0109736757264418 0.0109736757264418 0.0109736757264418 0.0109736757264418 0.0109736757264418 0.0109736757264418 0.0109736757264418 0.0109736757264418
-9999 -9999 -9999 -9999 -9999 -9999 -9999 -9999 -9999 -9999 -9999 -9999 -9999 -9999 0.0109736757264418 0.0109736757264418 0.0109736757264418 0.0109736757264418 0.0109736757264418 0.0109736757264418 0.0109736757264418 0.0109736757264418 0.0109736757264418 0.0109736757264418 0.0109736757264418 0.0109736757264418 0.0109736757264418 0.0109736757264418 0.0109736757264418 0.0109736757264418 0.0109736757264418 0.0109784853979655 0.0109789340658441 0.0110034939870733 0.0109708988825825 0.0110034939870733 0.0109736757264418 0.0110034939870733 0.0109736757264418 0.0109736757264418 0.0109736757264418 0.010967816919067 0.0109736757264418 0.0110034939870733 0.0109976285526079 0.0109976285526079 0.0309735388932858 0.0313883368380372
-9999 -9999 -9999 -9999 -9999 -9999 -9999 -9999 -9999 -9999 -9999 -9999 -9999 -9999 -9999 -9999 -9999 0.0109736757264418 0.0109736757264418 0.0109736757264418 0.0109736757264418 0.0109736757264418 0.0109736757264418 0.0109736757264418 0.0109736757264418 0.0109736757264418 0.0109736757264418 0.0109736757264418 0.0109736757264418 0.0109736757264418 0.0109736757264418 0.0109787243247228 0.0110034939870733 0.0110034939870733 0.0110034939870733 0.0109736757264418 0.0109736757264418 0.010967816919067 0.0109447445111448 0.0121777989882003 0.0311395723236674 0.016712541149348 0.0174282840196622 0.0342504860350991 0.0156118590606669 0.0147293899228452 0.0164290100591308 0.0181379475579476
-9999 -9999 -9999 -9999 -9999 -9999 -9999 -9999 -9999 -9999 -9999 -9999 -9999 -9999 -9999 -9999 -9999 0.0109736757264418 0.0109736757264418 0.0109736757264418 0.0109736757264418 0.0109736757264418 0.0109736757264418 0.0109736757264418 0.0109736757264418 0.0109736757264418 0.0109736757264418 0.0109736757264418 0.0109736757264418 0.0109925945616167 0.0109736757264418 0.0109736757264418 0.0109976285526079 0.0108450495496453 0.0109736757264418 0.0109736757264418 0.030981430355488 0.0197349599012153 0.0166593904998033 0.0165586966360509 0.016829737998427 0.0672191247076327 0.0607829500358522 0.0235451058523327 0.0324136650625945 0.0466930534965113 0.01881556073603 0.0170355768518895
-9999 -9999 -9999 -9999 -9999 -9999 -9999 -9999 -9999 -9999 -9999 -9999 -9999 -9999 -9999 -9999 -9999 -9999 -9999 0.0109736757264418 0.0109736757264418 0.0109736757264418 0.0109736757264418 0.0109736757264418 0.0109736757264418 0.0109736757264418 0.0109736757264418 0.0109736757264418 0.0109736757264418 0.0109736757264418 0.0109736757264418 0.0109736757264418 0.0110041169547532 0.0110034939870733 0.0109976285526079 0.0170972308588369 0.0352115347145454 0.0184186757529107 0.0177148690014994 0.018374951124473 0.0308224693197045 0.0365223681157626 0.0461188418591351 0.0326680287003724 0.0193689840225526 0.0181383235041545 0.0109976285526079 0.012204804321628
-9999 -9999 -9999 -9999 -9999 -9999 -9999 -9999 -9999 -9999 -9999 -9999 -9999 -9999 -9999 -9999 -9999 -9999 -9999 0.0109736757264418 0.0109736757264418 0.0109736757264418 0.0109736757264418 0.0109736757264418 0.0110001183508291 0.0109736757264418 0.0109736757264418 0.0109736757264418 0.0109736757264418 0.0109787243247228 0.0110034939870733 0.0109736757264418 0.0110034939870733 0.0115453544508756 0.0188143706468533 0.0195479798657991 0.0188021694175631 0.0110034939870733 0.0113105531679527 0.0113105531679527 0.010996390354052 0.0110034939870733 0.0110034939870733 0.0110034939870733 0.0109787243247228 0.0112850552025256 0.0160867303640173 -9999
-9999 -9999 -9999 -9999 -9999 -9999 -9999 -9999 -9999 -9999 -9999 -9999 -9999 -9999 -9999 -9999 -9999 -9999 -9999 0.0109736757264418 0.0109736757264418 0.0109736757264418 0.0109736757264418 0.0110034939870733 0.0109995440693903 0.0109962859427653 0.0109976285526079 0.0109736757264418 0.0110034939870733 0.0110034939870733 0.0110034939870733 0.0109736757264418 0.0109696625175803 0.0166280125067653 0.0199585789745362 0.0333530762008223 0.0109736757264418 0.0112850552025256 0.0144320311563667 0.0137459722927935 0.0112850552025256 0.0163585510527056 0.0144756498821514 0.0112850552025256 0.0112850552025256 -9999 -9999 -9999
-9999 -9999 -9999 -9999 -9999 -9999 -9999 -9999 -9999 -9999 -9999 -9999 -9999 -9999 -9999 -9999 -9999 -9999 -9999 0.0112850552025256 0.0109736757264418 0.0109736757264418 0.0109736757264418 0.0109736757264418 0.0109736757264418 0.0110034939870733 0.010996390354052 0.0110034939870733 0.0110034939870733 0.0110032899025361 0.0110034939870733 0.0110034939870733 0.0149839335067388 0.0162511418866957 0.0182490781281019 0.0109996634791261 0.0109736757264418 0.0109736757264418 0.0112903892871064 0.0110034939870733 0.0109319027171856 0.0109736757264418 0.0112850552025256 0.0168689475671512 0.0168413672906444 0.0116277649985668 -9999 -9999
-9999 -9999 -9999 -9999 -9999 -9999 -9999 -9999 -9999 -9999 -9999 -9999 -9999 -9999 -9999 -9999 -9999 -9999 0.0169855533065019 0.0109736757264418 0.0109736757264418 0.0109736757264418 0.0109736757264418 0.0109736757264418 0.0109736757264418 0.0109736757264418 0.0109736757264418 0.0110034939870733 0.0120738752737464 0.0110034939870733 0.0110034939870733 0.0110034939870733 0.0110034939870733 0.0109995440693903 0.0175417992036112 0.0113643902464777 0.0109736757264418 0.0115996608437545 -9999 -9999 0.0119313583192372 0.0116305492534955 0.0109665860927062 0.0109736757264418 0.0109736757264418 0.0112850552025256 -9999 -9999
-9999 -9999 -9999 -9999 -9999 -9999 -9999 -9999 -9999 -9999 -9999 -9999 -9999 -9999 -9999 -9999 -9999 -9999 0.0110034939870733 0.0109996634791261 0.0109736757264418 0.0109736757264418 0.0109736757264418 0.0109736757264418 0.0109736757264418 0.0109736757264418 0.0110034939870733 0.0110034939870733 0.0110034939870733 0.0109736757264418 0.0109736757264418 0.0110034939870733 0.0110034939870733 0.0109995440693903 0.0115381319921417 0.0164750243523636 -9999 -9999 -9999 -9999 -9999 -9999 0.0109736757264418 0.0109736757264418 0.0109736757264418 0.0109736757264418 0.0109736757264418 -9999
-9999 -9999 -9999 0.0115849291374499 0.0113643902464777 0.0109995440693903 0.0109781663652162 0.0152164751245407 0.0116861169440796 0.0115936766002072 0.011651753331716 0.0119289881245804 0.0117922018288514 0.011634566374448 0.0112504021066867 0.0118365359596169 0.0118120633970024 0.0114086192570161 0.0109976285526079 0.0109976285526079 0.0109736757264418 0.0109736757264418 0.0109736757264418 0.0109736757264418 0.0109736757264418 0.0109736757264418 0.0109736757264418 0.0109736757264418 -9999 -9999 -9999 -9999 0.0116780447174904 0.0116298704102589 -9999 -9999 -9999 -9999 -9999 -9999 -9999 -9999 0.0109736757264418 0.0109736757264418 0.0109736757264418 0.0109736757264418 0.0109736757264418 0.0109736757264418
-9999 -9999 -9999 0.0113504556013217 0.0110092279824785 0.0110034939870733 0.0109767590529711 0.0115573805321002 0.0109781663652162 0.0110034939870733 0.0110034939870733 0.0110034939870733 0.0109894819993017 0.0110034939870733 0.0109894819993017 0.0110034939870733 0.0110034939870733 0.0109996634791261 0.0110034939870733 0.0109976285526079 0.0153532830823331 0.0160608980117453 0.0109736757264418 0.0109736757264418 0.0109736757264418 0.0112504021066867 0.0109736757264418 -9999 -9999 -9999 -9999 -9999 -9999 -9999 -9999 -9999 -9999 -9999 -9999 -9999 -9999 -9999 -9999 0.0109736757264418 0.0109736757264418 0.0109736757264418 0.0109736757264418 0.0109736757264418
-9999 -9999 -9999 -9999 0.0112143215731761 0.0110001183508291 0.0115457443009222 0.0113260339246442 0.0110034939870733 0.010965389076481 0.010965389076481 0.010965389076481 0.010965389076481 0.0109736757264418 0.0109736757264418 0.0109736757264418 0.0110034939870733 0.010965389076481 0.0109965180658302 0.0109319027171856 0.0109319027171856 0.0110034939870733 0.0110034939870733 0.0110230358625606 0.0110092279824785 0.0109736757264418 0.0109736757264418 0.0109736757264418 -9999 -9999 -9999 -9999 -9999 -9999 -9999 -9999 -9999 -9999 -9999 -9999 -9999 -9999 -9999 -9999 0.0109736757264418 0.0109736757264418 0.0109736757264418 0.0110034939870733
-9999 -9999 -9999 0.0112543603441285 0.0112083215134109 0.0111772887338317 0.0110034939870733 0.0110034939870733 0.0109736757264418 0.010965389076481 0.0108950957165278 0.010971378711319 0.010965389076481 0.010965389076481 0.0109736757264418 0.0109736757264418 0.0109716073419671 0.0109488320201168 0.010886556416595 0.010886556416595 0.010971378711319 0.010971378711319 0.010965389076481 0.0109716073419671 0.0110034939870733 0.0113005367892075 0.0112850552025256 -9999 -9999 -9999 -9999 -9999 -9999 -9999 -9999 -9999 -9999 -9999 -9999 -9999 -9999 -9999 -9999 -9999 -9999 -9999 0.0109736757264418 0.0109818978130462
-9999 -9999 -9999 -9999 0.0109976285526079 0.0113307998141877 0.0109736757264418 0.0109736757264418 0.0109736757264418 0.0108950957165278 0.010886556416595 0.0108950957165278 0.0109488320201168 0.0109736757264418 0.0109885767332529 0.010965389076481 0.010965389076481 0.010971378711319 0.0108950957165278 0.010886556416595 0.010886556416595 0.010886556416595 0.010965389076481 0.0109965180658302 0.0109736757264418 -9999 -9999 -9999 -9999 -9999 -9999 -9999 -9999 -9999 -9999 -9999 -9999 -9999 -9999 -9999 -9999 -9999 -9999 -9999 -9999 -9999 -9999 -9999
-9999 -9999 -9999 -9999 0.0131600122372191 0.011321490056925 0.0109736757264418 0.0109736757264418 0.0109736757264418 0.0109716073419671 0.0109716073419671 0.010965389076481 0.0109736757264418 0.0109736757264418 0.010965389076481 0.010965389076481 0.0116157440158001 0.0109885767332529 0.010965389076481 0.0109488320201168 0.010965389076481 0.0109965180658302 0.0109965180658302 -9999 -9999 -9999 -9999 -9999 -9999 -9999 -9999 -9999 -9999 -9999 -9999 -9999 -9999 0.0109736757264418 0.0109736757264418 0.0109736757264418 -9999 -9999 -9999 -9999 -9999 -9999 -9999 -9999
-9999 -9999 -9999 0.0113156868853635 0.014194753008296 0.0144376360182755 0.0109736757264418 0.0109736757264418 0.0109736757264418 0.0109736757264418 0.0109736757264418 0.0109736757264418 0.0109965180658302 0.010971378711319 0.010965389076481 0.0109965180658302 0.0109736757264418 0.0115491329105049 0.0108950957165278 0.010965389076481 0.0109716073419671 0.0109965180658302 -9999 -9999 -9999 -9999 -9999 -9999 -9999 -9999 -9999 -9999 -9999 -9999 -9999 -9999 -9999 -9999 0.0109736757264418 0.0109736757264418 -9999 -9999 -9999 -9999 -9999 -9999 -9999 -9999
