Scripts_&_data/BRT_projection_files/BRT_CCV/B_lapidarius_1_projection.asc
NCOLS 79 
NROWS 71 
XLLCORNER -10.5 
YLLCORNER 36 
CELLSIZE 0.5 
NODATA_value -9999 
[rows 44 to 65 of 71, columns 0 to 48 of 79]
-9999 -9999 -9999 -9999 -9999 -9999 -9999 -9999 -9999 -9999 -9999 -9999 -9999 -9999 -9999 -9999 -9999 -9999 0.733736918721884 0.765320922033893 0.802791472773482 0.755458952809151 0.779572872096428 0.797501800816572 0.804071973326131 0.791500055423576 0.799658956245896 0.793090904786572 0.79664007083713 0.768697605769535 0.816298317103989 0.829449218866232 0.811037621036468 0.833023141303428 0.826823231370485 0.844113745651155 0.844208991215548 0.796374367975551 0.829329548748933 0.824183189251308 0.811859566428697 0.796881758066883 0.818519385117877 0.820162241180433 0.822267205452113 0.82401420618227 0.801630848354657 0.882243767686902 0.72359000603589
-9999 -9999 -9999 -9999 -9999 -9999 -9999 -9999 -9999 -9999 -9999 -9999 -9999 -9999 0.752010731781085 -9999 -9999 -9999 0.799049961519982 0.843440397436287 0.827436268942702 0.793066714513295 0.837485095571898 0.789799276101291 0.779164252531344 0.694972042558641 0.746979212717473 0.794149637612227 0.789087304285107 0.755623269621862 0.758964360040608 0.83679516033894 0.816731469523963 0.833423901537349 0.847080643672528 0.84573699687355 0.794664017897942 0.838454483564346 0.808930012421646 0.825471091303085 0.828033899527801 0.810796543194489 0.819012120780214 0.825015664023886 0.825719336150161 0.824130764671278 0.82198747807753 0.826697552138719 0.844749713714972
-9999 -9999 -9999 -9999 -9999 -9999 -9999 -9999 -9999 -9999 -9999 -9999 0.793957483468187 0.788915175363923 0.788381880956028 0.762126378463107 0.754157507807018 0.789368704519837 0.74348974930341 0.736820181509576 0.804846815337024 0.803945214110323 0.804139088024704 0.70995593684099 0.7110979552474 0.779481996827013 0.784937770298684 0.754989403540538 0.781304298029172 0.796514920979055 0.80245849393049 0.84119805327285 0.849714823476402 0.846525238457051 0.842118871855157 0.838074938459681 0.830459323231965 0.856851679358441 0.8122253148768 0.811234352750605 0.790905112630384 0.810263108502766 0.812871379305272 0.815248342990776 0.824669651327162 0.821143543160645 0.81999758611272 0.837242301523871 0.805207649606991
-9999 -9999 -9999 -9999 -9999 -9999 -9999 -9999 -9999 -9999 -9999 -9999 -9999 -9999 0.677873500221017 0.764728725564003 0.718858211788733 0.759227942844148 0.750608057082626 0.743849477761888 0.787156272506425 0.788519316412185 0.799345925817695 0.794569334669215 0.784483048231558 0.788585111036901 0.765728031631091 0.798149537011103 0.794908254050285 0.82134955380464 0.836922360413404 0.81769274050762 0.819497776368914 0.860525273333609 0.855985641550245 0.857799966421435 0.774982246613679 0.852861429973301 0.834786853199076 0.818270103349159 0.704743121051137 0.648457860810692 0.81805014755869 0.862473243572003 0.85704754305402 0.84243981018855 0.863179886992163 0.867666782148657 0.840287418841722
-9999 -9999 -9999 -9999 -9999 -9999 -9999 -9999 -9999 -9999 -9999 -9999 -9999 -9999 -9999 -9999 -9999 0.742537797551401 0.763507990515906 0.780679725034356 0.766951771104763 0.783083283853906 0.792554968453471 0.789707574512618 0.789354755782566 0.78302146086035 0.780252415649876 0.79943470456697 0.816695971691505 0.850915554801768 0.805211242596258 0.78001782444041 0.830014997218383 0.858050022553479 0.854639699207202 0.836450398269724 0.831371738382851 0.763846102899403 0.828454477469136 0.810986302105128 0.81301710912816 0.653343644297821 0.824026284356284 0.867523564403753 0.828683230352635 0.839602997845126 0.784323444639211 0.845744583510074 0.851930639361722
-9999 -9999 -9999 -9999 -9999 -9999 -9999 -9999 -9999 -9999 -9999 -9999 -9999 -9999 -9999 -9999 -9999 0.742394880213442 0.732865022733386 0.748648240264439 0.74636251255058 0.783613808119009 0.77929116235136 0.749303662866635 0.784658413545431 0.739639441130995 0.786897136698442 0.799522899990802 0.810446933653947 0.851141007933437 0.800744983034493 0.80687647494506 0.855245187228346 0.858215000776732 0.834228716565184 0.831541415186786 0.827927880087861 0.823368357179858 0.680779933712752 0.683960343053966 0.6683454213227 0.724195275390695 0.780812484195045 0.858169246557672 0.686991687958232 0.813627607659698 0.834082489330414 0.872758312248276 0.851381156888988
-9999 -9999 -9999 -9999 -9999 -9999 -9999 -9999 -9999 -9999 -9999 -9999 -9999 -9999 -9999 -9999 -9999 -9999 -9999 0.752817928582189 0.750867596496485 0.714918596708949 0.758210518631971 0.795394811111717 0.816808625049476 0.831102874240492 0.824035262921458 0.806658678559344 0.8155932782546 0.844404248915338 0.815019324517901 0.809962456487433 0.845938959731913 0.81714598898079 0.835366569491736 0.793401942612268 0.761916543904751 0.856398788068872 0.861018570689798 0.862261857403586 0.815109419580077 0.810838236395815 0.696424970030148 0.86358359462734 0.738664621036228 0.859172303716786 0.842256387080331 0.753176310315201 0.677776842479094
-9999 -9999 -9999 -9999 -9999 -9999 -9999 -9999 -9999 -9999 -9999 -9999 -9999 -9999 -9999 -9999 -9999 -9999 -9999 0.773613975720937 0.708375510041847 0.789308688613438 0.78439730579814 0.812263271287479 0.862712946007885 0.842089231834078 0.839766177255728 0.837086320573439 0.836371696506927 0.808136496345052 0.764477312908062 0.794021592336652 0.861029969836337 0.832525923311363 0.866730985440072 0.787215332088216 0.772576362055785 0.859701088876585 0.665272968976856 0.69094686340767 0.857101082643956 0.839753129383011 0.858941025289301 0.847219149473001 0.831676843499877 0.703394996495715 0.691816090980636 -9999 0.534046403651506
-9999 -9999 -9999 -9999 -9999 -9999 -9999 -9999 -9999 -9999 -9999 -9999 -9999 -9999 -9999 -9999 -9999 -9999 -9999 0.785172485967249 0.791432198716023 0.753986358897856 0.789863492561786 0.792766126641561 0.822485524285639 0.8630291702767 0.855170643169667 0.826336378240277 0.836951296394792 0.857300949043545 0.826688654998358 0.807298728995035 0.866621964857238 0.864208397984854 0.815609634739366 0.844588863817408 0.719365476385533 0.727387332166532 0.718640947766173 0.691929291752242 0.720427436167559 0.724220350635656 0.710021985463074 0.708482891323239 0.707333893075339 -9999 -9999 -9999 0.503031596171138
-9999 -9999 -9999 -9999 -9999 -9999 -9999 -9999 -9999 -9999 -9999 -9999 -9999 -9999 -9999 -9999 -9999 -9999 -9999 0.760165806303723 0.790930458242064 0.789894518456934 0.781574170980933 0.780823669857245 0.744236528710536 0.842933795941915 0.859918026407465 0.85350838392398 0.859219002964836 0.86185369168164 0.80525326174916 0.857404662453227 0.864795693447094 0.847498289779582 0.834375031260018 0.823810908138662 0.734277640913855 0.75483089685789 0.763018887590919 0.856549340255186 0.804496794600334 0.764823129209636 0.67662802122222 0.689752149480995 0.649230708925697 0.476177331371122 -9999 -9999 -9999
-9999 -9999 -9999 -9999 -9999 -9999 -9999 -9999 -9999 -9999 -9999 -9999 -9999 -9999 -9999 -9999 -9999 -9999 0.720932547186544 0.787604317925057 0.783843832895278 0.783500946837743 0.784327093720773 0.783696521956983 0.753085024416882 0.778996938827702 0.79963874595739 0.831971605606012 0.837040509583741 0.812138555035742 0.7332488440782 0.842617866653561 0.861856492199166 0.856352857621582 0.754104040568252 0.858024945627317 0.83015122251495 0.795943793937918 -9999 -9999 0.75541877800026 0.837917128344345 0.843600822690483 0.805400212723252 0.783784282511157 0.616525402765897 -9999 -9999 -9999
-9999 -9999 -9999 -9999 -9999 -9999 -9999 -9999 -9999 -9999 -9999 -9999 -9999 -9999 -9999 -9999 -9999 -9999 0.747677020938124 0.6731005116953 0.670818134256219 0.7480738527297 0.741606362223174 0.798957109308294 0.781075156882896 0.791400394577324 0.823285911424944 0.80207519583509 0.803007868249272 0.588437528808198 0.620978925863728 0.650544896238839 0.803267655835384 0.789824085710213 0.761589069368089 0.708272596909188 -9999 -9999 -9999 -9999 -9999 -9999 0.74785456702176 0.776529521672136 0.838643759280814 0.829632755131867 0.765859962755995 -9999 -9999
-9999 -9999 -9999 0.336435836632338 0.598209263650521 0.672270651553764 0.64723356279352 0.549824799443694 0.72916630233726 0.715050152372168 0.769644692582101 0.764372314887908 0.393685467312606 0.467719299551588 0.530855549640398 0.604979662451729 0.629079575809946 0.635180757179046 0.658787658693811 0.800744040957269 0.721698007787566 0.790093904281694 0.794080303016543 0.791353488361547 0.767053852416054 0.790119611177624 0.752276207863339 0.603711166911215 -9999 -9999 -9999 -9999 0.580351858666262 0.528708813699662 -9999 -9999 -9999 -9999 -9999 -9999 -9999 -9999 0.582211420270275 0.531225999162237 0.750282591766014 0.762490556678597 0.810761209790582 0.766474686775342 0.481453023680627
-9999 -9999 -9999 0.571468412207529 0.625275103164498 0.71473861006187 0.665575708953861 0.780226925433316 0.806532025672323 0.76359217378349 0.783632126022578 0.786464243644812 0.766000116924037 0.778519890993736 0.768317523502981 0.766777218276363 0.790975495128242 0.685186863378366 0.726029469075485 0.775452711814187 0.82471802471652 0.727734845624266 0.800243034266208 0.806591648355734 0.840134100898374 0.805818721177037 0.602410827348769 -9999 -9999 -9999 -9999 -9999 -9999 -9999 -9999 -9999 -9999 -9999 -9999 -9999 -9999 -9999 -9999 0.469219032914998 0.585841148217615 0.598317528315769 0.766083167583577 0.840975094322304 0.764761490708507
-9999 -9999 -9999 -9999 0.605195713198938 0.637192216227961 0.792668782228213 0.798493786017803 0.786568763559233 0.255833406246318 0.25308744407038 0.291265721088988 0.273691082417301 0.53953782095282 0.707556430068252 0.677404917461036 0.728296739397145 0.240863725806245 0.426913222038516 0.677304411940966 0.720744415413888 0.676980024545674 0.749487823534588 0.779740933774845 0.794431477588671 0.790117608905525 0.416788146324444 0.356432163140096 -9999 -9999 -9999 -9999 -9999 -9999 -9999 -9999 -9999 -9999 -9999 -9999 -9999 -9999 -9999 -9999 0.191131672106253 0.582811742938702 0.621314918852465 0.86100263253541 0.846963355420286
-9999 -9999 -9999 0.43538748017866 0.633765966206508 0.708283605022952 0.645847409251426 0.649725345079651 0.478942441682319 0.250131770804682 0.273410768637051 0.264437676088648 0.331574338928358 0.296462086253649 0.577667750944592 0.655841523910885 0.642280825545531 0.280163660581996 0.260282679702431 0.305478707457525 0.259942632191101 0.286723429557162 0.246782635122525 0.256806600301583 0.680888043416218 0.573946411583557 0.379713836853027 -9999 -9999 -9999 -9999 -9999 -9999 -9999 -9999 -9999 -9999 -9999 -9999 -9999 -9999 -9999 -9999 -9999 -9999 -9999 0.240745015150955 0.593250236343848 0.621597232037906
-9999 -9999 -9999 -9999 0.623068962282256 0.590945388871251 0.364156849327899 0.465190584750283 0.444525122949145 0.243551390209544 0.240715478445915 0.255958580592026 0.249851952429308 0.628463861992218 0.700474076357199 0.307698797837934 0.535768834208693 0.539200225508011 0.341582281555248 0.33253910305875 0.2545018173992 0.231264973858344 0.267576372816389 0.231636336340545 0.342260135576057 -9999 -9999 -9999 -9999 -9999 -9999 -9999 -9999 -9999 -9999 -9999 -9999 -9999 -9999 -9999 -9999 -9999 -9999 -9999 -9999 -9999 -9999 -9999 0.254783949992154
-9999 -9999 -9999 -9999 0.344803672392946 0.499695379228602 0.460812571029393 0.462349415093302 0.388917879808229 0.333421529971446 0.309234088077149 0.309443329877713 0.659281505855836 0.51113817139047 0.224938448094276 0.213783243397132 0.359840157219073 0.756597960444222 0.637988322384471 0.509541293442447 0.314838014901373 0.180432631818067 0.0996009323399685 -9999 -9999 -9999 -9999 -9999 -9999 -9999 -9999 -9999 -9999 -9999 -9999 -9999 -9999 0.179488517691853 0.281087619314345 0.659674591046055 -9999 -9999 -9999 -9999 -9999 -9999 -9999 -9999 -9999
-9999 -9999 -9999 0.199032367223148 0.340401268804605 0.415666731999702 0.39620909131791 0.365391922733628 0.399421456358118 0.606435744415422 0.530535473724148 0.394357273508942 0.202021832682504 0.166518534454778 0.209665346566324 0.271332209115694 0.411239427544136 0.334273382010023 0.601228355993033 0.600030692971551 0.303069530624042 0.101631442106952 -9999 -9999 -9999 -9999 -9999 -9999 -9999 -9999 -9999 -9999 -9999 -9999 -9999 -9999 -9999 -9999 0.438022783760707 0.721403553024324 -9999 -9999 -9999 -9999 -9999 -9999 -9999 -9999 -9999
-9999 -9999 -9999 0.136536668932236 0.269780237576561 0.260026036103565 0.144286382765855 0.129695133200456 0.116871902024141 0.116330818169669 0.231464861958031 0.292587149439211 0.195538416909904 0.200740449910697 0.1844455604454 0.260674176704316 0.224684289258561 0.212337901054062 0.247386587926776 0.25772546224078 0.14927278176461 -9999 -9999 -9999 -9999 -9999 -9999 -9999 -9999 -9999 -9999 -9999 -9999 -9999 -9999 -9999 -9999 -9999 0.253247558682885 0.441578930619796 -9999 -9999 -9999 -9999 -9999 -9999 -9999 -9999 -9999
-9999 -9999 0.207245239918048 0.14102204306343 0.142377813718587 0.147725741102639 0.131812170666965 0.111812836102256 0.108408145161743 0.104821765946522 0.11665673906714 0.336592538599948 0.194350250834553 0.173468096011752 0.205196053813255 0.222532574013822 0.223361201057136 0.245172775477309 0.247856003620474 0.175363714880009 -9999 -9999 -9999 -9999 -9999 -9999 -9999 -9999 -9999 -9999 -9999 -9999 -9999 -9999 -9999 -9999 -9999 -9999 0.266047434172848 0.287585831751712 -9999 -9999 -9999 -9999 -9999 -9999 -9999 -9999 -9999
-9999 -9999 0.12726108999123 0.134113823916631 0.142562629090041 0.13368025736431 0.117289162653251 0.149466272225939 0.109248456343923 0.0986339461219786 0.0985371374709399 0.222690555653171 0.173676564965525 0.166401134282497 0.199836259317352 0.304647551265227 0.394117011400356 0.194582549943979 0.20484142030046 0.227661937578931 0.151145423130392 -9999 -9999 -9999 -9999 -9999 -9999 -9999 -9999 -9999 -9999 -9999 -9999 -9999 -9999 -9999 -9999 -9999 -9999 -9999 -9999 -9999 -9999 -9999 -9999 -9999 -9999 -9999 -9999
