Scripts_&_data/BRT_projection_files/BRT_CCV/B_lucorum_1_projection.asc
NCOLS 79 
NROWS 71 
XLLCORNER -10.5 
YLLCORNER 36 
CELLSIZE 0.5 
NODATA_value -9999 
[rows 44 to 65 of 71, columns 0 to 48 of 79]
-9999 -9999 -9999 -9999 -9999 -9999 -9999 -9999 -9999 -9999 -9999 -9999 -9999 -9999 -9999 -9999 -9999 -9999 0.391283516791045 0.513361071055761 0.550511151515428 0.487132663845899 0.446645501786073 0.582538422729911 0.482505452533939 0.56246843839229 0.476758685291215 0.463392199949222 0.519038661922231 0.476120647365478 0.703835957680856 0.702090290713112 0.70241934899278 0.814206483021512 0.844977633341044 0.851622552163482 0.747789438651031 0.789997554348803 0.817086800231253 0.776494281815248 0.67685527477689 0.450003355418179 0.616668495973454 0.693722120909518 0.673246892797732 0.691590190955587 0.784707129729958 0.920578559262174 0.618510849703735
-9999 -9999 -9999 -9999 -9999 -9999 -9999 -9999 -9999 -9999 -9999 -9999 -9999 -9999 0.344814458477829 -9999 -9999 -9999 0.438655564777972 0.792478136195889 0.66980506093536 0.653322258176973 0.725334668788127 0.467028881078118 0.499955827882085 0.643486760790928 0.362941171423409 0.462484163036609 0.440429021526266 0.42612681216088 0.411068450131785 0.731417155134981 0.748556763146611 0.788883265176553 0.733085837185708 0.815568216877565 0.69194686235925 0.815579594157161 0.7681831357002 0.833395682639482 0.71648675267411 0.61760731828462 0.63870995614446 0.613280564940393 0.667850044103499 0.650780179299004 0.580307342225616 0.606607022152308 0.83607366304102
-9999 -9999 -9999 -9999 -9999 -9999 -9999 -9999 -9999 -9999 -9999 -9999 0.442922190596621 0.433298130597103 0.388967110629012 0.411762866751231 0.412313615791247 0.540722544378224 0.428357154316079 0.450712077492794 0.439337191074912 0.424373790441929 0.484348551766883 0.461961056666135 0.423260091610508 0.328376711524684 0.325810849810011 0.293140730539654 0.408384043508679 0.40887285282162 0.469859913092291 0.748355604338837 0.774645023791323 0.808718203026401 0.799135852707585 0.792637760186575 0.797858195453596 0.682061331098028 0.745780583559369 0.650223711694736 0.677048480393535 0.546918210017275 0.620667454060168 0.585203787264114 0.515831390089232 0.565092396321654 0.655013731538247 0.697130405936892 0.675179979315151
-9999 -9999 -9999 -9999 -9999 -9999 -9999 -9999 -9999 -9999 -9999 -9999 -9999 -9999 0.467379617427858 0.314222537697055 0.266019121165928 0.27646796574452 0.232607964454162 0.264116939047616 0.284155727662635 0.432653430324276 0.433274700202545 0.443816912862959 0.496803220863302 0.392693698149488 0.335897024062188 0.454930624477023 0.406756624854897 0.700197819918762 0.763627010421252 0.727719645816961 0.60139243747585 0.819726901702987 0.8052540084647 0.735293556270535 0.811854794635283 0.833141319497033 0.687234034170744 0.713390193595539 0.805275400410322 0.739876005456018 0.797690215755247 0.740360943698641 0.856684993419015 0.863981523502176 0.858637748120475 0.852536330961609 0.84560548809533
-9999 -9999 -9999 -9999 -9999 -9999 -9999 -9999 -9999 -9999 -9999 -9999 -9999 -9999 -9999 -9999 -9999 0.219566766920914 0.253038275731065 0.290775347536225 0.301419483096381 0.322108880917005 0.377742623460492 0.330777819105551 0.338465724873326 0.333220043886201 0.423654950484341 0.624367541163542 0.694263047093761 0.819134164508227 0.671256297532548 0.453226720867264 0.55382981872121 0.808210876280893 0.809578137749045 0.73030934756378 0.751918830656249 0.725055093853002 0.796915300627996 0.771706379832846 0.859427517818742 0.828034034577083 0.862245588014321 0.856418886267586 0.852632241299803 0.83738663710502 0.853052716611437 0.860026838994931 0.860635442139721
-9999 -9999 -9999 -9999 -9999 -9999 -9999 -9999 -9999 -9999 -9999 -9999 -9999 -9999 -9999 -9999 -9999 0.19417732121069 0.189901112866311 0.244044572984924 0.261330779216286 0.465180935885578 0.309977403889508 0.228522823994948 0.406386312806496 0.327379682123825 0.404873062556673 0.503236284546144 0.560007267943039 0.833567341544692 0.508665559902693 0.559378243729578 0.824428410532466 0.852070484225648 0.685743295080488 0.711578146198225 0.822822601591251 0.852337337638332 0.824889242023262 0.840082040113282 0.826012452899007 0.842101302478914 0.837577169455947 0.858196550718968 0.841760212883622 0.866682125104796 0.86236184278958 0.860682243804667 0.842419169074595
-9999 -9999 -9999 -9999 -9999 -9999 -9999 -9999 -9999 -9999 -9999 -9999 -9999 -9999 -9999 -9999 -9999 -9999 -9999 0.19255007854384 0.244109662017286 0.26351741822282 0.239984820788679 0.426649794570536 0.63724277448222 0.707998487001649 0.739983295177476 0.4438332962787 0.522150724113051 0.789596020228621 0.575462451476985 0.615765515253066 0.790296424964606 0.792618479302988 0.846050353754814 0.840195162356329 0.852672093540786 0.867058172300311 0.859608911363752 0.868341352886023 0.867132278738874 0.872790308736312 0.864224735248907 0.852873875881887 0.865078829966103 0.857963253140206 0.783932097015869 0.581692283526105 0.840925159748722
-9999 -9999 -9999 -9999 -9999 -9999 -9999 -9999 -9999 -9999 -9999 -9999 -9999 -9999 -9999 -9999 -9999 -9999 -9999 0.199139340330436 0.191503898611395 0.195499939158025 0.436651670456201 0.68330174103133 0.795758777968493 0.763232150163524 0.781760807599029 0.806702566142356 0.781862897352841 0.809348746862948 0.640559835055428 0.693687765915609 0.792273029588004 0.729395475548486 0.857665007203256 0.841510151641536 0.841626702083624 0.833447409027288 0.548615785646255 0.705065119474719 0.792319064709199 0.740936249415901 0.842622475978379 0.760789294813866 0.77211353683732 0.438193919968526 0.317756963550523 -9999 0.339951509073317
-9999 -9999 -9999 -9999 -9999 -9999 -9999 -9999 -9999 -9999 -9999 -9999 -9999 -9999 -9999 -9999 -9999 -9999 -9999 0.349839261134671 0.200043057578589 0.260276562181127 0.471285058270882 0.500392857698477 0.623115570724598 0.767567573038062 0.830995696745637 0.782123723121859 0.800784319975702 0.797421903968615 0.722449382060995 0.697702882305499 0.819408688409122 0.856660218728219 0.826842343249677 0.837534985875488 0.536785094989467 0.191750958444948 0.290998506208349 0.407519033819852 0.291131052025948 0.288630142203751 0.299584005106886 0.294809186559683 0.33608055029829 -9999 -9999 -9999 0.226794196889883
-9999 -9999 -9999 -9999 -9999 -9999 -9999 -9999 -9999 -9999 -9999 -9999 -9999 -9999 -9999 -9999 -9999 -9999 -9999 0.569905146431727 0.29396063546018 0.187463694406462 0.361746480003772 0.490176179476422 0.381842129562746 0.823429557627313 0.829121656769134 0.82696954991841 0.851527896572398 0.822268098330458 0.561082133449783 0.819605540999715 0.840460698067449 0.848904455024977 0.82191999653424 0.803522898794139 0.323802841148269 0.201896993655241 0.244379520773085 0.734945152508142 0.531846411755786 0.329121320625825 0.342455909361459 0.305981277079589 0.265007590786517 0.185103801420826 -9999 -9999 -9999
-9999 -9999 -9999 -9999 -9999 -9999 -9999 -9999 -9999 -9999 -9999 -9999 -9999 -9999 -9999 -9999 -9999 -9999 0.522834627542798 0.521791294505279 0.462709500043989 0.223289829434745 0.193490072444389 0.20784641880766 0.311381843804241 0.431252773854278 0.737320457865421 0.824223767311435 0.821167448352401 0.361656932038736 0.322437971200687 0.795078121565904 0.798907684607101 0.822327492421147 0.838042030542078 0.75654586181326 0.793517055672484 0.397586641716786 -9999 -9999 0.477562908584525 0.797152153657376 0.825542029734629 0.766293354683983 0.251871613956506 0.313036787722692 -9999 -9999 -9999
-9999 -9999 -9999 -9999 -9999 -9999 -9999 -9999 -9999 -9999 -9999 -9999 -9999 -9999 -9999 -9999 -9999 -9999 0.354073195753977 0.348604904643496 0.207945053229798 0.182615336798122 0.215461417105205 0.353207243752705 0.202053196112464 0.239908048946496 0.700368678414274 0.503135051591172 0.487160351725842 0.511511095835285 0.595980776463729 0.476528674961178 0.359191530587721 0.675204036480092 0.512966699818473 0.586621538044634 -9999 -9999 -9999 -9999 -9999 -9999 0.360601631621626 0.455461076222651 0.720473285539808 0.705957385603412 0.255630895370188 -9999 -9999
-9999 -9999 -9999 0.339939079471257 0.551986112492044 0.546671450698901 0.491912423360508 0.28223916924684 0.643966648795428 0.779266490525973 0.677001786004357 0.571789240285884 0.604564075571306 0.523803465557634 0.521900426170198 0.51559505347008 0.382644559697961 0.586924200750205 0.67246840037639 0.415135525618768 0.399479213616273 0.441050197142968 0.189427996754785 0.256303700501974 0.185871840260503 0.469579156415906 0.44082190975287 0.349031033798325 -9999 -9999 -9999 -9999 0.569209931289204 0.478334888336277 -9999 -9999 -9999 -9999 -9999 -9999 -9999 -9999 0.403487493917903 0.221866241478632 0.202072700202122 0.221785883293917 0.46938211193721 0.289709218366342 0.21849495553837
-9999 -9999 -9999 0.47180610716931 0.307487777100153 0.549491031613751 0.574104951140088 0.726258348651012 0.698195200647997 0.761940392362 0.762343285261384 0.699213338470263 0.748725638089428 0.608377949029293 0.735113104189871 0.758500676195958 0.72315509356051 0.646468296929192 0.692432262024573 0.800038203725029 0.868273582266785 0.799688522748569 0.870551732131001 0.834017797074755 0.768038700990448 0.71864724182477 0.413458644269723 -9999 -9999 -9999 -9999 -9999 -9999 -9999 -9999 -9999 -9999 -9999 -9999 -9999 -9999 -9999 -9999 0.183643187655275 0.220341932280164 0.187747823100711 0.221778462725891 0.718154692699462 0.289212170009549
-9999 -9999 -9999 -9999 0.323028766108604 0.528191844942762 0.693998724879651 0.662368889499747 0.737612865870583 0.142920035475948 0.145285346009829 0.134998661813626 0.148751717777477 0.14763990897905 0.707067235821216 0.778856518937296 0.581025069607087 0.137212284379714 0.221988049028187 0.530433060646906 0.627327483267693 0.333592559357998 0.678626034112452 0.764540214192028 0.741717537568299 0.843576533517596 0.369282676280184 0.400954121092836 -9999 -9999 -9999 -9999 -9999 -9999 -9999 -9999 -9999 -9999 -9999 -9999 -9999 -9999 -9999 -9999 0.116071061397963 0.240116850739799 0.296037284847011 0.826520468513121 0.74274852553661
-9999 -9999 -9999 0.491936827742908 0.59453664477988 0.572233738264568 0.355897587559454 0.352319451931358 0.411487059758091 0.108682358008231 0.124918556953238 0.151930073390727 0.143165373844951 0.156099296319932 0.403879145871999 0.726513572736115 0.407799162061994 0.412197273981252 0.165806805725584 0.30507526061409 0.16158495612431 0.149035762587904 0.178630898631538 0.139746908042026 0.353472650992131 0.525576043505829 0.51404946617418 -9999 -9999 -9999 -9999 -9999 -9999 -9999 -9999 -9999 -9999 -9999 -9999 -9999 -9999 -9999 -9999 -9999 -9999 -9999 0.256696171801076 0.2688920029589 0.265850606389932
-9999 -9999 -9999 -9999 0.534654095362432 0.40372386083765 0.346884069279838 0.430490949908538 0.289365088665405 0.127779260898606 0.1217377713197 0.112337259537417 0.204047021691001 0.676684660122457 0.663782286608391 0.263960355251824 0.309980892903453 0.405109028072493 0.224110376720189 0.223130576653256 0.178286158259919 0.178587821159105 0.352046958471797 0.193650869565836 0.283613951237341 -9999 -9999 -9999 -9999 -9999 -9999 -9999 -9999 -9999 -9999 -9999 -9999 -9999 -9999 -9999 -9999 -9999 -9999 -9999 -9999 -9999 -9999 -9999 0.225085805183395
-9999 -9999 -9999 -9999 0.307884180125438 0.30612919872517 0.387322791308371 0.361508105476743 0.362592654165271 0.24362997945247 0.225825792194223 0.205096865382813 0.704131846097869 0.68240592131495 0.146082467427652 0.20438906038648 0.790419395732456 0.698417496174736 0.386571735296521 0.455359102185601 0.466227746754941 0.284297620175433 0.13275682974374 -9999 -9999 -9999 -9999 -9999 -9999 -9999 -9999 -9999 -9999 -9999 -9999 -9999 -9999 0.166405603236962 0.115740934750471 0.433041039962557 -9999 -9999 -9999 -9999 -9999 -9999 -9999 -9999 -9999
-9999 -9999 -9999 0.188122476043906 0.240625225291287 0.304681579104782 0.422173298486737 0.49035101036542 0.426077956628205 0.680279997239689 0.659343925602349 0.428168585253454 0.149741426595328 0.49256885037072 0.199163922224179 0.164076820189022 0.429320441286602 0.689511659114412 0.472601758071768 0.637286557515014 0.339528327810978 0.141569929475402 -9999 -9999 -9999 -9999 -9999 -9999 -9999 -9999 -9999 -9999 -9999 -9999 -9999 -9999 -9999 -9999 0.088294709312454 0.486092299188268 -9999 -9999 -9999 -9999 -9999 -9999 -9999 -9999 -9999
-9999 -9999 -9999 0.340034661904854 0.23731902204405 0.25948486615034 0.213804825438613 0.206241682146181 0.187900673875699 0.20454848590458 0.13387534297571 0.144571287862514 0.103611607317979 0.111080398507788 0.107545359397829 0.121689376236065 0.147764368667768 0.31535333776047 0.310744429238783 0.203971215106993 0.335569428674546 -9999 -9999 -9999 -9999 -9999 -9999 -9999 -9999 -9999 -9999 -9999 -9999 -9999 -9999 -9999 -9999 -9999 0.0996662584318683 0.425476231357418 -9999 -9999 -9999 -9999 -9999 -9999 -9999 -9999 -9999
-9999 -9999 0.157269346325858 0.121815449425221 0.216013596520048 0.145926294832859 0.194379993911789 0.145080535899099 0.137840901816738 0.118763619885259 0.177130192942624 0.405602900328288 0.261353579982287 0.133537692318102 0.106119210258312 0.106645460671849 0.105967196426216 0.101370500787768 0.271162103622424 0.126986391895836 -9999 -9999 -9999 -9999 -9999 -9999 -9999 -9999 -9999 -9999 -9999 -9999 -9999 -9999 -9999 -9999 -9999 -9999 0.120167068408711 0.252125684743714 -9999 -9999 -9999 -9999 -9999 -9999 -9999 -9999 -9999
-9999 -9999 0.320632403122005 0.163717223299959 0.209785738085771 0.111384094350109 0.0789642082825653 0.0711236402449433 0.0725864113157547 0.0631806204618397 0.103459150096699 0.162663090411924 0.148397169958094 0.118163164215886 0.103300280757155 0.151108169463319 0.168358604263625 0.114526977196118 0.139207814634571 0.115687328703852 0.0577648443165469 -9999 -9999 -9999 -9999 -9999 -9999 -9999 -9999 -9999 -9999 -9999 -9999 -9999 -9999 -9999 -9999 -9999 -9999 -9999 -9999 -9999 -9999 -9999 -9999 -9999 -9999 -9999 -9999
