Scripts_&_data/BRT_projection_files/BRT_CCV/B_magnus_1_projection.asc
NCOLS 79 
NROWS 71 
XLLCORNER -10.5 
YLLCORNER 36 
CELLSIZE 0.5 
NODATA_value -9999 
[rows 42 to 62 of 71, columns 0 to 47 of 79]
-9999 -9999 -9999 -9999 -9999 -9999 -9999 -9999 -9999 -9999 0.118524002672366 -9999 -9999 0.149507901050339 -9999 -9999 -9999 -9999 -9999 -9999 -9999 -9999 -9999 -9999 0.0898783906415143 0.0958326467281043 0.305250972747813 0.281403423515219 0.458187578566536 0.373633923425104 0.131292812618335 0.293447682525558 0.466366254258546 0.348742979238893 0.254531444206068 0.143360844234969 0.180300398226617 0.210598437870382 0.29272009776131 0.12105487333995 0.112895895545059 0.0760416439488315 0.120224241787666 0.117978791493938 0.118519315647208 0.14003688397148 0.0911873687874968 0.0575414403368733
-9999 -9999 -9999 -9999 -9999 -9999 -9999 -9999 -9999 -9999 -9999 -9999 -9999 -9999 -9999 -9999 -9999 -9999 -9999 -9999 -9999 -9999 0.132130510891133 0.0786035988484309 0.0938384477639077 0.0717715426145854 0.0716597150035056 0.0995411183272024 0.107984041538866 0.15591160377717 0.188203991230748 0.347935640102883 0.27449355092391 0.255235037035061 0.20336771128131 0.218601238746122 0.089926938209512 0.107863279892659 0.453707170566888 0.145378354636032 0.0644333253220842 0.049530881238663 0.0704639452095994 0.096792601979248 0.122252218624172 0.119848026438624 0.10637830366628 0.0421689001989595
-9999 -9999 -9999 -9999 -9999 -9999 -9999 -9999 -9999 -9999 -9999 -9999 -9999 -9999 -9999 -9999 -9999 -9999 0.0776131430114353 0.120175515708402 0.07204512690376 0.168234610605979 0.0746631163802701 0.13730087933364 0.0724715564596101 0.084531719501328 0.0724449477084195 0.0805251920934689 0.0848158593070915 0.0734030861251509 0.105414557325517 0.138203376983588 0.116419876142055 0.468113606898557 0.475625262673451 0.409169915027049 0.213634534829084 0.195013290504264 0.487136221826376 0.281419370449331 0.105015981687687 0.0901807414107664 0.0609513194671172 0.166688434108298 0.0920940384549654 0.093657628584031 0.120999991839126 0.148561687345741
-9999 -9999 -9999 -9999 -9999 -9999 -9999 -9999 -9999 -9999 -9999 -9999 -9999 -9999 0.0724807153306467 -9999 -9999 -9999 0.136535677276527 0.251875595406487 0.105101667733178 0.102964640712358 0.0902697176617533 0.0531961486469106 0.110181154822472 0.178642117627117 0.141447869908053 0.0806784127110528 0.0732586342257484 0.072528387178346 0.0757579288477887 0.122863270823725 0.149165981220215 0.340765710082331 0.271819578501482 0.187376425482948 0.320747605848831 0.315021585679535 0.262744454936448 0.565602459854126 0.159308303803477 0.100321270981834 0.0719996138353776 0.0656995586980921 0.0632320711546565 0.0626932567037313 0.0734913201048284 0.129060073948376
-9999 -9999 -9999 -9999 -9999 -9999 -9999 -9999 -9999 -9999 -9999 -9999 0.0739345388701249 0.100723872463325 0.0751649138936748 0.077245685622123 0.0785542311313032 0.0649524974016554 0.0754467875874069 0.108723296565269 0.0917060670237393 0.0780222782104048 0.0761834400263533 0.0503534055789717 0.0494897096439014 0.0486774338342621 0.0677547219365424 0.0729278998368169 0.0842118810801992 0.0816075529876348 0.0859500642470719 0.142696515935448 0.190805228321694 0.258954057119771 0.249340563342332 0.20597073410292 0.347999313777839 0.176112780578554 0.201395020249298 0.1176158233774 0.103652459147858 0.17419429736398 0.272357913679218 0.165248647821934 0.201199253121487 0.0784890600168606 0.0867800448466451 0.105909243915417
-9999 -9999 -9999 -9999 -9999 -9999 -9999 -9999 -9999 -9999 -9999 -9999 -9999 -9999 0.0956636103544756 0.0706218827242786 0.0785028377473972 0.0678333946527975 0.0752047200268953 0.0787208433097951 0.0792022825821831 0.0866377826400185 0.0703610012376782 0.0683652312125733 0.0854735691474485 0.0964644003216409 0.0724519355854476 0.0840698912809927 0.0777034287210603 0.103158223354804 0.159060217449282 0.161557946460449 0.167182827687779 0.246041453832989 0.245199354193817 0.268927260907688 0.131499599797435 0.148223889622017 0.0965381445204938 0.245151438319477 0.252190999936206 0.190618573404144 0.185892981050964 0.170714195904887 0.212276563093429 0.188776600598823 0.162173014596885 0.166199666394056
-9999 -9999 -9999 -9999 -9999 -9999 -9999 -9999 -9999 -9999 -9999 -9999 -9999 -9999 -9999 -9999 -9999 0.0707117304554704 0.0739152346347713 0.0655794024939827 0.0481761803633468 0.0544712453859875 0.0649999385626663 0.0754563682444459 0.0772868025091269 0.121462017627084 0.0773057653675225 0.125525209408562 0.273720038565966 0.338863270561063 0.153186863081328 0.0749664222271921 0.192191216178939 0.21329626780868 0.157637863383493 0.0956908462712835 0.182748868079191 0.102143499905511 0.144679293223252 0.470732281963261 0.155839736804341 0.253216324309881 0.124317724334055 0.193248928834628 0.253426847976804 0.301375605283458 0.340970033653785 0.192730246700753
-9999 -9999 -9999 -9999 -9999 -9999 -9999 -9999 -9999 -9999 -9999 -9999 -9999 -9999 -9999 -9999 -9999 0.068275920101757 0.0683388902918177 0.0755800814682034 0.0788809123900515 0.0721693957187918 0.0735292826168437 0.0853637862816693 0.0769167765897069 0.0958456495687332 0.0829076091999417 0.0988756761738609 0.131160802403611 0.209904276742755 0.124243718965297 0.177170086740108 0.232237768529587 0.168017212017361 0.090789166276808 0.105253228659262 0.172740767585398 0.566323957619995 0.233737963789817 0.315250687139185 0.168356430200059 0.126567013826868 0.0864443508546436 0.102071726892063 0.0922508534994746 0.0978554533235729 0.206711668064547 0.227064533243589
-9999 -9999 -9999 -9999 -9999 -9999 -9999 -9999 -9999 -9999 -9999 -9999 -9999 -9999 -9999 -9999 -9999 -9999 -9999 0.0685028209137848 0.0731638488700815 0.0906509390401137 0.0818804802311071 0.094415736519624 0.159018914139137 0.203026544031144 0.197889420758272 0.111855625936336 0.208701458470108 0.237940473067245 0.119992728445258 0.171032863738411 0.219277734989837 0.293492173369996 0.19682918457505 0.145855793778054 0.104380977597349 0.209104943748554 0.570628239920328 0.181717208144716 0.183139750258574 0.12745847569986 0.119449236987096 0.141670723035949 0.136456704281252 0.156785533031116 0.221863728880549 0.502648038126679
-9999 -9999 -9999 -9999 -9999 -9999 -9999 -9999 -9999 -9999 -9999 -9999 -9999 -9999 -9999 -9999 -9999 -9999 -9999 0.0671888222763255 0.0686335221977874 0.0675379136767598 0.124733869294124 0.150503047317384 0.292319571165489 0.261970847385037 0.267748788408711 0.314000471857322 0.162368442848471 0.159394822541806 0.415630199025618 0.133101836850454 0.224663143249575 0.146075606583644 0.155769714398531 0.109504835119112 0.15492914643686 0.220209254768736 0.273064690484841 0.391899397443783 0.472390086929248 0.29575889381608 0.168185045885866 0.204886693048357 0.269165628227197 0.160634471450477 0.111342093225732 -9999
-9999 -9999 -9999 -9999 -9999 -9999 -9999 -9999 -9999 -9999 -9999 -9999 -9999 -9999 -9999 -9999 -9999 -9999 -9999 0.107951036139514 0.0723487763285343 0.0931013334865496 0.117416668489535 0.12765006905248 0.146901094775288 0.307036224417648 0.451645208218638 0.320496916500099 0.172020592496286 0.195649427587883 0.124115254339509 0.172818119739891 0.282913252036903 0.311845672927174 0.111953968388934 0.12218972529656 0.294100626621896 0.0732013429590833 0.149721502349058 0.245685584707939 0.129347092305726 0.113094655385388 0.142961373155943 0.18193609437703 0.179099037964526 -9999 -9999 -9999
-9999 -9999 -9999 -9999 -9999 -9999 -9999 -9999 -9999 -9999 -9999 -9999 -9999 -9999 -9999 -9999 -9999 -9999 -9999 0.170855073133235 0.111080252928454 0.0733278646274259 0.0917169265379065 0.120931105331036 0.164822165700035 0.210763225318283 0.430191870470174 0.189601117617241 0.278510403385198 0.345255917726543 0.154492506652209 0.308478906487521 0.260693108894264 0.224235692098165 0.132162444430106 0.166262779055301 0.0721633055461656 0.0438347253120433 0.0742972350318332 0.236587491062653 0.108853011608548 0.11849934923342 0.181304221741636 0.169124801554699 0.0572924936683956 0.0441513412305946 -9999 -9999
-9999 -9999 -9999 -9999 -9999 -9999 -9999 -9999 -9999 -9999 -9999 -9999 -9999 -9999 -9999 -9999 -9999 -9999 0.189015156864722 0.135661427703703 0.149495761300968 0.0741173210191538 0.0649541160918408 0.0803010047027751 0.118962819457167 0.0752363235162331 0.131332012369837 0.363672894918353 0.749441181609827 0.130837297512689 0.09202950359171 0.18144112670458 0.230543535317915 0.198621228801801 0.15960746940359 0.193577103079433 0.19678158130958 0.106983849018957 -9999 -9999 0.121814335214709 0.212538242805424 0.269899820285601 0.20928888192816 0.0684865560124618 0.137177306495013 -9999 -9999
-9999 -9999 -9999 -9999 -9999 -9999 -9999 -9999 -9999 -9999 -9999 -9999 -9999 -9999 -9999 -9999 -9999 -9999 0.10788172357534 0.126702331738639 0.0690485481923029 0.0766500406729752 0.0608965149807491 0.0740128798999492 0.0715821169262516 0.0900253954053716 0.262770665013129 0.227283964842325 0.118565631744337 0.0921677231831131 0.0676361685724173 0.0713198970980513 0.108461271108657 0.147580088278655 0.136610641621302 0.214214466979964 -9999 -9999 -9999 -9999 -9999 -9999 0.127080225731467 0.199700178640893 0.188876880480781 0.143134661722944 0.0806483460719014 -9999
-9999 -9999 -9999 0.147650820875515 0.371890904759215 0.133843626156771 0.165638239060238 0.225069562968473 0.237174150800145 0.474918106460476 0.477152926116371 0.342385707317844 0.140947298078071 0.244710499245004 0.152527633089283 0.313310808536172 0.137282642387431 0.257978175045502 0.165963086246968 0.186928605331275 0.282532644662239 0.115983663454434 0.0718559832521424 0.0883077946420068 0.070297138393648 0.157277453661024 0.122767205423225 0.0715439504220984 -9999 -9999 -9999 -9999 0.0991589714431738 0.102557376572295 -9999 -9999 -9999 -9999 -9999 -9999 -9999 -9999 0.07955065774018 0.0655913395066436 0.0702439369645502 0.0675314281621307 0.0751964488361802 0.081055609277159
-9999 -9999 -9999 0.102140672913274 0.135212769850012 0.118637957791071 0.131315865701186 0.275432919393221 0.285539271390702 0.189605605607547 0.216819223953595 0.20611227747238 0.131279977590871 0.168641036733188 0.111860114741233 0.185028174683817 0.322082120598027 0.0956919437599014 0.260376998205892 0.423443295529898 0.238211437357968 0.264474007149365 0.185810536041514 0.190777699978606 0.310302603174145 0.220507506014444 0.09354069657914 -9999 -9999 -9999 -9999 -9999 -9999 -9999 -9999 -9999 -9999 -9999 -9999 -9999 -9999 -9999 -9999 0.0604645484108802 0.067465592839017 0.0634387362784092 0.0840083638949118 0.156926393833767
-9999 -9999 -9999 -9999 0.125200649536263 0.127763505150356 0.221944983276058 0.26000073108978 0.177476417030151 0.0400137631583261 0.0395896024193281 0.0427905260151519 0.0429209891687115 0.0425072876234815 0.140576884152931 0.111154198646708 0.079690402422543 0.0369770391970275 0.0455500264694792 0.0670438772777964 0.117934902115861 0.161299259947264 0.211618356694642 0.332433749075799 0.257195818756879 0.113216890962024 0.0763203902118225 0.0432853455226936 -9999 -9999 -9999 -9999 -9999 -9999 -9999 -9999 -9999 -9999 -9999 -9999 -9999 -9999 -9999 -9999 0.0629020601423911 0.0770858446746532 0.0854116778216299 0.215395179177462
-9999 -9999 -9999 0.105180399830413 0.134672035556137 0.18812550359756 0.114120753622787 0.1220834036994 0.0497137239650974 0.0394387606270479 0.0428912480715531 0.0424012271615475 0.0429873790544156 0.0429199085688953 0.050549733820182 0.0580102218253437 0.0462582132207687 0.0543276294619368 0.0370223829555599 0.0422473531753798 0.0370274627819386 0.036979711864644 0.0368198868753381 0.0401827693889923 0.0641160060428504 0.372356019836977 0.0828424533044691 -9999 -9999 -9999 -9999 -9999 -9999 -9999 -9999 -9999 -9999 -9999 -9999 -9999 -9999 -9999 -9999 -9999 -9999 -9999 0.219435754637785 0.0823378065753779
-9999 -9999 -9999 -9999 0.171371162038208 0.147871433400163 0.0543485544900679 0.0535709005098257 0.0493021022987132 0.0425184244685329 0.0398613012928685 0.0395976747156522 0.0426616885780528 0.0555036819144512 0.0619701511645798 0.0510399433537171 0.0474445394555483 0.0609512871124684 0.0484589681222118 0.0397813751827407 0.0394819765772254 0.0419966306707314 0.0415893895336098 0.0426495619559967 0.0739625746916117 -9999 -9999 -9999 -9999 -9999 -9999 -9999 -9999 -9999 -9999 -9999 -9999 -9999 -9999 -9999 -9999 -9999 -9999 -9999 -9999 -9999 -9999 -9999
-9999 -9999 -9999 -9999 0.108160061092052 0.1058942848013 0.0715452379997634 0.0687115080728131 0.0850020625270598 0.0517531984083555 0.0498539621294413 0.0499770561024917 0.0990073710657048 0.0899771738418295 0.0392818488772602 0.0436462481064302 0.108264453535043 0.0621448384439427 0.0471070956214209 0.0684185139344194 0.0554939998396937 0.0440913122458888 0.0430682678323121 -9999 -9999 -9999 -9999 -9999 -9999 -9999 -9999 -9999 -9999 -9999 -9999 -9999 -9999 0.0561363324185254 0.0627420998662531 0.107216772677681 -9999 -9999 -9999 -9999 -9999 -9999 -9999 -9999
-9999 -9999 -9999 0.0911144585905126 0.111905686474765 0.204336405199331 0.102037674451173 0.142533359811877 0.132879829296063 0.111213645397236 0.191453707084742 0.0942123452508459 0.0369598994562259 0.0889761946782813 0.0403605593830532 0.0396414006095476 0.0585553443921917 0.0977429887074297 0.0640488502253606 0.0656053889990739 0.0533701309961633 0.043383412843004 -9999 -9999 -9999 -9999 -9999 -9999 -9999 -9999 -9999 -9999 -9999 -9999 -9999 -9999 -9999 -9999 0.0689398036038093 0.107102182883311 -9999 -9999 -9999 -9999 -9999 -9999 -9999 -9999
