Scripts_&_data/BRT_projection_files/BRT_CCV/B_magnus_2_projection.asc
NCOLS 79 
NROWS 71 
XLLCORNER -10.5 
YLLCORNER 36 
CELLSIZE 0.5 
NODATA_value -9999 
[rows 42 to 62 of 71, columns 0 to 47 of 79]
-9999 -9999 -9999 -9999 -9999 -9999 -9999 -9999 -9999 -9999 0.324786558013508 -9999 -9999 0.395313317057563 -9999 -9999 -9999 -9999 -9999 -9999 -9999 -9999 -9999 -9999 0.160006473880887 0.162106791228879 0.131145093824326 0.24084275874062 0.261898847724002 0.246103501361439 0.163778754620495 0.163954168956614 0.066112469554075 0.066158317088669 0.0698865751079219 0.0359301807356101 0.0366711134028011 0.0476143409152339 0.0450702097269663 0.060998086406509 0.116247806589405 0.173262331189033 0.176423055284985 0.114629772027923 0.141318564711273 0.166707745729578 0.108303678648939 0.0395063839629105
-9999 -9999 -9999 -9999 -9999 -9999 -9999 -9999 -9999 -9999 -9999 -9999 -9999 -9999 -9999 -9999 -9999 -9999 -9999 -9999 -9999 -9999 0.210897736308351 0.165739215408479 0.15447069987412 0.136040618819938 0.131135897999478 0.133919394377437 0.156239443641027 0.172098423406313 0.0632759670906263 0.209076525392775 0.0692450359151461 0.199222752916807 0.061400724707318 0.138958549845192 0.0447494223732783 0.045734742208557 0.191479580201397 0.123725733404132 0.0387143819874843 0.0393452958508566 0.0442022533152638 0.147017594635163 0.13204725556598 0.139251032695237 0.226894815626918 0.0329740212840671
-9999 -9999 -9999 -9999 -9999 -9999 -9999 -9999 -9999 -9999 -9999 -9999 -9999 -9999 -9999 -9999 -9999 -9999 0.298570304814727 0.209656778693006 0.0434109445111885 0.270760252778466 0.136375264699237 0.172951791315341 0.127670654359897 0.110116878384054 0.0867448239897666 0.134643732825896 0.103235292917344 0.0389886588955591 0.150422561625614 0.178244279114206 0.134903981899439 0.221343918383386 0.397269443465882 0.301586050929781 0.129477696680833 0.0450865730426128 0.21652264370794 0.18739745577341 0.164669477533755 0.181779311178047 0.0473277642295263 0.432388130573649 0.161427779568717 0.0709236329863268 0.150995304142678 0.155569032315908
-9999 -9999 -9999 -9999 -9999 -9999 -9999 -9999 -9999 -9999 -9999 -9999 -9999 -9999 0.196459624840689 -9999 -9999 -9999 0.452947895750467 0.479867566811979 0.25899633040448 0.310293206588864 0.190677934456981 0.0373850833084901 0.070521544094002 0.0478483761585688 0.0318588901460503 0.131694806242587 0.142581576250387 0.134701173095749 0.151454437415262 0.228809237905784 0.170463417159211 0.181875147732792 0.203580759549013 0.127137932739261 0.335548249676786 0.141803102417108 0.203702838114766 0.188793439519496 0.132818915643716 0.161680736183459 0.0989831680050385 0.12253601473385 0.221104809136038 0.126184719480587 0.12401199973349 0.0616146363371301
-9999 -9999 -9999 -9999 -9999 -9999 -9999 -9999 -9999 -9999 -9999 -9999 0.175297741397084 0.394118131478004 0.352358820137115 0.163489888062668 0.154902319555027 0.039835712101279 0.308291454439927 0.289716004458067 0.286875838579216 0.136454170516743 0.151707001001345 0.0378387844637283 0.0391099771423435 0.0378024822674584 0.0308776539679549 0.129101075735406 0.148245551149789 0.133764329926572 0.16228393449072 0.218958684858281 0.185116378549291 0.16852872607463 0.145083049317937 0.117829556168579 0.214267130589244 0.0638935222330833 0.0796165586856164 0.132214711637161 0.154809122692371 0.165679666947392 0.195601504782512 0.242901833239345 0.15109922003993 0.222590024393173 0.216301065299299 0.283203975779502
-9999 -9999 -9999 -9999 -9999 -9999 -9999 -9999 -9999 -9999 -9999 -9999 -9999 -9999 0.31383948010404 0.169310583412785 0.185049399348344 0.194782898755136 0.154963450207729 0.150981164804582 0.143881309580305 0.155630029141543 0.0400395640145601 0.0369237096824033 0.158889665884106 0.176740416413054 0.137039174787734 0.150038980124817 0.150116403655263 0.175977356027473 0.184662342924685 0.179296658014816 0.19615850497104 0.0827201543070093 0.0651021388694136 0.0781167068049918 0.135443035189786 0.0597879514804294 0.213242103626073 0.209801178018564 0.188941696914838 0.215498686907001 0.172261205295395 0.0698997205462934 0.0604038812065412 0.0738236291472457 0.0577033377599374 0.0698810001686395
-9999 -9999 -9999 -9999 -9999 -9999 -9999 -9999 -9999 -9999 -9999 -9999 -9999 -9999 -9999 -9999 -9999 0.0928973046607577 0.0842667195529833 0.135392741957012 0.0321719253375354 0.0419192543271641 0.0391102753903323 0.156930951602593 0.173937727480623 0.187732856724334 0.136881536492719 0.194195407422384 0.205973594504422 0.180137191474402 0.230770140668844 0.115789587467168 0.0639107269471473 0.061773215347881 0.060166209620157 0.0961109190066966 0.316087248823899 0.395133502603236 0.452658440268408 0.324053992342405 0.0797213295087246 0.144816632906583 0.0455529391941322 0.0653527709774422 0.214728322059346 0.262377766061574 0.0856543055473916 0.0854093537381035
-9999 -9999 -9999 -9999 -9999 -9999 -9999 -9999 -9999 -9999 -9999 -9999 -9999 -9999 -9999 -9999 -9999 0.0762947576288357 0.0852576179017342 0.169948797675622 0.154685642659759 0.126887772419353 0.146034021873196 0.147721567332309 0.131270637823155 0.155018716167043 0.152614590755648 0.202399869764299 0.228963960730797 0.116520634001533 0.183076165715158 0.201707205069211 0.0884601536161246 0.0939291766736666 0.325848898592442 0.269414246285232 0.205215494660038 0.0603887996205302 0.0975711438093734 0.0865557909658362 0.103395237578517 0.069491445364777 0.0329176280804813 0.0482683473535093 0.0366850010908899 0.0463613621156147 0.0607103817079091 0.0557753522545997
-9999 -9999 -9999 -9999 -9999 -9999 -9999 -9999 -9999 -9999 -9999 -9999 -9999 -9999 -9999 -9999 -9999 -9999 -9999 0.0712271419581179 0.0763880203673136 0.126437856393129 0.157742777578797 0.387050157020306 0.222420441275467 0.330984002279175 0.281292926939163 0.210489850507616 0.247947077632573 0.225788214736733 0.190174622572124 0.2037385858732 0.0697085217487524 0.26036371244529 0.070053735501796 0.036566476227288 0.0380220249973236 0.059123631666302 0.063168894488713 0.0655902103208978 0.0426352389545002 0.0363806127094676 0.0363999460729409 0.0579116269966265 0.0381602802355644 0.0551184960280505 0.0650507640737706 0.1014352296704
-9999 -9999 -9999 -9999 -9999 -9999 -9999 -9999 -9999 -9999 -9999 -9999 -9999 -9999 -9999 -9999 -9999 -9999 -9999 0.0718344220854467 0.0769963260717142 0.077844035988602 0.210972850823067 0.184669819076672 0.0835789768913632 0.132344589449149 0.148836336619212 0.19173078909309 0.133217962684237 0.224779225755812 0.226915633128586 0.172453261371904 0.0686323534589945 0.070556134305001 0.0590045640229971 0.0442637885517069 0.0831946616510321 0.0594848244431187 0.0589631015193419 0.0975200800879109 0.0851641602024878 0.127073750015675 0.0642808194523269 0.0603633587629785 0.254400855403968 0.108232290230463 0.0925327102166854 -9999
-9999 -9999 -9999 -9999 -9999 -9999 -9999 -9999 -9999 -9999 -9999 -9999 -9999 -9999 -9999 -9999 -9999 -9999 -9999 0.112804643689351 0.0815060329751116 0.121233401873301 0.113516789918919 0.057421502195664 0.0633441334900863 0.0737138392936925 0.0755366058933601 0.200285163306876 0.0737881926750387 0.0616737868146587 0.061770420542984 0.171713077105539 0.085865332322446 0.0624846860632477 0.118280464315391 0.0615437706095975 0.163416481375717 0.0768247551257408 0.0730591692663814 0.0843043021754505 0.0722203051249609 0.0746280589781209 0.0811716627857818 0.0936959575335756 0.147616749110878 -9999 -9999 -9999
-9999 -9999 -9999 -9999 -9999 -9999 -9999 -9999 -9999 -9999 -9999 -9999 -9999 -9999 -9999 -9999 -9999 -9999 -9999 0.168419708599741 0.104129476844266 0.117882332851933 0.116922719979797 0.0931008783649681 0.376765439812959 0.0742494306610883 0.0767860805387447 0.0702919522584746 0.070840953836173 0.0723430724535099 0.0463656308239388 0.0690024376232985 0.0837275156370191 0.070605987444052 0.102505256473658 0.0731898582012658 0.0756769250720663 0.0286594877822978 0.0724932226725708 0.0671875011812734 0.0857378845730212 0.0750379609798512 0.0409597207835129 0.0377196030477413 0.0277366044258457 0.0315629790688822 -9999 -9999
-9999 -9999 -9999 -9999 -9999 -9999 -9999 -9999 -9999 -9999 -9999 -9999 -9999 -9999 -9999 -9999 -9999 -9999 0.11160994413502 0.0874488158451246 0.0856336378451134 0.0480439143234189 0.028622430463863 0.059419110510854 0.154714286916736 0.175413174151806 0.54114712770257 0.0944860172072009 0.139030212323672 0.0511507943532355 0.0857678617131449 0.100185048748038 0.0700626276060295 0.115802084566879 0.0715284260255166 0.0807628989075787 0.135117312081698 0.0492252540858635 -9999 -9999 0.055558185017085 0.123679646350649 0.132165637114116 0.133302715262007 0.056306692046425 0.0323076148486811 -9999 -9999
-9999 -9999 -9999 -9999 -9999 -9999 -9999 -9999 -9999 -9999 -9999 -9999 -9999 -9999 -9999 -9999 -9999 -9999 0.0456594963419692 0.117740243502105 0.0890037104076815 0.0748253546588016 0.0313517411394757 0.0500048860162892 0.028622430463863 0.0899987945873914 0.0729161691307275 0.0579324855184108 0.0423992751419566 0.0929714018006995 0.0350676966889397 0.0350313179572155 0.0598395558085679 0.0774031265675134 0.0550190304292261 0.286922396532353 -9999 -9999 -9999 -9999 -9999 -9999 0.0936173544864764 0.0921576313438567 0.136579107378729 0.176021133619146 0.0797042903207212 -9999
-9999 -9999 -9999 0.258716310603263 0.0715593096968564 0.0746024121379066 0.0816605895573365 0.10634031471972 0.165799616623291 0.188892386982345 0.262239557696861 0.236776431457791 0.21788075799027 0.102341641388424 0.0913086038043086 0.104105626291327 0.388893742962475 0.141561959681763 0.0953779261017421 0.048157008352647 0.0971274417367261 0.109338279319993 0.081954633856878 0.0789974571746664 0.0925590010040184 0.098157664912294 0.104530282474806 0.0339047946413672 -9999 -9999 -9999 -9999 0.137686817716493 0.0789150366081625 -9999 -9999 -9999 -9999 -9999 -9999 -9999 -9999 0.096942120626184 0.0947580744593114 0.085767922419011 0.0962286048769262 0.177647073189377 0.0401297563663583
-9999 -9999 -9999 0.066213184481673 0.0565656144086992 0.0755817062393355 0.0831500828562266 0.0814719581544018 0.0783740393915756 0.0695379604506397 0.0799675338374893 0.203431314646369 0.0607111471371165 0.097364679679506 0.0594348510008112 0.138366679260552 0.233932906902093 0.17282133299899 0.0783202748542119 0.108707188707838 0.274576843017576 0.148370639806453 0.16717619595643 0.132668671768852 0.185518978844853 0.203802364642649 0.0554028271961666 -9999 -9999 -9999 -9999 -9999 -9999 -9999 -9999 -9999 -9999 -9999 -9999 -9999 -9999 -9999 -9999 0.0312368550499489 0.152196024521385 0.0703490094956486 0.0963793098014425 0.0424254657542516
-9999 -9999 -9999 -9999 0.09293408699235 0.0529475540789202 0.0816127290278752 0.0888368927973708 0.0567867930743178 0.0278000525798151 0.0397367760809017 0.0312710931261454 0.0314674915674953 0.0340241345154785 0.147210799540906 0.137564393563036 0.0489535506430094 0.0279581453004502 0.0353344309983799 0.0381450523184551 0.0546105901902258 0.125994700097221 0.242184298457182 0.0571935935644814 0.0586593498807145 0.166852163265759 0.0819955350376857 0.029762214091101 -9999 -9999 -9999 -9999 -9999 -9999 -9999 -9999 -9999 -9999 -9999 -9999 -9999 -9999 -9999 -9999 0.107556261701355 0.0835112793177381 0.116754273201679 0.0818204820290004
-9999 -9999 -9999 0.188456915265397 0.0704813685962982 0.0935979661433743 0.0589532254787205 0.0600447318847077 0.0305364040078913 0.0378433746097049 0.0262436156800774 0.0241162042314015 0.0334485207234679 0.0352992266876786 0.0348723768176364 0.0385306460220593 0.0370945009757599 0.0377971541421104 0.0244449958636158 0.0270568593917026 0.0251522219642081 0.026912477361801 0.0380828539784039 0.0412358816644047 0.0438793011851991 0.051120118297299 0.0292453880966268 -9999 -9999 -9999 -9999 -9999 -9999 -9999 -9999 -9999 -9999 -9999 -9999 -9999 -9999 -9999 -9999 -9999 -9999 -9999 0.0704562447952508 0.094018475023028
-9999 -9999 -9999 -9999 0.0763761416466937 0.0535365634241275 0.0328766491508931 0.030165476651014 0.0930528496854256 0.0475170971336982 0.0302224810095772 0.0260481233355216 0.0260190993963923 0.0444895294732115 0.0379454262861978 0.0439868577857358 0.108676132755095 0.0354767365755214 0.0403299758920116 0.0254646747617047 0.0261951154507941 0.0357472599921157 0.0282062982147421 0.0267045951032817 0.0955913087517358 -9999 -9999 -9999 -9999 -9999 -9999 -9999 -9999 -9999 -9999 -9999 -9999 -9999 -9999 -9999 -9999 -9999 -9999 -9999 -9999 -9999 -9999 -9999
-9999 -9999 -9999 -9999 0.0534280756584331 0.049746801672978 0.0309717329056753 0.050396464724875 0.0551024698644729 0.0456666208749223 0.0634555216383628 0.0569322942327722 0.0586080567064262 0.139214181888504 0.0390061537892415 0.0293290147918845 0.0428501454488393 0.0367191176387769 0.0599184690661828 0.0360089298478858 0.0288930112949981 0.0282050158752417 0.0288659980788918 -9999 -9999 -9999 -9999 -9999 -9999 -9999 -9999 -9999 -9999 -9999 -9999 -9999 -9999 0.0350880728240415 0.112123703528694 0.104393467698506 -9999 -9999 -9999 -9999 -9999 -9999 -9999 -9999
-9999 -9999 -9999 0.119274874634458 0.0506701297113631 0.0936013942828219 0.105607022999974 0.110670095410969 0.0987822923268431 0.305262793999067 0.278472991394194 0.107689728534161 0.0274833800105831 0.030201756248801 0.0265422480995614 0.0299962608747018 0.045831670607552 0.0423734821781471 0.0360005566715891 0.037876268818939 0.0290245098751614 0.030548558356338 -9999 -9999 -9999 -9999 -9999 -9999 -9999 -9999 -9999 -9999 -9999 -9999 -9999 -9999 -9999 -9999 0.10434132456333 0.125388456963008 -9999 -9999 -9999 -9999 -9999 -9999 -9999 -9999
