Scripts_&_data/BRT_projection_files/BRT_CCV/B_mesomelas_2_projection.asc
NCOLS 79 
NROWS 71 
XLLCORNER -10.5 
YLLCORNER 36 
CELLSIZE 0.5 
NODATA_value -9999 
[rows 42 to 62 of 71, columns 0 to 47 of 79]
-9999 -9999 -9999 -9999 -9999 -9999 -9999 -9999 -9999 -9999 0.0203702336109257 -9999 -9999 0.0257898332969743 -9999 -9999 -9999 -9999 -9999 -9999 -9999 -9999 -9999 -9999 0.0191735595938787 0.0183848280791474 0.0167833078876529 0.0185025030738619 0.0187391177842338 0.0249182998191912 0.0201949441390973 0.0349521857702366 0.106831793010506 0.0890940250354477 0.0282394608171161 0.0434361683895132 0.0448221698372148 0.0367921703266817 0.0159278146965908 0.122634989662068 0.0410425435337142 0.0205542565209908 0.0195343460391269 0.0305998655864754 0.0275656688798553 0.0185821969474069 0.0387310117319497 0.022068095001818
-9999 -9999 -9999 -9999 -9999 -9999 -9999 -9999 -9999 -9999 -9999 -9999 -9999 -9999 -9999 -9999 -9999 -9999 -9999 -9999 -9999 -9999 0.0319155615468571 0.01868061299552 0.0196499846166847 0.0156440878911527 0.0162974943947322 0.0160701000058895 0.0222048752797375 0.0226648766890554 0.0627672367328658 0.164586024177279 0.0813151157634875 0.0190116701644288 0.0267247880815235 0.0446813271065636 0.0179303606746703 0.0210202477287812 0.0354391188438584 0.0239147752024436 0.0168302819352605 0.0166523042905901 0.0214044546330056 0.0195947474677955 0.0233042910179954 0.0269698857493195 0.0203219200334336 0.0176069080975544
-9999 -9999 -9999 -9999 -9999 -9999 -9999 -9999 -9999 -9999 -9999 -9999 -9999 -9999 -9999 -9999 -9999 -9999 0.0178236742104557 0.0181085994509459 0.0170104064136576 0.0316617858195408 0.0205055888030571 0.0172644686528828 0.0165647732959138 0.0172080469691002 0.0161962792774216 0.0173703667097171 0.0213196168144504 0.0185677433635783 0.0210276803743276 0.0244634835234057 0.023723862613266 0.0206929146658506 0.0240986441700934 0.0745741619761235 0.0484791852658601 0.0243462198443882 0.0289341530772535 0.0218333481561068 0.0177144886620372 0.0181089507033463 0.0166883130729024 0.0217414153675229 0.0204258001581192 0.0214763441924635 0.0248646924637205 0.156231592536528
-9999 -9999 -9999 -9999 -9999 -9999 -9999 -9999 -9999 -9999 -9999 -9999 -9999 -9999 0.0185938401432912 -9999 -9999 -9999 0.0211408779000055 0.0268602913961726 0.0229149162217312 0.0213034585249292 0.0192789176477165 0.0158733093132298 0.016755324704965 0.00930539606210419 0.0169195808969363 0.0170899360921962 0.0175485487471997 0.0173199476859784 0.0178490707129689 0.0292098642605239 0.0212817578793203 0.0175544669391864 0.0240990051084928 0.085045347059726 0.0218997097124561 0.0463623068380576 0.0238920190338387 0.017505133464756 0.0342936780187714 0.0185241113585739 0.0184610579715863 0.0181190172146824 0.0188985999172719 0.016387485108102 0.0166391350777805 0.0587114835215963
-9999 -9999 -9999 -9999 -9999 -9999 -9999 -9999 -9999 -9999 -9999 -9999 0.0177653072636586 0.0190766648119824 0.0211376171412845 0.0168213085509064 0.0170691079217186 0.014961688016388 0.0187439360949512 0.0192226534404083 0.0203235837398422 0.0150795201131613 0.0172337705959801 0.0184452554967416 0.0165419918523922 0.0173095149492562 0.0159713689370121 0.0170597591033794 0.0181586971563689 0.0172056079348449 0.0226826605909589 0.0329586646637981 0.0741917642592815 0.0225597956983793 0.101174820230867 0.0191335849829951 0.0221948400020574 0.0282422707312168 0.0353616232040029 0.0250429716213763 0.0178190193079289 0.0195243607964516 0.0201817396788099 0.0249527106316763 0.040381783669405 0.0214689786832606 0.0189998717881991 0.0189982410713084
-9999 -9999 -9999 -9999 -9999 -9999 -9999 -9999 -9999 -9999 -9999 -9999 -9999 -9999 0.0205492533300952 0.01566537575187 0.0167633850449879 0.0167679922600855 0.0200233697351172 0.0169897094716721 0.0171192572898269 0.0168747067369483 0.0179162438837216 0.0169394353034275 0.0183970214606612 0.0212469859536463 0.017808778194163 0.0182557646283336 0.0173780881706245 0.0270528988369114 0.0533450246534836 0.0238667991624025 0.0255415353927783 0.112803217633427 0.0157197958702868 0.132907317980166 0.0591122560523453 0.0956712399598728 0.0575001363664419 0.0214645427231658 0.019406649227141 0.143930075535372 0.081829451579113 0.29047899436293 0.189309578067397 0.157950629376594 0.193139049910379 0.185265233761333
-9999 -9999 -9999 -9999 -9999 -9999 -9999 -9999 -9999 -9999 -9999 -9999 -9999 -9999 -9999 -9999 -9999 0.0187944492600528 0.0152108545789901 0.014961688016388 0.0153742802719527 0.0163882857494456 0.0151888623498951 0.0171989211805182 0.0179536329196209 0.020219696847836 0.0179036591341783 0.019647750493543 0.0248669790445185 0.0254075950275297 0.0207429313460787 0.0215193924256511 0.0838186150294204 0.147767603257311 0.13629416909862 0.135130964368105 0.0841842113941115 0.0266065297076439 0.0792991069962482 0.352745226422746 0.31710406665896 0.0612468208420379 0.560104392390137 0.477369221501229 0.581455032803285 0.0662607966420437 0.533878243708656 0.57460772437855
-9999 -9999 -9999 -9999 -9999 -9999 -9999 -9999 -9999 -9999 -9999 -9999 -9999 -9999 -9999 -9999 -9999 0.0184365079847656 0.0169765989162074 0.0170006985628089 0.0169407172736233 0.0156130525331049 0.0172175153811072 0.0182405359493853 0.0170006985628089 0.0183450348252297 0.0198977636462987 0.0181436072386531 0.0243716925012976 0.0833985430403592 0.0176994810814771 0.0227777023320559 0.229871295359945 0.410215642737624 0.0188322450371133 0.0373492729733971 0.483395029399606 0.473829249451107 0.840248465415946 0.873007519781141 0.805695336226655 0.319245802399316 0.21113643521815 0.60778301288749 0.282679473053652 0.855271740439081 0.818732778876512 0.456822421738561
-9999 -9999 -9999 -9999 -9999 -9999 -9999 -9999 -9999 -9999 -9999 -9999 -9999 -9999 -9999 -9999 -9999 -9999 -9999 0.0167568206973817 0.0190472535993835 0.0172658572193312 0.0202930755851862 0.0243731137071967 0.0240212233680304 0.0488710156586388 0.0200878416109218 0.0184168778754798 0.0330856483797635 0.042086812368346 0.0197466108518523 0.0220242614466923 0.429543265106144 0.441048314209185 0.169945600873482 0.433247150191772 0.593467402374479 0.695975092534002 0.686441629256686 0.589029616200746 0.860303254986775 0.382290423884119 0.330426703699779 0.112350539079673 0.280641555025932 0.531662596409443 0.198418613079917 0.476658105720804
-9999 -9999 -9999 -9999 -9999 -9999 -9999 -9999 -9999 -9999 -9999 -9999 -9999 -9999 -9999 -9999 -9999 -9999 -9999 0.0163208128031078 0.0170884895928445 0.0195807273762452 0.0232381527728034 0.0197449730131014 0.408664463092527 0.146794644109658 0.0812570135141364 0.0169041963171623 0.270971762095938 0.0185480841408697 0.0184543998758423 0.0265471829351367 0.140864686534975 0.291455256776639 0.716633613080101 0.378355362733865 0.6213795411151 0.270294825105159 0.0266723950360715 0.0335356742643438 0.277315143072882 0.131442667507292 0.331121029731427 0.0992965512644959 0.0598433772470554 0.0263865973598441 0.139643638633519 -9999
-9999 -9999 -9999 -9999 -9999 -9999 -9999 -9999 -9999 -9999 -9999 -9999 -9999 -9999 -9999 -9999 -9999 -9999 -9999 0.0271146466833618 0.019999408999676 0.01912823105109 0.0667153420475315 0.0576709243793754 0.169761775967634 0.171948299171395 0.157929127983096 0.0205604124409163 0.0259535541235273 0.0294470101194886 0.0505042752247882 0.0232474357463413 0.409068310259612 0.173043860399304 0.155632333387269 0.372748472283297 0.0254729996265645 0.0209497856532663 0.0151087715495621 0.0150743911195983 0.0180518865239356 0.0170094888640197 0.0206172931539498 0.017594542396788 0.0178017590797759 -9999 -9999 -9999
-9999 -9999 -9999 -9999 -9999 -9999 -9999 -9999 -9999 -9999 -9999 -9999 -9999 -9999 -9999 -9999 -9999 -9999 -9999 0.127543947903091 0.0592012805378302 0.0180135295554901 0.0194617561267061 0.126040413452338 0.0403298192279797 0.0707212855270482 0.119329222545634 0.0987592198587953 0.135750572774584 0.308608427043291 0.0521836184182647 0.262418672945593 0.41295575533449 0.486204150369945 0.270204260760599 0.0233556204337217 0.0999770292378198 0.01514393339785 0.0293914386243134 0.119694823968099 0.0811175998602362 0.0163031898219886 0.0208622090399685 0.031444035531869 0.101305704898075 0.0979178265015676 -9999 -9999
-9999 -9999 -9999 -9999 -9999 -9999 -9999 -9999 -9999 -9999 -9999 -9999 -9999 -9999 -9999 -9999 -9999 -9999 0.0624761910132665 0.715181683808675 0.223528952537288 0.133522455878477 0.0162844610905809 0.0166240031578741 0.0190892581656112 0.0187497940577996 0.0241598352391474 0.12892727982451 0.0591485341392324 0.24850748611564 0.0563378744040667 0.0231447980694889 0.0983302422603077 0.204147714016571 0.641500812429491 0.398972810742098 0.12715280147379 0.0509068081539534 -9999 -9999 0.0234531159878338 0.104791498464411 0.143827265969761 0.131534032118195 0.0161414424706853 0.133693179355142 -9999 -9999
-9999 -9999 -9999 -9999 -9999 -9999 -9999 -9999 -9999 -9999 -9999 -9999 -9999 -9999 -9999 -9999 -9999 -9999 0.102195070517715 0.106058220086185 0.241333521819602 0.0982837095449343 0.0915638325609539 0.104632460762995 0.019914979861806 0.0203937973908536 0.0828196545308104 0.0689125129667847 0.142906743535632 0.143042994153551 0.0672240894934163 0.0546155720102786 0.0276210630049328 0.244868688262968 0.249623480798022 0.0162370466614243 -9999 -9999 -9999 -9999 -9999 -9999 0.0339266128320299 0.0204636073469753 0.0879767205925833 0.0210488170541879 0.0223403023527039 -9999
-9999 -9999 -9999 0.099249924436993 0.3382672439814 0.200017022056495 0.213520355839014 0.0495809148521739 0.748222418128181 0.494632354915709 0.814999041472206 0.451520157795194 0.270679373470539 0.314604995873916 0.143193531114497 0.223346203572424 0.0743917745086231 0.0575723858906155 0.120995381340594 0.154465991573471 0.0472219628265727 0.0240477766247627 0.0171190567948037 0.0193094902933476 0.0175442901728664 0.0252678168144155 0.0216313398457184 0.11226864530305 -9999 -9999 -9999 -9999 0.0574244145925899 0.262559898699386 -9999 -9999 -9999 -9999 -9999 -9999 -9999 -9999 0.086488264327068 0.0819728163087034 0.0171413047290963 0.0223278291614575 0.0196642922265711 0.0155297393388224
-9999 -9999 -9999 0.320135327090505 0.155990181738228 0.123653307934253 0.191574100108418 0.160614196311346 0.352610629694566 0.0463546869639392 0.0711506241253495 0.270362001657445 0.0740124951135596 0.0480467299484167 0.0599374330576162 0.0302553213633961 0.175181350275346 0.0278272031898592 0.290502872903465 0.72757603867351 0.634848471309651 0.467504881534345 0.217324997388643 0.748779333691691 0.540210578951498 0.736820375426426 0.20098918948197 -9999 -9999 -9999 -9999 -9999 -9999 -9999 -9999 -9999 -9999 -9999 -9999 -9999 -9999 -9999 -9999 0.123305634986442 0.136623503535586 0.145078564601056 0.0175743863436022 0.35020249538729
-9999 -9999 -9999 -9999 0.217506027865262 0.133737999914483 0.438381478382466 0.403911090094284 0.10113942895426 0.0182794507379251 0.016572933133952 0.0158522517922938 0.0166302441481252 0.0152656683228764 0.0403817628966253 0.0381539219714939 0.0283981482361936 0.126903274753918 0.155514771008795 0.0423357436774661 0.0413551284624514 0.0509871919824261 0.0445485753176795 0.0495092321280791 0.176919957416268 0.174697509513977 0.0543287116935168 0.25481989535763 -9999 -9999 -9999 -9999 -9999 -9999 -9999 -9999 -9999 -9999 -9999 -9999 -9999 -9999 -9999 -9999 0.191732171412819 0.233163581415363 0.168970636889334 0.0354251649920428
-9999 -9999 -9999 0.194271764730442 0.238936760236436 0.482040379291293 0.0411251311626734 0.10788563110789 0.0218967050401168 0.0158988502223851 0.0166209739009965 0.014263647312277 0.0165745733047279 0.0166226212959101 0.0208127232373433 0.0228363862006142 0.0187962264419814 0.0201880358766845 0.10300873235459 0.0939622463590476 0.108270233045381 0.117647328060645 0.134040356679838 0.0204218275401174 0.0326658527250149 0.0312821636261579 0.028542866721798 -9999 -9999 -9999 -9999 -9999 -9999 -9999 -9999 -9999 -9999 -9999 -9999 -9999 -9999 -9999 -9999 -9999 -9999 -9999 0.442148149001389 0.324838362807669
-9999 -9999 -9999 -9999 0.127750341749874 0.148959183979045 0.0224329718299689 0.0225125880607622 0.0177028060629655 0.0166440432026919 0.0166302441481252 0.0158988502223851 0.0191512938279555 0.0204385540669125 0.0280149362076885 0.0206265423047827 0.0185357398554927 0.0208926643495585 0.0203428633827997 0.0260109833415894 0.094166041578755 0.0759810938538237 0.0233472816977539 0.0210700507055617 0.0539974818249499 -9999 -9999 -9999 -9999 -9999 -9999 -9999 -9999 -9999 -9999 -9999 -9999 -9999 -9999 -9999 -9999 -9999 -9999 -9999 -9999 -9999 -9999 -9999
-9999 -9999 -9999 -9999 0.0804455055610035 0.293180848040556 0.0274394053663542 0.0206048151114147 0.0214012594706296 0.015957525000763 0.0181391901835418 0.0179477660224948 0.017970840543582 0.0190002909047627 0.0162683774242083 0.0204771568285819 0.0698959309767536 0.0257833150442009 0.018500511034554 0.0214779577438508 0.0207572191469034 0.0225489914367541 0.12152214690093 -9999 -9999 -9999 -9999 -9999 -9999 -9999 -9999 -9999 -9999 -9999 -9999 -9999 -9999 0.0896957564525171 0.0844108775101765 0.306067850780347 -9999 -9999 -9999 -9999 -9999 -9999 -9999 -9999
-9999 -9999 -9999 0.0985266897416723 0.0946493046653384 0.109226052279599 0.0672102342777839 0.132855571948025 0.149919360321 0.108464986656736 0.108492929159674 0.0435065170234771 0.0455240941325762 0.0403167969406372 0.0535749243689056 0.0166870876046194 0.020590332743424 0.0789215081066719 0.0220232916991313 0.0360103239033555 0.0225365767565463 0.0277232417589035 -9999 -9999 -9999 -9999 -9999 -9999 -9999 -9999 -9999 -9999 -9999 -9999 -9999 -9999 -9999 -9999 0.153090325050816 0.0770671025087677 -9999 -9999 -9999 -9999 -9999 -9999 -9999 -9999
