Scripts_&_data/BRT_projection_files/BRT_CCV/B_mendax_1_projection.asc
NCOLS 79 
NROWS 71 
XLLCORNER -10.5 
YLLCORNER 36 
CELLSIZE 0.5 
NODATA_value -9999 
[rows 42 to 62 of 71, columns 0 to 46 of 79]
-9999 -9999 -9999 -9999 -9999 -9999 -9999 -9999 -9999 -9999 0.0159921359439948 -9999 -9999 0.0151602257462484 -9999 -9999 -9999 -9999 -9999 -9999 -9999 -9999 -9999 -9999 0.0102189015420413 0.0102189015420413 0.00912293141212634 0.00484707964308949 0.0190463017291457 0.0211606387973017 0.010453964043827 0.0154767927483888 0.067014393401566 0.101850289478363 0.115800257911201 0.00509969520527978 0.00851236769486717 0.00847203936759667 0.0206619337884746 0.0213289260741403 0.0116624002814654 0.00537388517321443 0.0107696417473999 0.0116467040672057 0.014462403447505 0.0117323427610433 0.0204272015334106
-9999 -9999 -9999 -9999 -9999 -9999 -9999 -9999 -9999 -9999 -9999 -9999 -9999 -9999 -9999 -9999 -9999 -9999 -9999 -9999 -9999 -9999 0.0141518841199692 0.0131634481381971 0.010115128514237 0.00493439345774121 0.00794948109725318 0.00944827219088878 0.00910786824171275 0.015089481625105 0.0191258880110333 0.0264150779033383 0.024018013844638 0.0600769855588368 0.0179496176573347 0.0106478198938258 0.00576338853454992 0.00484707964308949 0.0109568001376716 0.00993087197340599 0.00523987105678975 0.00537388517321443 0.00523987105678975 0.0103840816010437 0.0106789369481742 0.0117636645403584 0.0218952073088649
-9999 -9999 -9999 -9999 -9999 -9999 -9999 -9999 -9999 -9999 -9999 -9999 -9999 -9999 -9999 -9999 -9999 -9999 0.0127500369820316 0.00964078738882732 0.0048315906340416 0.0130828495461034 0.00961994474750975 0.0079947906501211 0.00776416167405205 0.00492701156332596 0.00799655898533676 0.0112888331313174 0.0048506757193734 0.0048506757193734 0.0152150946538118 0.0177045467301988 0.0195770608260976 0.0272290949901699 0.0109152252083395 0.0118498670560383 0.055413342950761 0.0049161735825396 0.0101238236909824 0.0101258035878241 0.0144862214748437 0.0196894606372256 0.00759891740769235 0.0052339444983452 0.00652872893978583 0.00539685871541849 0.0236877627812461
-9999 -9999 -9999 -9999 -9999 -9999 -9999 -9999 -9999 -9999 -9999 -9999 -9999 -9999 0.00800152852839785 -9999 -9999 -9999 0.0139402815264346 0.0139223565685847 0.00979497858143927 0.0115205074868464 0.0048575637031524 0.00488065488875318 0.00489536559684207 0.0190948563811002 0.00575383241606855 0.0112924194101733 0.00776834257879893 0.00784507543873254 0.0104850166517531 0.0188303624252422 0.0190319070166035 0.00944330639872915 0.0121930808267254 0.0182718610336092 0.00955414371381598 0.0232401677536725 0.0111384501370178 0.0369780730852665 0.0215753710527793 0.0144163320162204 0.0060019266584689 0.00616648374511262 0.00560703063646286 0.00539591261058409 0.0113083553034202
-9999 -9999 -9999 -9999 -9999 -9999 -9999 -9999 -9999 -9999 -9999 -9999 0.0109006901550574 0.0120159353729547 0.0105677637634522 0.00909738924581971 0.00906542853158609 0.00482920582841337 0.013452082149042 0.0134438630092007 0.0109661441358353 0.00867095875092717 0.00506643993413885 0.00491984325150288 0.00490722440768399 0.00483316609721115 0.00483316609721115 0.00483316609721115 0.0114361614541054 0.0113562519314394 0.0104991632430592 0.0173598466537197 0.0215651731595982 0.0142678107044424 0.219153228413805 0.0816437735536531 0.00963846557730998 0.731163686895678 0.0888031843176971 0.0104145128850606 0.0177248301328164 0.0154140987090804 0.014396384850126 0.0101752624333261 0.0110964300327598 0.0149129802466416 0.0173167749826123
-9999 -9999 -9999 -9999 -9999 -9999 -9999 -9999 -9999 -9999 -9999 -9999 -9999 -9999 0.0152154886951352 0.00776109895515455 0.0051069713117806 0.00522206305128511 0.0112143686494496 0.00906542853158609 0.00526912569997181 0.00549629518446129 0.00529677743539483 0.00483316609721115 0.00489900011175185 0.00783388741017098 0.00776416167405205 0.00923204071202995 0.00906542853158609 0.0101622894715949 0.0108458378748138 0.0193996268329796 0.0300693986479783 0.0230571983650211 0.187326472767643 0.0481519049059507 0.0208372574620038 0.0271133120801766 0.0216609859498794 0.0178311234988065 0.0194406685821797 0.624029478806659 0.10318953496075 0.779725539452924 0.79203958175644 0.856698373076643 0.359282209736023
-9999 -9999 -9999 -9999 -9999 -9999 -9999 -9999 -9999 -9999 -9999 -9999 -9999 -9999 -9999 -9999 -9999 0.0128858317381067 0.0112601081367492 0.00554142077727809 0.00483316609721115 0.00483316609721115 0.0048315906340416 0.00528638866180785 0.00491727907419095 0.00930016712485132 0.00906266592649803 0.00960579478323794 0.0140785759317127 0.0154973910348208 0.0102329245012197 0.0189966533738896 0.0222350406206986 0.0352746481611854 0.222265554938113 0.0539365633197614 0.0278139496015747 0.107652638497637 0.150452723786348 0.721843521471203 0.923777344388065 0.853882490412612 0.891829972338794 0.889437969486749 0.920132740687182 0.752765789925805 0.943003828900148
-9999 -9999 -9999 -9999 -9999 -9999 -9999 -9999 -9999 -9999 -9999 -9999 -9999 -9999 -9999 -9999 -9999 0.0100379841311649 0.0100454957554495 0.0100567302243182 0.00909377938239955 0.00483316609721115 0.00738828265512117 0.00826320095591155 0.00906542853158609 0.00959083190938658 0.0100397917206418 0.0100486337515193 0.0145639032313916 0.0603084622974926 0.0110154536009706 0.011681282520017 0.118171412703081 0.701181116112877 0.0193049229221438 0.619641921804653 0.85532916049156 0.940665926559304 0.889014487691283 0.926952928075611 0.679070683601817 0.832569139093045 0.790025374585485 0.799662246105856 0.904564867442151 0.589772771162942 0.943944060293205
-9999 -9999 -9999 -9999 -9999 -9999 -9999 -9999 -9999 -9999 -9999 -9999 -9999 -9999 -9999 -9999 -9999 -9999 -9999 0.0100567302243182 0.0108999452356873 0.00961186917397965 0.00967119987475049 0.0120250095353792 0.0120008928016 0.0127036895090705 0.0121686044511872 0.0131233763157641 0.0132040125929163 0.0134400994179989 0.0100390959201584 0.013330650571901 0.129585140471351 0.337054419861985 0.675572205143546 0.772485870083384 0.842540817052387 0.928142401052909 0.613404481610414 0.906398327358672 0.937751068078636 0.702042852771617 0.73338980543779 0.186828758682653 0.303079300059168 0.698556656199809 0.0839181927004943
-9999 -9999 -9999 -9999 -9999 -9999 -9999 -9999 -9999 -9999 -9999 -9999 -9999 -9999 -9999 -9999 -9999 -9999 -9999 0.0100379841311649 0.0100379841311649 0.0100338482564186 0.0120598019317959 0.0138855484508178 0.159759005791238 0.0865243001423464 0.0293986018529869 0.0113270436445033 0.0258914616590741 0.0494402611226169 0.0885844661182813 0.0140760767317107 0.0416917584341631 0.72368758664278 0.844036101309839 0.875010722070183 0.805851429043044 0.113746656439148 0.690517851261249 0.539165052167194 0.229452123116668 0.414834642805333 0.200489040733034 0.0474186070028972 0.0812662256838258 0.017037961470154 0.0981665448719531
-9999 -9999 -9999 -9999 -9999 -9999 -9999 -9999 -9999 -9999 -9999 -9999 -9999 -9999 -9999 -9999 -9999 -9999 -9999 0.0136432687806824 0.0106862646975912 0.0100454957554495 0.0100379841311649 0.0419542912730201 0.0658439643812814 0.184717041960178 0.254023113685498 0.0102876960590099 0.0194496321699204 0.017187033300728 0.0233472119032105 0.0133315833412322 0.232213521960157 0.68753491423688 0.533980648944789 0.674471435250037 0.155435744843282 0.0094596475641621 0.0104292405423816 0.0447800557186201 0.0104319725017743 0.00956530925900258 0.00894242174184562 0.00954848046769616 0.00955431489652134 -9999 -9999
-9999 -9999 -9999 -9999 -9999 -9999 -9999 -9999 -9999 -9999 -9999 -9999 -9999 -9999 -9999 -9999 -9999 -9999 -9999 0.0719929971057243 0.0142595784935015 0.00957756670933544 0.00905711921859601 0.00905711921859601 0.0141622971559722 0.0213862483492376 0.0745290524695001 0.101035818804814 0.0451325625045992 0.125338145067146 0.0194697691875054 0.154444214620707 0.576704185764356 0.764367080494809 0.705234653960687 0.41999709994371 0.00473011763193968 0.00505870623716216 0.0196430902863745 0.0272829832603832 0.0360871048774723 0.0167241276817724 0.00975797099569994 0.0106458724052591 0.00453913356210421 0.00454280900599071 -9999
-9999 -9999 -9999 -9999 -9999 -9999 -9999 -9999 -9999 -9999 -9999 -9999 -9999 -9999 -9999 -9999 -9999 -9999 0.0240688560061407 0.0243547184183418 0.067896566442422 0.00905711921859601 0.00892986652575986 0.0119910498991394 0.0127052316521448 0.0120646745931557 0.017700783655849 0.0412504150470281 0.327992606629326 0.0345185843787939 0.0183437904488435 0.0206867522224818 0.0658707736839305 0.452625031391944 0.697124251285031 0.35047435267099 0.0109714851596734 0.0448855217386518 -9999 -9999 0.111040917479867 0.1726127902401 0.058039547183658 0.016801646042674 0.0103013072006257 0.0105659654589118 -9999
-9999 -9999 -9999 -9999 -9999 -9999 -9999 -9999 -9999 -9999 -9999 -9999 -9999 -9999 -9999 -9999 -9999 -9999 0.065082823245669 0.0203572221861507 0.0107246032311329 0.00927028929777163 0.0048412511135179 0.00482959063084231 0.00906542853158609 0.0134480625976194 0.0262391660700503 0.0253319793489048 0.251715796654034 0.0105005837247853 0.00482959063084231 0.0137350703747349 0.0295366269612579 0.178995566654501 0.11746437493836 0.0608388683329126 -9999 -9999 -9999 -9999 -9999 -9999 0.028825534498659 0.0163671870584757 0.0133637032800835 0.0100525140232158 0.0099916152223581
-9999 -9999 -9999 0.0262166211968282 0.0333835895937009 0.0413145109111413 0.0184334157691214 0.0200575030866783 0.117746541761261 0.0798092217050898 0.37401524123456 0.145924270664554 0.0765432585090907 0.140361005039419 0.0361099319841558 0.0445305673946716 0.0367119635969567 0.0229903907938456 0.0673885423371559 0.0760093667757546 0.0645696218008354 0.0136739764568345 0.0111567764863934 0.010524029743712 0.0105799260684305 0.0134366642292404 0.0096007956231573 0.00489708447905668 -9999 -9999 -9999 -9999 0.0119738350214831 0.0200631915730002 -9999 -9999 -9999 -9999 -9999 -9999 -9999 -9999 0.0109444836832998 0.00941311834823222 0.00974015414957399 0.021026945671668 0.0134926856925075
-9999 -9999 -9999 0.0302057967912929 0.0237191703578719 0.0161771795849335 0.0176029740251508 0.0203757290371919 0.0314350765593442 0.034322348679955 0.0430927792850576 0.0468650836212341 0.0228747439269574 0.021623798024113 0.0105689619391914 0.0188129215795656 0.0260293554391548 0.0217989798155729 0.0650708083203079 0.611765105309316 0.623512367824992 0.671523792265841 0.334840940907395 0.0743263899491857 0.35563970090819 0.222792661373148 0.0100171727476164 -9999 -9999 -9999 -9999 -9999 -9999 -9999 -9999 -9999 -9999 -9999 -9999 -9999 -9999 -9999 -9999 0.00493373595695771 0.00905713104348671 0.0103712519165129 0.0111433597352549
-9999 -9999 -9999 -9999 0.0156868023016399 0.0590290015194101 0.0525878521775052 0.0635973827966232 0.0439518124245922 0.00483316609721115 0.0049856675507799 0.00493068077716077 0.00499732091257748 0.00483570500484897 0.0201674958097192 0.0188697911632645 0.0102090374946992 0.00483316609721115 0.00891180121402703 0.0130254892540679 0.0231951757632293 0.0242525501038597 0.0246548985825826 0.0144270554244102 0.247857484341439 0.187740330658236 0.0272161966543168 0.00541475570578619 -9999 -9999 -9999 -9999 -9999 -9999 -9999 -9999 -9999 -9999 -9999 -9999 -9999 -9999 -9999 -9999 0.0163520494489184 0.0173171626312811 0.0164702071823227
-9999 -9999 -9999 0.0373419604300361 0.0227400512414955 0.0362363628105546 0.0252505541064596 0.0230162239997315 0.0051007780943253 0.00483316609721115 0.00506060086178167 0.00489739480713819 0.00503158703964947 0.00495995266500649 0.00495874605835179 0.00507819543311689 0.00497588123312553 0.00497629726594129 0.00489162594607621 0.00488800273384276 0.0049856675507799 0.0048412511135179 0.00483128607484254 0.00506128859494504 0.0128374756858404 0.00924931376647706 0.00927203414160851 -9999 -9999 -9999 -9999 -9999 -9999 -9999 -9999 -9999 -9999 -9999 -9999 -9999 -9999 -9999 -9999 -9999 -9999 -9999 0.0698676612459171
-9999 -9999 -9999 -9999 0.0877670458042294 0.0278031852747333 0.00477479833822343 0.00506065446515505 0.00621888064028365 0.00511139280045285 0.00498948960526247 0.00489953583389904 0.00498808240315423 0.00499177507912618 0.00520252205522877 0.0049447535643934 0.00495702448915054 0.00495907847811392 0.00497629726594129 0.00512486012718823 0.00497253023993986 0.00497971742393982 0.00497794739193546 0.00489739480713819 0.00666878836483656 -9999 -9999 -9999 -9999 -9999 -9999 -9999 -9999 -9999 -9999 -9999 -9999 -9999 -9999 -9999 -9999 -9999 -9999 -9999 -9999 -9999 -9999
-9999 -9999 -9999 -9999 0.0282985495367831 0.0240498572500595 0.0100928805149728 0.00495794806360894 0.00957276203458676 0.0055366403905171 0.00511884624520947 0.00528484744390086 0.00484909349419255 0.00502802440791785 0.00483316609721115 0.00499126802222013 0.00576062657122188 0.00520243082547739 0.00517740494559289 0.00513164237676172 0.00499511513790591 0.00498808240315423 0.00517268211855392 -9999 -9999 -9999 -9999 -9999 -9999 -9999 -9999 -9999 -9999 -9999 -9999 -9999 -9999 0.00499311538580821 0.00906542853158609 0.0111248632982015 -9999 -9999 -9999 -9999 -9999 -9999 -9999
-9999 -9999 -9999 0.0215151351143456 0.0252589197784991 0.120820701792241 0.0438634906015444 0.0222580745398052 0.0742456254299902 0.0183203990895649 0.0186452558235283 0.0103177299990634 0.00483316609721115 0.0205906596476539 0.0048315906340416 0.0049856675507799 0.00498808240315423 0.00842356079948983 0.00517740494559289 0.00533577256626905 0.00550550731076844 0.00513387053622727 -9999 -9999 -9999 -9999 -9999 -9999 -9999 -9999 -9999 -9999 -9999 -9999 -9999 -9999 -9999 -9999 0.0110768305068067 0.0144586628508505 -9999 -9999 -9999 -9999 -9999 -9999 -9999
