Scripts_&_data/BRT_projection_files/BRT_CCV/B_mendax_2_projection.asc
NCOLS 79 
NROWS 71 
XLLCORNER -10.5 
YLLCORNER 36 
CELLSIZE 0.5 
NODATA_value -9999 
[rows 42 to 62 of 71, columns 0 to 46 of 79]
-9999 -9999 -9999 -9999 -9999 -9999 -9999 -9999 -9999 -9999 0.00578270257199576 -9999 -9999 0.019934734932614 -9999 -9999 -9999 -9999 -9999 -9999 -9999 -9999 -9999 -9999 0.00569078766009238 0.005662101293481 0.00510499999810007 0.00494889223447239 0.00507381804444386 0.00569384360077643 0.00555346469669005 0.00740860445757847 0.0338445095139071 0.022866980697064 0.0074892176994871 0.00571645379758067 0.0055022982849553 0.00476986249916673 0.00476821342553308 0.0130319014663785 0.00569731396189737 0.00513888652827495 0.00510412458240248 0.00683473823777437 0.00792417829548056 0.00530224586379373 0.00530230301379474
-9999 -9999 -9999 -9999 -9999 -9999 -9999 -9999 -9999 -9999 -9999 -9999 -9999 -9999 -9999 -9999 -9999 -9999 -9999 -9999 -9999 -9999 0.00730056683108535 0.00568493692820468 0.0056800853307241 0.00493077682147223 0.00493077682147223 0.00493051994696875 0.00496539008568366 0.00569372913488214 0.0131873830426928 0.0179000786578399 0.018822971418392 0.00506560747766239 0.00535249700643866 0.00509371127635352 0.00485213387085586 0.00573406146547179 0.00520242737899722 0.00666562103679849 0.00484544409918241 0.0050525152984861 0.00484463107493289 0.00524011174595125 0.0052574428567158 0.0050993766259093 0.00540220453564133
-9999 -9999 -9999 -9999 -9999 -9999 -9999 -9999 -9999 -9999 -9999 -9999 -9999 -9999 -9999 -9999 -9999 -9999 0.00511899732919836 0.00508774568307302 0.00484709433584623 0.00738834673792885 0.00567915059181045 0.00507381804444386 0.00494972206712279 0.00492826078211132 0.0049355423566042 0.00494774992993181 0.00494748926600193 0.00484565177869876 0.00579395710592214 0.00645460555258291 0.00566556982984024 0.00494889223447239 0.00510355086459301 0.00587815241065485 0.0551693236833799 0.00478506526065355 0.00500877708382143 0.00494640474353304 0.00507381804444386 0.00511229476647873 0.00499656088909103 0.00492744558675952 0.00508075178404231 0.00503213701446867 0.00719912781446866
-9999 -9999 -9999 -9999 -9999 -9999 -9999 -9999 -9999 -9999 -9999 -9999 -9999 -9999 0.00509199310712592 -9999 -9999 -9999 0.00567813713970079 0.00567077188330805 0.00494265973426969 0.0063048233802934 0.00495142702886199 0.00484764841764037 0.00484544409918241 0.00479918852397639 0.00478506526065355 0.00499407101858602 0.00495464689940346 0.00494358938645457 0.00509891218167567 0.00650895130526178 0.00512969925884691 0.00494948019058885 0.00571046697899759 0.00583880370094128 0.00494640474353304 0.0268239424014252 0.00504379596637184 0.0048697484272968 0.00602158637633403 0.00526769801805068 0.00493051994696875 0.00514151022755058 0.00514151022755058 0.00514089504417778 0.00527952154695608
-9999 -9999 -9999 -9999 -9999 -9999 -9999 -9999 -9999 -9999 -9999 -9999 0.00562427002290763 0.0104493724574666 0.00645332293549226 0.00514618264984287 0.00508774568307302 0.00489336085736215 0.00561798674962761 0.00570206313034177 0.0065758036288701 0.00492571184946941 0.00494633683319986 0.00486540313358988 0.0048712966110784 0.00484787638907661 0.00489444067827416 0.00494689127607869 0.00564552966703501 0.0049646750778683 0.00706618773897543 0.00648930707596062 0.0096464876567129 0.00569078766009238 0.153096377872585 0.0460755663004108 0.00507260444491322 0.0316191537306087 0.00957306674367766 0.00522522940023518 0.00529059577399371 0.00555397988373695 0.00555346469669005 0.00555708491883433 0.00774227230805138 0.00590318872140361 0.00568971221308318
-9999 -9999 -9999 -9999 -9999 -9999 -9999 -9999 -9999 -9999 -9999 -9999 -9999 -9999 0.00560856150279967 0.00506940000342154 0.00511476424034425 0.00494358938645457 0.00569372913488214 0.00508774568307302 0.00496166517197987 0.00492849282515214 0.00490616689614659 0.00486425403781511 0.00492744558675952 0.00496591432417172 0.0049454545595861 0.00573382828416338 0.00496650987558826 0.00707475896048358 0.00734529297967691 0.00633468504796764 0.00648749828143568 0.0142680195411524 0.0690163240405831 0.0156552799098201 0.0291943307364042 0.0293853219471298 0.00930115399921053 0.00566719188833098 0.00696818565663062 0.190509898810901 0.1043128486339 0.56100790673299 0.163245994922996 0.260734288563863 0.568476408053752
-9999 -9999 -9999 -9999 -9999 -9999 -9999 -9999 -9999 -9999 -9999 -9999 -9999 -9999 -9999 -9999 -9999 0.00554868514867816 0.00510050142898512 0.00492571184946941 0.00484565177869876 0.00486369254893156 0.0048952797440542 0.00499279186891614 0.00567350650473907 0.00494721993888484 0.00626549592848172 0.00627084535217832 0.00729258605722998 0.00726606984657885 0.00512873846969831 0.00555346469669005 0.0137010709347705 0.0547751147292087 0.158022668797506 0.0918014818403791 0.0401260536064779 0.00957608310105079 0.0863371232720304 0.559563833602518 0.774726101216671 0.189036788004326 0.271241953714444 0.761420685348039 0.849391928243534 0.791702230787922 0.898942326790825
-9999 -9999 -9999 -9999 -9999 -9999 -9999 -9999 -9999 -9999 -9999 -9999 -9999 -9999 -9999 -9999 -9999 0.00555176249435054 0.00510050142898512 0.00511899732919836 0.00496860422747337 0.00493077682147223 0.00494358938645457 0.00590921899662334 0.00511899732919836 0.00591000248864774 0.00573508010299495 0.00496166517197987 0.00705399663388546 0.0100737178151249 0.00507227712016628 0.00566679770153548 0.0970427058739314 0.122727888990444 0.0108335393295968 0.0198890336553624 0.834947891430081 0.896700757115711 0.922395861465775 0.9728527373501 0.901908290370846 0.637708089880614 0.577017072844877 0.735050344124181 0.379398293239229 0.850242092536302 0.986015627115614
-9999 -9999 -9999 -9999 -9999 -9999 -9999 -9999 -9999 -9999 -9999 -9999 -9999 -9999 -9999 -9999 -9999 -9999 -9999 0.00508774568307302 0.00559841991420184 0.00525177378942366 0.00637557707175563 0.00706012124447096 0.00698045630604255 0.0126644122034975 0.00508678779680175 0.00496166517197987 0.00841236642101383 0.00738408005766794 0.00555428988355452 0.0153613253834176 0.0964767295960049 0.101802533247157 0.608075480760218 0.30315916690494 0.680473468311249 0.970951044945909 0.295818715347172 0.928599962703079 0.963346571971582 0.51635815012761 0.800745442380099 0.0372287684646802 0.51402600371003 0.210032260467295 0.0806921253412501
-9999 -9999 -9999 -9999 -9999 -9999 -9999 -9999 -9999 -9999 -9999 -9999 -9999 -9999 -9999 -9999 -9999 -9999 -9999 0.00510342154861393 0.00511899732919836 0.00567657421017313 0.00570844479293241 0.00545633562517542 0.0595406885653133 0.267546899499406 0.0108708353472351 0.00493077682147223 0.205404238599304 0.00506940000342154 0.00509001556670525 0.00566988841323278 0.0921730104501728 0.0389242695713453 0.340117842453859 0.710240255257132 0.255265764155402 0.0864536181682075 0.0668190363706089 0.0730503617931046 0.113709017141308 0.133157060030512 0.0320573392722931 0.0588748101211209 0.0159031617369694 0.00537605156235709 0.00549217391743556
-9999 -9999 -9999 -9999 -9999 -9999 -9999 -9999 -9999 -9999 -9999 -9999 -9999 -9999 -9999 -9999 -9999 -9999 -9999 0.00571982457631774 0.00557435156641036 0.00530172561550719 0.00587470424734276 0.0118315715508867 0.135218010760255 0.0377597026530818 0.215768299908808 0.0056297231199142 0.00815734572062721 0.0126301734602435 0.0106883009203103 0.0054312491198442 0.0417845354043256 0.192137279133768 0.449488816183881 0.256308609468282 0.00496199507174466 0.00507124909669395 0.00502358461458095 0.00488528566004623 0.00510327110945177 0.00499288495845372 0.00492744558675952 0.00485128701846596 0.0048699539318504 -9999 -9999
-9999 -9999 -9999 -9999 -9999 -9999 -9999 -9999 -9999 -9999 -9999 -9999 -9999 -9999 -9999 -9999 -9999 -9999 -9999 0.0598253223225158 0.00506940000342154 0.00494265973426969 0.00570888435216873 0.00652999912277493 0.010522982151674 0.0136944141800296 0.0675140948343504 0.0503648916957674 0.106283820840631 0.272020090540589 0.0138853620938829 0.0246658592566946 0.0472992576312063 0.016087135780841 0.425952451198905 0.00918380297463904 0.00494889223447239 0.00489444067827416 0.00561246051667848 0.0085572861789489 0.012656367025434 0.00510499999810007 0.00484463107493289 0.00500531849512579 0.00484544409918241 0.00499683767928737 -9999
-9999 -9999 -9999 -9999 -9999 -9999 -9999 -9999 -9999 -9999 -9999 -9999 -9999 -9999 -9999 -9999 -9999 -9999 0.00802465000241932 0.0472989840750988 0.0746676632557246 0.00495898972671278 0.00484597431855621 0.00496746073845728 0.00581996562291512 0.00516193909366918 0.0056695047945174 0.0243920876614374 0.0821530979825402 0.0609871616944639 0.00789371889447901 0.00787102298867056 0.0232726633848971 0.0749021543008826 0.538342474855845 0.456723562162229 0.0162536976541021 0.0139798135692104 -9999 -9999 0.099538859833205 0.0979716453582367 0.00620158927632412 0.00576557559302873 0.00492826078211132 0.00571645379758067 -9999
-9999 -9999 -9999 -9999 -9999 -9999 -9999 -9999 -9999 -9999 -9999 -9999 -9999 -9999 -9999 -9999 -9999 -9999 0.00736815592750447 0.00622051460988423 0.00961484262558595 0.00564198444872125 0.00552046528940332 0.00484764841764037 0.00484597431855621 0.00568814934502991 0.0317763259901585 0.0230426245982316 0.0937784461595162 0.00494640474353304 0.00484709433584623 0.0074475472294289 0.00744602997993385 0.0257770955942084 0.0123747808537121 0.00979587405671964 -9999 -9999 -9999 -9999 -9999 -9999 0.00560869262970706 0.00503966017055412 0.0772239255715852 0.00494689127607869 0.00494789529926356
-9999 -9999 -9999 0.0172194783123268 0.0331005853853906 0.0243007191076996 0.0123714328947236 0.0166945585729887 0.124523713827012 0.0785026594130109 0.21390925261607 0.377923331643404 0.0415206953474815 0.106388727932094 0.0406403040323342 0.0855975017209948 0.0277257525639492 0.0219580323882433 0.0537625599551332 0.04829703655173 0.020824264616388 0.00566895988865194 0.00511803654004975 0.00499177564824031 0.00496166517197987 0.00569741738192811 0.00509122032669477 0.00484787368971286 -9999 -9999 -9999 -9999 0.00659663916592911 0.0131302121015019 -9999 -9999 -9999 -9999 -9999 -9999 -9999 -9999 0.0049642449153694 0.00494748636473433 0.00495400009322771 0.00494640474353304 0.00507381804444386
-9999 -9999 -9999 0.108180983517821 0.0398075430404785 0.0258037377330935 0.0314408275587103 0.0089405339780991 0.01249779648634 0.00760798836804781 0.0107069344511758 0.0122968706852793 0.0055139751291739 0.00558775305050011 0.00552537559481241 0.00492212580828667 0.0116367140145469 0.00506338224776885 0.0176103091954946 0.361748471684672 0.731897055359929 0.731574931934065 0.488140943170179 0.0974117184255402 0.454731802878079 0.265305046753536 0.00584149640645855 -9999 -9999 -9999 -9999 -9999 -9999 -9999 -9999 -9999 -9999 -9999 -9999 -9999 -9999 -9999 -9999 0.00486369254893156 0.00515338465150629 0.005117435997823 0.00492826078211132
-9999 -9999 -9999 -9999 0.34830570406652 0.0297624786900767 0.152741567298896 0.0587156325126045 0.0105756087822051 0.00486349158892131 0.00554645178639688 0.00490758614165699 0.0055334602769631 0.00484597431855621 0.00968737485176922 0.0099550425992338 0.00483752376680363 0.00485940067426468 0.00552574991045789 0.0057984857189637 0.00554687635040127 0.00813237818383431 0.00586186329952019 0.00569597367508325 0.0101855261868795 0.101476351258983 0.0125083522444563 0.00851400425644637 -9999 -9999 -9999 -9999 -9999 -9999 -9999 -9999 -9999 -9999 -9999 -9999 -9999 -9999 -9999 -9999 0.00572858364325684 0.00571181950857442 0.00507124909669395
-9999 -9999 -9999 0.0177840418354447 0.174975351159602 0.290772952904063 0.00812153320684884 0.0121869867967767 0.00857560970624736 0.00534561670940992 0.0055334222419667 0.00484565177869876 0.00554099950815966 0.0055574722334285 0.0058015923085646 0.00983117578670722 0.005560217122039 0.00556981862191631 0.00486214298490072 0.00484463107493289 0.00568738660692893 0.00548772782257553 0.00484597431855621 0.00486622194288751 0.00651702006761257 0.00451470749844874 0.00694600700548658 -9999 -9999 -9999 -9999 -9999 -9999 -9999 -9999 -9999 -9999 -9999 -9999 -9999 -9999 -9999 -9999 -9999 -9999 -9999 0.00570247323050256
-9999 -9999 -9999 -9999 0.02198445732978 0.0138394221974339 0.00985940120514529 0.00837943121058281 0.00556939123263124 0.005548916770535 0.0055334602769631 0.00534561670940992 0.00555328665544173 0.00555328665544173 0.00836329059317555 0.00577464228411788 0.00575498729332381 0.00575796112719763 0.00555367975636482 0.00626603160142098 0.0054138129287348 0.00583186528512688 0.00553615223951756 0.00484709433584623 0.00731401973243671 -9999 -9999 -9999 -9999 -9999 -9999 -9999 -9999 -9999 -9999 -9999 -9999 -9999 -9999 -9999 -9999 -9999 -9999 -9999 -9999 -9999 -9999
-9999 -9999 -9999 -9999 0.056448200778886 0.00866378726605822 0.00497926495934941 0.00559089439039352 0.00559319995346451 0.00484597431855621 0.00564892223324551 0.00490362626320946 0.00484597431855621 0.0049535988668074 0.00484597431855621 0.00556619393396532 0.0207148973558005 0.00579190808976382 0.00562128747699977 0.0057850405589275 0.00580443804577206 0.00571012667507753 0.00497218755838627 -9999 -9999 -9999 -9999 -9999 -9999 -9999 -9999 -9999 -9999 -9999 -9999 -9999 -9999 0.00506233015587497 0.00494465709511997 0.00713232236133503 -9999 -9999 -9999 -9999 -9999 -9999 -9999
-9999 -9999 -9999 0.00879155148651529 0.00849884817929825 0.0277652753027975 0.00919992520873723 0.0418664168114677 0.105161172833862 0.0592148447086747 0.0256177133420193 0.0103270232735009 0.00484597431855621 0.00486009028181531 0.00484787638907661 0.00553971537663689 0.00556206740338083 0.0197392227552582 0.00583356915779414 0.0104850479914068 0.00976980867483379 0.00497418143573703 -9999 -9999 -9999 -9999 -9999 -9999 -9999 -9999 -9999 -9999 -9999 -9999 -9999 -9999 -9999 -9999 0.00641545103315531 0.00524705326219645 -9999 -9999 -9999 -9999 -9999 -9999 -9999
