Scripts_&_data/BRT_projection_files/BRT_CCV/B_monticola_2_projection.asc
NCOLS 79 
NROWS 71 
XLLCORNER -10.5 
YLLCORNER 36 
CELLSIZE 0.5 
NODATA_value -9999 
[rows 42 to 62 of 71, columns 0 to 47 of 79]
-9999 -9999 -9999 -9999 -9999 -9999 -9999 -9999 -9999 -9999 0.054294622709041 -9999 -9999 0.168546289817487 -9999 -9999 -9999 -9999 -9999 -9999 -9999 -9999 -9999 -9999 0.0383242233582438 0.0426553583498868 0.0337674109310065 0.0371587728345934 0.0523590280424005 0.0484831474665808 0.0369498213953823 0.0454883471858404 0.111770913217019 0.0962088866311478 0.0483740561733593 0.0354959567859613 0.0352764820079313 0.0424127469113093 0.0507812421664983 0.053401566860646 0.0387748564560344 0.0374049344153112 0.0428325765808576 0.0476365778544691 0.0566149606132051 0.0399081531472132 0.0393927578355011 0.0319262005686616
-9999 -9999 -9999 -9999 -9999 -9999 -9999 -9999 -9999 -9999 -9999 -9999 -9999 -9999 -9999 -9999 -9999 -9999 -9999 -9999 -9999 -9999 0.0334499621746629 0.039706057392384 0.0393998217341767 0.0283520853906037 0.0279154280021646 0.0322573678569304 0.0344361540263472 0.0491297633452219 0.0569386708704338 0.071265160537018 0.0902194426806673 0.0497399636160456 0.0451663313158083 0.0368019336893343 0.031781952233875 0.0352325714094741 0.0439717234906172 0.0353984210999483 0.0313086083343921 0.0302169472792925 0.0313155444537403 0.0391577312391869 0.0393505302476872 0.0395313581863573 0.0592629804011276 0.0288208468355196
-9999 -9999 -9999 -9999 -9999 -9999 -9999 -9999 -9999 -9999 -9999 -9999 -9999 -9999 -9999 -9999 -9999 -9999 0.0387264939848026 0.0389300575243247 0.0288893974025846 0.0366526428179558 0.0307510571792896 0.0280180202846747 0.0280180202846747 0.027708209713986 0.027712825355914 0.0280133602171741 0.0338503359874101 0.0392012620859519 0.042586005581991 0.0480684610523424 0.0453510593415248 0.0439600340461714 0.039727143190041 0.0414676329954357 0.0511480109548334 0.0364005199286917 0.0445766600543933 0.0361484528708371 0.0365912713180843 0.0380631483144802 0.0319136803165889 0.0411958708232293 0.0421989189792747 0.0373617601175026 0.0583620334955598 0.0739453422799329
-9999 -9999 -9999 -9999 -9999 -9999 -9999 -9999 -9999 -9999 -9999 -9999 -9999 -9999 0.0322028871323873 -9999 -9999 -9999 0.0481454289509202 0.0926405322576709 0.0369807695661663 0.0357809826503885 0.03417229291722 0.0262267155443932 0.025592355936193 0.033460116155774 0.0357659620964006 0.0280180202846747 0.0321732316149673 0.0377823939071492 0.0405565473430425 0.0501486268877083 0.0430719271781761 0.0343676662747105 0.0411658055968976 0.0409541166801946 0.0313695135576924 0.0467149823757913 0.0397379839909937 0.0491436181091235 0.0631680688289211 0.0394321702975456 0.0347708396079879 0.0369497957224396 0.0389907672190305 0.0390190049757844 0.0383542933982539 0.110831451152427
-9999 -9999 -9999 -9999 -9999 -9999 -9999 -9999 -9999 -9999 -9999 -9999 0.0451777061252431 0.10539030178125 0.0650703877366548 0.0339545798624319 0.0338189208895076 0.0282829011041359 0.0392611660725895 0.0392119106887625 0.0442237295883384 0.0289702323732391 0.0337580787751369 0.0300017273380279 0.0257622368866539 0.0262267155443932 0.0274456982056088 0.0279154280021646 0.0280133602171741 0.0280180202846747 0.0341580836497418 0.0482329604247647 0.0494470266972077 0.0441427258479997 0.121659072941497 0.0463987052673443 0.0342148095949609 0.223385996613036 0.0589746801176876 0.0391463838576372 0.0567192408824277 0.0375089133639505 0.0376612007034277 0.0379353069360435 0.105604223375913 0.064884556323431 0.0629800859443018 0.0686462275880798
-9999 -9999 -9999 -9999 -9999 -9999 -9999 -9999 -9999 -9999 -9999 -9999 -9999 -9999 0.0432789190309707 0.036757084591673 0.0382049214308353 0.0292018001768065 0.0315159475836245 0.0288082186583297 0.0288336451446913 0.0278479926660924 0.0283339431160622 0.0274096578857769 0.0279825635910897 0.0289147793223814 0.0280911880915601 0.0280180202846747 0.0280180202846747 0.0346805345974909 0.0401610537142664 0.0432907198789818 0.0500300699988655 0.0574900604272567 0.164412488221351 0.0573521505778957 0.103262238754101 0.130089090994437 0.0498392872504108 0.0446299159277506 0.104355607261183 0.292412172517068 0.315087093372904 0.508136656199922 0.637654066839696 0.690627325023792 0.735399663339317 0.782720564949402
-9999 -9999 -9999 -9999 -9999 -9999 -9999 -9999 -9999 -9999 -9999 -9999 -9999 -9999 -9999 -9999 -9999 0.0291711152322649 0.0287995255415647 0.0289933761371783 0.0255841902716121 0.0262267155443932 0.0274456982056088 0.0280896976782232 0.0280118764555769 0.029288194443051 0.028941471661817 0.0294991369806712 0.043199188779824 0.0438970842925499 0.0360308490201419 0.0339872165931062 0.0619322858019115 0.137375045513617 0.457047447386939 0.104431141529748 0.106158466844848 0.280879289955542 0.639675672447427 0.88009672956617 0.730241208917231 0.890317897771993 0.720583841777829 0.815874860524657 0.854547050794782 0.826654187451881 0.890911768939371 0.855778490077266
-9999 -9999 -9999 -9999 -9999 -9999 -9999 -9999 -9999 -9999 -9999 -9999 -9999 -9999 -9999 -9999 -9999 0.0304079402243455 0.028758886171461 0.028791160744325 0.0288659515818719 0.0279154280021646 0.0296972270265379 0.0283488478766706 0.0289228524153183 0.028674991632054 0.0287424441397792 0.0323871210290149 0.0335655118466922 0.0579503704906921 0.0296664880483433 0.037940088775796 0.125180343522144 0.591261002310927 0.240687730205334 0.553020413751096 0.804734392543781 0.900319638145042 0.905540323532125 0.881778982146101 0.878972936713134 0.936472151752283 0.855140127373597 0.666793313180329 0.688900559356507 0.899917612895471 0.844061078965162 0.813500462095175
-9999 -9999 -9999 -9999 -9999 -9999 -9999 -9999 -9999 -9999 -9999 -9999 -9999 -9999 -9999 -9999 -9999 -9999 -9999 0.0289228524153183 0.0299115766370658 0.0287152531407707 0.0287209755311299 0.0355113150082203 0.0458392845721441 0.0467439930997395 0.0393776767772147 0.033946893631573 0.0384271371856028 0.0443743864717416 0.0346841486967647 0.0550149419342736 0.531946090124767 0.132290591859113 0.655379559058708 0.670492299936661 0.882772887894117 0.869777939437571 0.749586410555041 0.816952004845967 0.909440032483564 0.912983594506078 0.897153917389619 0.180564872261153 0.559329120083891 0.571843433153756 0.328663830953408 0.436838126919324
-9999 -9999 -9999 -9999 -9999 -9999 -9999 -9999 -9999 -9999 -9999 -9999 -9999 -9999 -9999 -9999 -9999 -9999 -9999 0.0301291563689261 0.0296255519474759 0.0308034304635816 0.0354659674834819 0.0369396783875768 0.1321782140675 0.112262610300637 0.073674874077687 0.0358430218897704 0.0893124192569396 0.0483469113429104 0.0819694903113199 0.0349078611156691 0.132180295450404 0.258873595821261 0.735251949886382 0.664012757945819 0.381857322911205 0.143969312478558 0.157903626940368 0.204459103055377 0.208831915083549 0.63024991583025 0.330012648937446 0.377565328475526 0.102603233317629 0.0868722715301643 0.0435703872563915 -9999
-9999 -9999 -9999 -9999 -9999 -9999 -9999 -9999 -9999 -9999 -9999 -9999 -9999 -9999 -9999 -9999 -9999 -9999 -9999 0.0324921133039766 0.0292019428585471 0.0291093360840413 0.0329690602091994 0.0408671499688679 0.114572416073544 0.134817969202176 0.279641826125411 0.0430389687236344 0.0478126172675283 0.065084528236715 0.0404448580011077 0.0371871740405426 0.132738308289696 0.407176077312652 0.306530418101352 0.280173165487555 0.0824360984723199 0.0335600963540016 0.032952674832039 0.0608233154664095 0.0339929554147752 0.0336030739673413 0.0334832585282057 0.0333845637237171 0.0513708661710196 -9999 -9999 -9999
-9999 -9999 -9999 -9999 -9999 -9999 -9999 -9999 -9999 -9999 -9999 -9999 -9999 -9999 -9999 -9999 -9999 -9999 -9999 0.0434087177510019 0.0308392943603146 0.029593098476963 0.02975774685276 0.0301818334686064 0.0342328205278504 0.063464726727322 0.108294889197655 0.194216475829906 0.347026568658419 0.242381750580504 0.0463302050419478 0.0631978871192143 0.242379951914891 0.244202537719046 0.323073110015686 0.0711069568096528 0.0339175558736614 0.0329205481224226 0.0368557997351099 0.0565526919439555 0.0446139801103859 0.0280180202846747 0.0329295573778624 0.0254409559213119 0.0247396129328106 0.0247222963852707 -9999 -9999
-9999 -9999 -9999 -9999 -9999 -9999 -9999 -9999 -9999 -9999 -9999 -9999 -9999 -9999 -9999 -9999 -9999 -9999 0.0475180622464601 0.0466427822738155 0.0423395773413272 0.0274499644811101 0.028379709628332 0.0285196232876339 0.0301609564047583 0.0354006126454592 0.0603848368770258 0.0874066177567786 0.426950046867018 0.0774231327197476 0.0360010224927745 0.04482786555572 0.0818291971035267 0.269525355285377 0.360448715881689 0.408241263817863 0.0676465230654236 0.0611437639407888 -9999 -9999 0.101972329487812 0.137362470174649 0.0472676657918287 0.0402985990059497 0.0278636481177166 0.0254908386850182 -9999 -9999
-9999 -9999 -9999 -9999 -9999 -9999 -9999 -9999 -9999 -9999 -9999 -9999 -9999 -9999 -9999 -9999 -9999 -9999 0.050048174958066 0.0431700018389419 0.0333692948737048 0.0286236505322488 0.0266262824094193 0.0280644635943045 0.0291433030915731 0.0330952675736578 0.0678660492023863 0.0664839529533762 0.0698088162689279 0.0294983890669884 0.0267850265598178 0.0340493525401004 0.0378001856981108 0.0732793848202226 0.0692031195261865 0.123250867947964 -9999 -9999 -9999 -9999 -9999 -9999 0.0453923100013635 0.036661794643821 0.0446814497430401 0.0364578400755434 0.0280027370189375 -9999
-9999 -9999 -9999 0.112039729733707 0.118646678721685 0.131560020563417 0.0761490111266414 0.0861538257311326 0.168124503549215 0.170431890623193 0.198920727426156 0.213649212434544 0.0909627426571155 0.163326295943691 0.103373937626229 0.18654649595511 0.155733789957059 0.150783353570659 0.0928457864658987 0.0878548271922052 0.0558891989789737 0.0345183088098733 0.0289228524153183 0.0280180202846747 0.0296525646948442 0.0323506930572765 0.0294991369806712 0.0271898632350264 -9999 -9999 -9999 -9999 0.0436764558432786 0.053405882754716 -9999 -9999 -9999 -9999 -9999 -9999 -9999 -9999 0.0295144227279525 0.0293182265616138 0.0335278809768129 0.0348120004409751 0.029273015854914 0.0253125557944605
-9999 -9999 -9999 0.158363678206817 0.145880874584826 0.074473015492 0.0761162410655722 0.0883249580234538 0.288252298239982 0.0535731308831005 0.0546467581920836 0.0582867708750915 0.0631145769166685 0.0551241497175921 0.0468898688278597 0.0494792941218843 0.0578200888544932 0.0484187387548385 0.0517091659941141 0.32626371591165 0.354744239516445 0.294117472268949 0.154052968437379 0.302720127222719 0.238392647732128 0.073275860624745 0.030103597666403 -9999 -9999 -9999 -9999 -9999 -9999 -9999 -9999 -9999 -9999 -9999 -9999 -9999 -9999 -9999 -9999 0.0262267155443932 0.0280180202846747 0.0280133643024328 0.0296681931898984 0.0582608538596103
-9999 -9999 -9999 -9999 0.161511669695331 0.0958584384545447 0.118988365156623 0.507768488104557 0.0529938632642386 0.0265966146676095 0.0307725616603121 0.0267956831282296 0.0258593687029266 0.0254613749661224 0.0376821175167342 0.0372097154587859 0.0409215236941534 0.0265966146676095 0.0397443045482755 0.0368920412877861 0.0392489345927936 0.0433064651269982 0.0540486230332054 0.0491495918127037 0.0791577895439784 0.126997579533204 0.0480903840745147 0.0370100748245891 -9999 -9999 -9999 -9999 -9999 -9999 -9999 -9999 -9999 -9999 -9999 -9999 -9999 -9999 -9999 -9999 0.0308256003246079 0.0331067870683627 0.027988684110438 0.063075211543242
-9999 -9999 -9999 0.131840897103245 0.13646720588474 0.152618152617134 0.0429855066307695 0.0438731802278112 0.026004964523135 0.0267244211076958 0.0264519363621427 0.0283032379161523 0.0262712362166647 0.0256818253392172 0.0266468780566717 0.0264884438737636 0.0253367904343205 0.0279139825641643 0.0258698094490654 0.0258698094490654 0.0259027385695607 0.0265276679496667 0.026580312976359 0.0315539362176063 0.0386162608071569 0.0788916315070248 0.0383534184708464 -9999 -9999 -9999 -9999 -9999 -9999 -9999 -9999 -9999 -9999 -9999 -9999 -9999 -9999 -9999 -9999 -9999 -9999 -9999 0.0432698763303054 0.0434259272148895
-9999 -9999 -9999 -9999 0.124207101691066 0.0505412012007779 0.0264406131235584 0.0260337701641472 0.175759095244314 0.0394805643338218 0.0260320182162363 0.0266709183974424 0.0269631399211771 0.0263099351079179 0.0300514688519122 0.0271019756330766 0.0260426404565231 0.027792984278036 0.0262341455285643 0.0259070743287134 0.0256768325900744 0.0275946724606798 0.0304487452688349 0.027334876677264 0.0428768171910871 -9999 -9999 -9999 -9999 -9999 -9999 -9999 -9999 -9999 -9999 -9999 -9999 -9999 -9999 -9999 -9999 -9999 -9999 -9999 -9999 -9999 -9999 -9999
-9999 -9999 -9999 -9999 0.102011512322929 0.0631324559930265 0.029030089630505 0.0343427501313039 0.10322383995952 0.0382413264702679 0.0355218263390683 0.0443083344912906 0.0405229881453368 0.0322459981293075 0.0265618569674083 0.026608561819927 0.0377649640949394 0.0332464797893659 0.038425311749898 0.0342735381119357 0.0287437956386416 0.027243944252649 0.0266178153161023 -9999 -9999 -9999 -9999 -9999 -9999 -9999 -9999 -9999 -9999 -9999 -9999 -9999 -9999 0.0266513333977678 0.0290417198003952 0.0310710501973887 -9999 -9999 -9999 -9999 -9999 -9999 -9999 -9999
-9999 -9999 -9999 0.0603375464327194 0.0658779886708715 0.0882483239439572 0.0393112190220432 0.0600286097110245 0.101680684026889 0.0694447173358442 0.0484532848911426 0.0304910241191415 0.0266252768181498 0.0380607993171326 0.0258837922406463 0.026070074994882 0.0257571853768399 0.0519915331025682 0.0335655499614374 0.0349495983920735 0.0264349656741542 0.0266099981935916 -9999 -9999 -9999 -9999 -9999 -9999 -9999 -9999 -9999 -9999 -9999 -9999 -9999 -9999 -9999 -9999 0.0286910761675987 0.0295262542952218 -9999 -9999 -9999 -9999 -9999 -9999 -9999 -9999
