Scripts_&_data/BRT_projection_files/BRT_CCV/B_muscorum_1_projection.asc
NCOLS 79 
NROWS 71 
XLLCORNER -10.5 
YLLCORNER 36 
CELLSIZE 0.5 
NODATA_value -9999 
[rows 44 to 65 of 71, columns 0 to 48 of 79]
-9999 -9999 -9999 -9999 -9999 -9999 -9999 -9999 -9999 -9999 -9999 -9999 -9999 -9999 -9999 -9999 -9999 -9999 0.212751558173005 0.278724247666315 0.296419964316182 0.470891160181683 0.298186339892572 0.32405062148398 0.212288716015665 0.247689311900377 0.195026720460813 0.299610248994041 0.571494232977659 0.457319563355902 0.387203641851361 0.335695649524733 0.385446604315545 0.49694955105729 0.69216337292736 0.457594739893777 0.40674671301 0.63536654642989 0.685476620342683 0.618445601571766 0.674659621996837 0.653974626211056 0.714042241811386 0.633834159704093 0.635493345913012 0.696847365136685 0.666127334364199 0.563814897950528 0.704850074630899
-9999 -9999 -9999 -9999 -9999 -9999 -9999 -9999 -9999 -9999 -9999 -9999 -9999 -9999 0.180633417406239 -9999 -9999 -9999 0.214859049369711 0.577796253822882 0.615240738009245 0.599652407304178 0.573076781479919 0.26438153072444 0.223912206195459 0.419412008900013 0.343468328437471 0.200755873282681 0.254049810370395 0.279413579503917 0.201016700098994 0.322619697450312 0.357139263819829 0.631830436321165 0.642365299177875 0.36523448562436 0.619645975508862 0.438380295985061 0.440470993953375 0.631346549426145 0.436843003775724 0.696694269845132 0.671887086726513 0.718053231408943 0.672177548520307 0.709650358239257 0.658254832371682 0.469994183446734 0.471966810490188
-9999 -9999 -9999 -9999 -9999 -9999 -9999 -9999 -9999 -9999 -9999 -9999 0.189641021553651 0.174607149394925 0.182890628163252 0.187545150527791 0.186835991542336 0.258954369918133 0.186401005266441 0.233851446195179 0.506239227516733 0.238125858360588 0.545648930726812 0.441574634259287 0.168816201569595 0.190707911039549 0.198725682451436 0.197011491307143 0.195169666798093 0.206528670314848 0.276230251264476 0.426410273887655 0.378157583655526 0.418890351772984 0.366340444421008 0.343306031018832 0.674511772614135 0.283038896277162 0.549209161291513 0.60297136152633 0.623019143567745 0.716027109546838 0.727248895125326 0.696657339794573 0.831000440740451 0.636218258734871 0.632953926281624 0.514894907939614 0.591778783489416
-9999 -9999 -9999 -9999 -9999 -9999 -9999 -9999 -9999 -9999 -9999 -9999 -9999 -9999 0.263599139890632 0.206920185797396 0.22523272641392 0.222652254211209 0.221227397045444 0.183035283539892 0.22917575766484 0.240653008852317 0.218478631290836 0.209922756135355 0.185839183516505 0.184809611050438 0.233340607340781 0.206482810813089 0.207263197939204 0.559026894085926 0.465624327146818 0.418052669658184 0.480823602900722 0.34016065405836 0.427033399306179 0.26698276591827 0.66031736005321 0.473856104548584 0.425351998613819 0.671784665807324 0.701266009335705 0.596654417170718 0.596858803956352 0.527986930425921 0.550106869824781 0.622083574195688 0.382067120889523 0.505843443552374 0.342338754089988
-9999 -9999 -9999 -9999 -9999 -9999 -9999 -9999 -9999 -9999 -9999 -9999 -9999 -9999 -9999 -9999 -9999 0.320957482194343 0.240388412737617 0.231228947735526 0.204746166678668 0.223769640781134 0.211419724709895 0.212255511022323 0.201868064510768 0.188915321448061 0.20614219687542 0.304993227657704 0.291006951187995 0.394308011442822 0.515957579895384 0.158843373677347 0.335857911053281 0.312903829551273 0.350627161151284 0.372642062303054 0.373174857998576 0.456028767805199 0.601659672183261 0.52182008536772 0.619166778645811 0.221115634210157 0.130648467579428 0.185494655187194 0.166527764864443 0.181241072053652 0.141622760523885 0.108106911269511 0.126500786105522
-9999 -9999 -9999 -9999 -9999 -9999 -9999 -9999 -9999 -9999 -9999 -9999 -9999 -9999 -9999 -9999 -9999 0.202727121441789 0.197292891039982 0.19223757808488 0.176796794043539 0.193878100980676 0.193238918218648 0.300086555901146 0.202985647057015 0.298416488946862 0.221342370655294 0.277769025671336 0.352687633999977 0.507318111427964 0.317361888704254 0.265497322973351 0.380224603558348 0.395174029728019 0.55751779320715 0.604191675350106 0.579423141075682 0.216046443402835 0.234837773769077 0.192470951087957 0.196658612811783 0.0751839846907569 0.0828567189614928 0.108974917529874 0.103759745653985 0.0804941762357371 0.10401120758112 0.167996478966587 0.148439535004894
-9999 -9999 -9999 -9999 -9999 -9999 -9999 -9999 -9999 -9999 -9999 -9999 -9999 -9999 -9999 -9999 -9999 -9999 -9999 0.197301906734901 0.195217917950671 0.260865810762763 0.216949327564242 0.200223216518844 0.535405080737559 0.78099357165795 0.689956407242119 0.573406132178948 0.729482015826783 0.598652854242549 0.420921208301632 0.291423436000207 0.356036836379274 0.461375765121653 0.375149808868403 0.239291173406968 0.158608496624641 0.131032617022977 0.231398709346002 0.138297468833815 0.110227580718772 0.106289598829179 0.0822953298519774 0.139036687186871 0.0945792287067094 0.0927196010453079 0.356411459637669 0.429774058632981 0.233478054020723
-9999 -9999 -9999 -9999 -9999 -9999 -9999 -9999 -9999 -9999 -9999 -9999 -9999 -9999 -9999 -9999 -9999 -9999 -9999 0.197310441441101 0.183276096764067 0.211132691223943 0.226160627184857 0.25961504892138 0.327830837113953 0.339275826368297 0.32124882654123 0.581659611481521 0.306577751118134 0.667997323208262 0.475550924477182 0.248031875328938 0.338799092882226 0.216486967973341 0.101933637818206 0.110287946507752 0.11217265700007 0.346964397578593 0.56296877363569 0.585288055904478 0.438376863928586 0.385184316329385 0.317624402876354 0.376634909545905 0.353543442339139 0.337900941524267 0.270631461937127 -9999 0.591366692216879
-9999 -9999 -9999 -9999 -9999 -9999 -9999 -9999 -9999 -9999 -9999 -9999 -9999 -9999 -9999 -9999 -9999 -9999 -9999 0.26985429216655 0.20770906016874 0.233464602917468 0.225709707139707 0.284995374615487 0.316158867443069 0.310326041204275 0.433391882405767 0.460003588510978 0.392586009841809 0.352170137323904 0.310438097583484 0.286112264860648 0.365655610612981 0.092280695236487 0.0791421172509253 0.192925109541906 0.309824709215334 0.192247937957524 0.248268112733013 0.334819760594644 0.25328445770284 0.258540052067289 0.27589986385018 0.262330934941491 0.359642913159955 -9999 -9999 -9999 0.337678109755414
-9999 -9999 -9999 -9999 -9999 -9999 -9999 -9999 -9999 -9999 -9999 -9999 -9999 -9999 -9999 -9999 -9999 -9999 -9999 0.31044539672947 0.316327108425462 0.246967336910833 0.200125596722311 0.233546756897397 0.345096702859806 0.489092475734964 0.351532375656173 0.449490642771188 0.339134346551321 0.349048084980616 0.365253340628573 0.252954623471358 0.244778263146249 0.0852893751328616 0.0822482020267007 0.531685120891927 0.250661493540667 0.161878244587302 0.219026536224982 0.235198177124704 0.150209773576282 0.226882546337494 0.388017686724504 0.271626768921166 0.246876455225927 0.170589209191614 -9999 -9999 -9999
-9999 -9999 -9999 -9999 -9999 -9999 -9999 -9999 -9999 -9999 -9999 -9999 -9999 -9999 -9999 -9999 -9999 -9999 0.154746481508689 0.193736567791119 0.184151345042702 0.213491636917449 0.232505786100549 0.248546119527547 0.311778763575208 0.177452591130336 0.495639032695075 0.455365421114801 0.292198418192973 0.439127311928138 0.330251650404448 0.439744910687832 0.2562068572242 0.20570387144379 0.11398878140123 0.254383281291674 0.439219109749014 0.239212217057886 -9999 -9999 0.328919977288831 0.271690906130392 0.43562875927076 0.496186454220571 0.263259904132348 0.298094617936481 -9999 -9999 -9999
-9999 -9999 -9999 -9999 -9999 -9999 -9999 -9999 -9999 -9999 -9999 -9999 -9999 -9999 -9999 -9999 -9999 -9999 0.375959418345094 0.23975616838237 0.206567205103727 0.198680924684655 0.184175193876158 0.30441596280432 0.220469119383849 0.21106951027624 0.287807353454274 0.421254280795113 0.45986391723789 0.322964161378027 0.406948152338021 0.444184220464237 0.356481505881971 0.234779682746603 0.210303523217516 0.397963812251128 -9999 -9999 -9999 -9999 -9999 -9999 0.240913483605389 0.338535772200498 0.366598123191081 0.558717642503232 0.240720329841907 -9999 -9999
-9999 -9999 -9999 0.305877217869188 0.501675562389249 0.376560344610873 0.287643134381006 0.199835371989937 0.456396486897777 0.392583358350479 0.438279269285361 0.330455474539661 0.338760863713567 0.376365352898389 0.459229686109268 0.342012169277593 0.331388491730663 0.548617400880849 0.457217248687776 0.35540044417141 0.406164087812264 0.208083363777309 0.210768999769284 0.221752461285947 0.234713849255883 0.258247352227133 0.27180408099369 0.379980766218489 -9999 -9999 -9999 -9999 0.197659866317733 0.146918582815103 -9999 -9999 -9999 -9999 -9999 -9999 -9999 -9999 0.224849075568518 0.218781218215397 0.176800511619373 0.176657121251798 0.202738932349095 0.207868142768368 0.215683253690012
-9999 -9999 -9999 0.363443427352376 0.38507324368357 0.346985692297567 0.283594844936401 0.2088604897451 0.237864950622496 0.329150557404147 0.325833540426365 0.282846595564738 0.341242336334102 0.362334639498066 0.295826190865596 0.406723153880344 0.256737346470911 0.221540506253738 0.330217078456723 0.408753315593027 0.608197547917729 0.293135754646863 0.589041449676923 0.365831447089102 0.279801066591415 0.289311424727396 0.297465729731216 -9999 -9999 -9999 -9999 -9999 -9999 -9999 -9999 -9999 -9999 -9999 -9999 -9999 -9999 -9999 -9999 0.172493716491007 0.20814035473314 0.216567351442909 0.188074463809859 0.320629458253834 0.296231306533493
-9999 -9999 -9999 -9999 0.300651546551306 0.383876300114998 0.196506048390867 0.186118981128809 0.295270325106831 0.234869343515666 0.190759625940387 0.196624990326335 0.178452729581329 0.336771283447603 0.485362656702767 0.667406204758198 0.426632429764653 0.252199941837349 0.15433821140848 0.139844983549466 0.244941614911841 0.258083137906568 0.359599845238689 0.210868853167796 0.284027444668618 0.582073726412892 0.286048142908347 0.267300536769218 -9999 -9999 -9999 -9999 -9999 -9999 -9999 -9999 -9999 -9999 -9999 -9999 -9999 -9999 -9999 -9999 0.146769128276294 0.213264613495996 0.235357566187738 0.461741596265053 0.502313730793758
-9999 -9999 -9999 0.599447623483349 0.487067304211415 0.342891752905422 0.276804733455164 0.329958662558513 0.2410865151399 0.21113087953917 0.20491369224637 0.207564430790309 0.179220545961899 0.301289852517888 0.255159010151318 0.41298880949498 0.579855448701426 0.219172127765399 0.22179326633893 0.306888586862932 0.207307953437736 0.233283249493949 0.270332566950062 0.262890448286192 0.425127504852193 0.642443981547411 0.447493835202217 -9999 -9999 -9999 -9999 -9999 -9999 -9999 -9999 -9999 -9999 -9999 -9999 -9999 -9999 -9999 -9999 -9999 -9999 -9999 0.310249831912839 0.182854155756339 0.217265575763228
-9999 -9999 -9999 -9999 0.663617568487133 0.363576268154896 0.347177214246748 0.267763149153649 0.291063664386387 0.229348759418059 0.197244712807705 0.201549939190665 0.177878694652654 0.44318801425713 0.374179413839175 0.259578529722913 0.407432193996195 0.467363763458758 0.181777884119339 0.194708375287462 0.226387307315494 0.18425341960234 0.303197498955709 0.253723573009549 0.289474261337991 -9999 -9999 -9999 -9999 -9999 -9999 -9999 -9999 -9999 -9999 -9999 -9999 -9999 -9999 -9999 -9999 -9999 -9999 -9999 -9999 -9999 -9999 -9999 0.213767959003475
-9999 -9999 -9999 -9999 0.505917990561538 0.474979683250865 0.35029211556464 0.339978356970933 0.293215224133435 0.298880439464782 0.243335343698448 0.364791657942135 0.669922003393121 0.521150520608202 0.263870053121633 0.199213510512696 0.286957086658448 0.388748921055634 0.601705550356295 0.46985524533432 0.244170903414893 0.256589105138998 0.258927560881343 -9999 -9999 -9999 -9999 -9999 -9999 -9999 -9999 -9999 -9999 -9999 -9999 -9999 -9999 0.266254926630263 0.185795021510666 0.217691213903644 -9999 -9999 -9999 -9999 -9999 -9999 -9999 -9999 -9999
-9999 -9999 -9999 0.32400541517386 0.412751819939323 0.534795307327133 0.453469881379726 0.304255298992499 0.343674015892477 0.294775209491613 0.483174545787521 0.270638748524699 0.235229136845979 0.435568014542575 0.313892986225118 0.191629580347534 0.200385838090285 0.270737567924208 0.59693440898754 0.427993495812602 0.305663131560616 0.260961762009896 -9999 -9999 -9999 -9999 -9999 -9999 -9999 -9999 -9999 -9999 -9999 -9999 -9999 -9999 -9999 -9999 0.199142671770496 0.203394684593795 -9999 -9999 -9999 -9999 -9999 -9999 -9999 -9999 -9999
-9999 -9999 -9999 0.421554081537539 0.278728146614023 0.274087141163591 0.278595025284472 0.25319451262264 0.315626947246369 0.318373327442355 0.183999989312172 0.211165466174252 0.202226343567627 0.196494963144712 0.199442940444323 0.201838090223114 0.172418169227897 0.253212578006137 0.234206010875446 0.306357940648222 0.309039282686118 -9999 -9999 -9999 -9999 -9999 -9999 -9999 -9999 -9999 -9999 -9999 -9999 -9999 -9999 -9999 -9999 -9999 0.18765662472872 0.182669027247231 -9999 -9999 -9999 -9999 -9999 -9999 -9999 -9999 -9999
-9999 -9999 0.257602451958071 0.226304053371576 0.285671425769678 0.201852204195936 0.278727353688595 0.248820015767381 0.287084620669513 0.270255916358483 0.291083370988271 0.256043741356728 0.204437294899378 0.204196293689104 0.202990700532899 0.205162372828746 0.202345227019113 0.202951825700483 0.270720133937277 0.270140253605753 -9999 -9999 -9999 -9999 -9999 -9999 -9999 -9999 -9999 -9999 -9999 -9999 -9999 -9999 -9999 -9999 -9999 -9999 0.178775412656577 0.285265658841242 -9999 -9999 -9999 -9999 -9999 -9999 -9999 -9999 -9999
-9999 -9999 0.437964323524205 0.255861905970047 0.221701870856864 0.222684134124454 0.211504034506629 0.192498850696492 0.191603451346136 0.214614764012899 0.19930210834801 0.16005718746255 0.248068977067206 0.221912558919367 0.208711342450317 0.189386215827451 0.190801222185867 0.2019337759425 0.203862934454537 0.214950774234115 0.170533110253332 -9999 -9999 -9999 -9999 -9999 -9999 -9999 -9999 -9999 -9999 -9999 -9999 -9999 -9999 -9999 -9999 -9999 -9999 -9999 -9999 -9999 -9999 -9999 -9999 -9999 -9999 -9999 -9999
