Scripts_&_data/BRT_projection_files/BRT_CCV/B_pascuorum_2_projection.asc
NCOLS 79 
NROWS 71 
XLLCORNER -10.5 
YLLCORNER 36 
CELLSIZE 0.5 
NODATA_value -9999 
[rows 44 to 65 of 71, columns 0 to 48 of 79]
-9999 -9999 -9999 -9999 -9999 -9999 -9999 -9999 -9999 -9999 -9999 -9999 -9999 -9999 -9999 -9999 -9999 -9999 0.866231369435172 0.783688154297786 0.888313822202487 0.793575910606586 0.749145666794475 0.890033631674628 0.75246167008892 0.890832864271598 0.873457463125342 0.729984885386761 0.713819776338263 0.682124508943576 0.759508258000296 0.758857960356364 0.781790665634695 0.909699594888481 0.913822823488714 0.914343121602269 0.926936561279675 0.895890618992836 0.916388150464862 0.911678677162793 0.82709959824396 0.825631737497407 0.912442560902623 0.917470935873803 0.807337623672869 0.911983758436607 0.814941005107669 0.81823613392566 0.786575145240683
-9999 -9999 -9999 -9999 -9999 -9999 -9999 -9999 -9999 -9999 -9999 -9999 -9999 -9999 0.762388734568819 -9999 -9999 -9999 0.86439242297082 0.893888223129468 0.891783458080863 0.888300829995111 0.767560684877324 0.47294052595579 0.881610707126542 0.893580091131022 0.886007205393831 0.493376264310146 0.664764400352798 0.469417021624734 0.75827453484301 0.751114271881675 0.764489277788503 0.91007171822191 0.790444771497314 0.757056970251112 0.891539254910378 0.927068393290775 0.914871232711667 0.93117624012251 0.90982621720116 0.911878821584676 0.818082172348297 0.911927695081284 0.821452020532105 0.911410604549519 0.899512412650605 0.824838373788013 0.83452156865923
-9999 -9999 -9999 -9999 -9999 -9999 -9999 -9999 -9999 -9999 -9999 -9999 0.853653717392009 0.879079498107946 0.855331590069931 0.858957364308886 0.868615771576369 0.90894024275334 0.847017752752417 0.852776199612681 0.886724522646329 0.753961426349083 0.848515917180391 0.477650061852973 0.420775904563679 0.768519360888139 0.861758333800603 0.737284111380997 0.722031569139742 0.734245811534249 0.743087271268634 0.749269309893294 0.769182292401347 0.786062245537503 0.844185395406966 0.915763515632935 0.891323270766333 0.86894762780091 0.909867954796321 0.9117904105574 0.910033432746321 0.912254314243364 0.914521585943794 0.914890067589737 0.909290864564801 0.881906540501443 0.922775192467414 0.932236166088457 0.919202162627593
-9999 -9999 -9999 -9999 -9999 -9999 -9999 -9999 -9999 -9999 -9999 -9999 -9999 -9999 0.777315446388506 0.871371049019534 0.865358079106507 0.863593665826992 0.86592957719304 0.869377854167227 0.832856499615562 0.77020321220413 0.738076648653066 0.751722557212526 0.871803966959857 0.740257794647626 0.76264547861966 0.72514958238845 0.746079396532692 0.759809319864723 0.751399074420196 0.754961193632222 0.767853577403687 0.815073453940866 0.868041387145981 0.907950220589197 0.902699393132369 0.918420963516215 0.916329535903327 0.918745652656589 0.935767002056042 0.94369038965904 0.915824234730437 0.891192818611753 0.873189880368828 0.926059622095448 0.860359242069536 0.928177138058345 0.870610751889198
-9999 -9999 -9999 -9999 -9999 -9999 -9999 -9999 -9999 -9999 -9999 -9999 -9999 -9999 -9999 -9999 -9999 0.897851589701155 0.898792009775182 0.910532748145431 0.760824380835709 0.747919671645423 0.893187187593991 0.737849754264406 0.706190467571963 0.74906415745097 0.737120270407255 0.698833973711552 0.742941145786654 0.748078608336352 0.761543142475515 0.856140904318407 0.81047509692117 0.866353023249088 0.919746203609139 0.930224453481773 0.9334362349051 0.93857629761404 0.935321132969523 0.942326614623752 0.929591857954817 0.929057199228116 0.913505231992146 0.945544140134982 0.932660727397759 0.926124671456317 0.927812881264964 0.923831038853114 0.897405745308671
-9999 -9999 -9999 -9999 -9999 -9999 -9999 -9999 -9999 -9999 -9999 -9999 -9999 -9999 -9999 -9999 -9999 0.741770872308963 0.782402963983898 0.864081278362009 0.859473198619086 0.511185606911378 0.761773095205889 0.717467342816664 0.769263189286478 0.708792941780078 0.805702159389077 0.75771724466974 0.787991300519523 0.813522024654584 0.75352465836755 0.782215867120114 0.853126027794344 0.869697136279134 0.944660439273927 0.945375534626967 0.942911998727701 0.887908842222769 0.929017027999747 0.916512176350822 0.926162575016773 0.864223024890776 0.836423589947648 0.872302011001738 0.850515986731821 0.895969968989217 0.921189774471918 0.868022420876842 0.849240105160135
-9999 -9999 -9999 -9999 -9999 -9999 -9999 -9999 -9999 -9999 -9999 -9999 -9999 -9999 -9999 -9999 -9999 -9999 -9999 0.486151673140223 0.747462497171137 0.529430113853209 0.848853607694039 0.846567302486913 0.827664263143163 0.827901713333705 0.890047743936391 0.77115319006316 0.815616830128969 0.793351953204472 0.756794357825265 0.786923161483475 0.864455977601671 0.931372007621197 0.924427121213291 0.887280504528421 0.834551750365921 0.891253154667906 0.869754194589785 0.878972048163388 0.919406620073921 0.858961158077165 0.821657885994592 0.905373514244771 0.831274735540245 0.840331581641236 0.866853496338826 0.903563796750481 0.898520103869228
-9999 -9999 -9999 -9999 -9999 -9999 -9999 -9999 -9999 -9999 -9999 -9999 -9999 -9999 -9999 -9999 -9999 -9999 -9999 0.687333496883372 0.642153179085211 0.745797703776677 0.766092761568173 0.881987804464249 0.842023462256414 0.81058747684079 0.763781908603186 0.909238487414829 0.773771580544702 0.895605102283833 0.889715448475124 0.886167393344982 0.904873983371124 0.918803888199682 0.880297749544398 0.841672770928637 0.914829196129988 0.911644660154012 0.925009007898955 0.921746371399147 0.92169700830509 0.926470522131828 0.857777417661471 0.905999177974342 0.918059171760311 0.89549597042026 0.881405222093159 -9999 0.878020962487214
-9999 -9999 -9999 -9999 -9999 -9999 -9999 -9999 -9999 -9999 -9999 -9999 -9999 -9999 -9999 -9999 -9999 -9999 -9999 0.659585912616524 0.639532752319108 0.631353635116247 0.735098598730481 0.746734278188958 0.795293043483798 0.840796063740779 0.86554801238415 0.813634918750373 0.816278066611967 0.908268215701648 0.866550249558984 0.786491064636398 0.920732038236518 0.807153419253682 0.837588147456589 0.825973597614619 0.880404383700204 0.66255475261216 0.64671424331282 0.869587565839289 0.654259973210166 0.65270464621769 0.857433783918031 0.841591088621202 0.869629577229004 -9999 -9999 -9999 0.64056872129039
-9999 -9999 -9999 -9999 -9999 -9999 -9999 -9999 -9999 -9999 -9999 -9999 -9999 -9999 -9999 -9999 -9999 -9999 -9999 0.895991033794127 0.683682081728333 0.662185369579382 0.600288748358467 0.686266273040498 0.768813457612809 0.840849183559256 0.834410250839406 0.83464052901977 0.84617036367812 0.857807481854821 0.818905460254338 0.773884215358324 0.802736245141446 0.814861000459782 0.838715538769552 0.861719176202522 0.870746039219895 0.848598552884244 0.870299877834546 0.764112555486299 0.737653140644693 0.876712179705339 0.870699468085157 0.56367107305814 0.571006100746743 0.464136593545019 -9999 -9999 -9999
-9999 -9999 -9999 -9999 -9999 -9999 -9999 -9999 -9999 -9999 -9999 -9999 -9999 -9999 -9999 -9999 -9999 -9999 0.763203858941001 0.65992349977696 0.672682551602086 0.635356833172087 0.688389372844648 0.688366675969385 0.747231851843994 0.856262618012344 0.895158234812077 0.854008361937738 0.858487943613507 0.824694917144215 0.848031415581614 0.771782948542675 0.789834899271674 0.836929890544613 0.81770574473046 0.860455080892346 0.779296754830489 0.841151237728974 -9999 -9999 0.909966762043232 0.84563110388871 0.79510229565272 0.907046409573227 0.857881374244688 0.84178288612452 -9999 -9999 -9999
-9999 -9999 -9999 -9999 -9999 -9999 -9999 -9999 -9999 -9999 -9999 -9999 -9999 -9999 -9999 -9999 -9999 -9999 0.78514734376485 0.620691240962515 0.638060540047072 0.487287725485325 0.349872852696968 0.805574411560843 0.689746439979938 0.704204069954149 0.802684004288458 0.810210157624488 0.851984153040425 0.864245347135145 0.814555777990493 0.868352437164999 0.772556781638071 0.778984959222897 0.878794503093775 0.891767491172956 -9999 -9999 -9999 -9999 -9999 -9999 0.856150014157675 0.862044250159332 0.784764129124061 0.777002234636005 0.872969605745613 -9999 -9999
-9999 -9999 -9999 0.751305639113349 0.872820430971763 0.794552389896351 0.710144188535352 0.676378306605231 0.730830024040983 0.794972898545825 0.77625515995678 0.802916787614073 0.668585855223294 0.592336870587559 0.73849419543559 0.809377612771175 0.862916364950031 0.877621256068354 0.70720325649925 0.789964086705495 0.84557827659953 0.675058980734072 0.664106855179599 0.6848809221777 0.662375943524952 0.712101848244849 0.677390773831711 0.847279286344388 -9999 -9999 -9999 -9999 0.882093817056632 0.82772149930127 -9999 -9999 -9999 -9999 -9999 -9999 -9999 -9999 0.691374939316644 0.684959980107431 0.7207576665771 0.84942035726377 0.740964956629833 0.847844921041458 0.769120417396357
-9999 -9999 -9999 0.856578170215002 0.763374242032127 0.671701924127989 0.646395588223945 0.736425852238478 0.789434789245528 0.716667723984496 0.696960939516932 0.729409792019944 0.697084969488814 0.678098177158183 0.648285387096288 0.646605082190292 0.6640708076678 0.795313861488418 0.668243654622354 0.847440491681134 0.846195225626842 0.817067365500383 0.781225113659625 0.785160846764041 0.807196858996688 0.711125379635037 0.852653533107586 -9999 -9999 -9999 -9999 -9999 -9999 -9999 -9999 -9999 -9999 -9999 -9999 -9999 -9999 -9999 -9999 0.666021387982144 0.631442626875843 0.707499325032739 0.852972992954572 0.79193924772413 0.877092270478406
-9999 -9999 -9999 -9999 0.755515767654147 0.679498453038899 0.729362843714765 0.859823077341241 0.706852225480678 0.383952393811214 0.409131177612307 0.323864763188832 0.24726537648976 0.679587325536138 0.722584700308162 0.723530787565669 0.585766232693944 0.324660974332309 0.297883091874936 0.469672079264079 0.54443291025882 0.497332217804643 0.706288255449999 0.687812632797822 0.727643720472807 0.776524326655065 0.540613696915278 0.332735432166383 -9999 -9999 -9999 -9999 -9999 -9999 -9999 -9999 -9999 -9999 -9999 -9999 -9999 -9999 -9999 -9999 0.646867406640341 0.867980798630922 0.85345795414512 0.823038734407037 0.772349480605583
-9999 -9999 -9999 0.859989225705017 0.874518644021653 0.767921302648016 0.593013659591183 0.564772901613812 0.402039777737836 0.443982519119326 0.227457657753649 0.418354335305322 0.340836891493316 0.645389377555677 0.487439223466607 0.547903110276592 0.603100351245492 0.572988539566028 0.287675843252235 0.482724951631484 0.219024156463892 0.24965110052089 0.292556536242653 0.311776810626806 0.561317096929904 0.756793182211217 0.67129419930209 -9999 -9999 -9999 -9999 -9999 -9999 -9999 -9999 -9999 -9999 -9999 -9999 -9999 -9999 -9999 -9999 -9999 -9999 -9999 0.840231169302489 0.86135285931457 0.73857719734041
-9999 -9999 -9999 -9999 0.883284027199747 0.669488439811848 0.498660342461556 0.33032191283076 0.490789871668493 0.503289473729534 0.466462263172725 0.339990933648176 0.331504380847512 0.605880550934328 0.618885514408455 0.605437717754701 0.598092004522233 0.551651487253718 0.515179945923817 0.261952795115263 0.228092497751046 0.221689833073612 0.205250894137023 0.417190940609341 0.446995530905815 -9999 -9999 -9999 -9999 -9999 -9999 -9999 -9999 -9999 -9999 -9999 -9999 -9999 -9999 -9999 -9999 -9999 -9999 -9999 -9999 -9999 -9999 -9999 0.659375826359264
-9999 -9999 -9999 -9999 0.867249944523122 0.738344437899499 0.549610331194794 0.381021793949436 0.447661854067999 0.477895182148112 0.615466132712552 0.608994998613957 0.760002334694557 0.770610861411498 0.264731627144163 0.326978932873349 0.531673534892314 0.574999998731196 0.725344696534709 0.675887187907381 0.429559142840809 0.21856797428219 0.30636886629941 -9999 -9999 -9999 -9999 -9999 -9999 -9999 -9999 -9999 -9999 -9999 -9999 -9999 -9999 0.550036408904889 0.625691972508689 0.68019220519302 -9999 -9999 -9999 -9999 -9999 -9999 -9999 -9999 -9999
-9999 -9999 -9999 0.711282051351588 0.731325168162024 0.572468322361886 0.522028581882994 0.46672394975052 0.474494880877452 0.658051969929471 0.701829872135612 0.560721353715682 0.281453692567323 0.463039694216868 0.470013216219508 0.306427409449626 0.426705306721319 0.641543214983001 0.59779870394595 0.640110047490978 0.354073271379718 0.284956328058952 -9999 -9999 -9999 -9999 -9999 -9999 -9999 -9999 -9999 -9999 -9999 -9999 -9999 -9999 -9999 -9999 0.645974001870746 0.643924482969097 -9999 -9999 -9999 -9999 -9999 -9999 -9999 -9999 -9999
-9999 -9999 -9999 0.671661658933537 0.53072069993247 0.568214825912444 0.307671026464445 0.313839697697169 0.421032667692088 0.407727137676801 0.354300630569517 0.304364095543522 0.311516776969021 0.29512379134102 0.145648345424614 0.303606005356068 0.303314792188817 0.278736737761409 0.265644822121632 0.301553492792349 0.450192291507378 -9999 -9999 -9999 -9999 -9999 -9999 -9999 -9999 -9999 -9999 -9999 -9999 -9999 -9999 -9999 -9999 -9999 0.661026170284286 0.595098908503423 -9999 -9999 -9999 -9999 -9999 -9999 -9999 -9999 -9999
-9999 -9999 0.577850678986441 0.397738681646949 0.323238902590152 0.379948646204207 0.269929301021593 0.210469658974478 0.311417346379085 0.284403847516032 0.290247397104385 0.391722667263624 0.274633278924911 0.23100564877725 0.130537764321997 0.299060294226976 0.16702740809395 0.225827180315974 0.227357980030485 0.336072433630419 -9999 -9999 -9999 -9999 -9999 -9999 -9999 -9999 -9999 -9999 -9999 -9999 -9999 -9999 -9999 -9999 -9999 -9999 0.487409834301608 0.761321269307628 -9999 -9999 -9999 -9999 -9999 -9999 -9999 -9999 -9999
-9999 -9999 0.621649901095668 0.41193605070594 0.283838306851081 0.283107522418174 0.244938654553103 0.265744548896119 0.265583748889776 0.240062091513429 0.240088606213141 0.294392734157492 0.293990545816062 0.304455935314292 0.347222080172649 0.322163654365517 0.243286668644915 0.3193319729878 0.261609842792563 0.25727834807963 0.264139395243814 -9999 -9999 -9999 -9999 -9999 -9999 -9999 -9999 -9999 -9999 -9999 -9999 -9999 -9999 -9999 -9999 -9999 -9999 -9999 -9999 -9999 -9999 -9999 -9999 -9999 -9999 -9999 -9999
