Scripts_&_data/BRT_projection_files/BRT_CCV/B_polaris_2_projection.asc
NCOLS 79 
NROWS 71 
XLLCORNER -10.5 
YLLCORNER 36 
CELLSIZE 0.5 
NODATA_value -9999 
[rows 42 to 62 of 71, columns 0 to 46 of 79]
-9999 -9999 -9999 -9999 -9999 -9999 -9999 -9999 -9999 -9999 0.0033046367517401 -9999 -9999 0.00335052342688296 -9999 -9999 -9999 -9999 -9999 -9999 -9999 -9999 -9999 -9999 0.0033046367517401 0.0033046367517401 0.0033046367517401 0.0033046367517401 0.0033046367517401 0.0033046367517401 0.0033046367517401 0.0033046367517401 0.0033046367517401 0.0033046367517401 0.0033046367517401 0.0033046367517401 0.0033046367517401 0.0033046367517401 0.0033046367517401 0.0033046367517401 0.0033046367517401 0.0033046367517401 0.0033046367517401 0.0033046367517401 0.0033046367517401 0.0033046367517401 0.0033046367517401
-9999 -9999 -9999 -9999 -9999 -9999 -9999 -9999 -9999 -9999 -9999 -9999 -9999 -9999 -9999 -9999 -9999 -9999 -9999 -9999 -9999 -9999 0.0033046367517401 0.0033046367517401 0.0033046367517401 0.0033046367517401 0.0033046367517401 0.0033046367517401 0.0033046367517401 0.0033046367517401 0.0033046367517401 0.0033046367517401 0.0033046367517401 0.0033046367517401 0.0033046367517401 0.0033046367517401 0.0033046367517401 0.0033046367517401 0.0033046367517401 0.0033046367517401 0.0033046367517401 0.0033046367517401 0.0033046367517401 0.0033046367517401 0.0033046367517401 0.0033046367517401 0.0033046367517401
-9999 -9999 -9999 -9999 -9999 -9999 -9999 -9999 -9999 -9999 -9999 -9999 -9999 -9999 -9999 -9999 -9999 -9999 0.0033046367517401 0.0033046367517401 0.0033046367517401 0.0033046367517401 0.0033046367517401 0.0033046367517401 0.0033046367517401 0.0033046367517401 0.0033046367517401 0.0033046367517401 0.0033046367517401 0.0033046367517401 0.0033046367517401 0.0033046367517401 0.0033046367517401 0.0033046367517401 0.0033046367517401 0.0033046367517401 0.0033046367517401 0.0033046367517401 0.0033046367517401 0.0033046367517401 0.0033046367517401 0.0033046367517401 0.0033046367517401 0.0033046367517401 0.0033046367517401 0.0033046367517401 0.0033046367517401
-9999 -9999 -9999 -9999 -9999 -9999 -9999 -9999 -9999 -9999 -9999 -9999 -9999 -9999 0.0033046367517401 -9999 -9999 -9999 0.0033046367517401 0.0033046367517401 0.0033046367517401 0.0033046367517401 0.0033046367517401 0.0033046367517401 0.0033046367517401 0.0033046367517401 0.0033046367517401 0.0033046367517401 0.0033046367517401 0.0033046367517401 0.0033046367517401 0.0033046367517401 0.0033046367517401 0.0033046367517401 0.0033046367517401 0.0033046367517401 0.0033046367517401 0.0033046367517401 0.0033046367517401 0.0033046367517401 0.0033046367517401 0.0033046367517401 0.0033046367517401 0.0033046367517401 0.0033046367517401 0.0033046367517401 0.0033046367517401
-9999 -9999 -9999 -9999 -9999 -9999 -9999 -9999 -9999 -9999 -9999 -9999 0.0033046367517401 0.00335052342688296 0.0033046367517401 0.0033046367517401 0.0033046367517401 0.0033046367517401 0.0033046367517401 0.0033046367517401 0.0033046367517401 0.0033046367517401 0.0033046367517401 0.0033046367517401 0.0033046367517401 0.0033046367517401 0.0033046367517401 0.0033046367517401 0.0033046367517401 0.0033046367517401 0.0033046367517401 0.0033046367517401 0.0033046367517401 0.0033046367517401 0.00335188968717623 0.0033046367517401 0.0033046367517401 0.00335188968717623 0.0033046367517401 0.0033046367517401 0.0033046367517401 0.0033046367517401 0.0033046367517401 0.0033046367517401 0.0033046367517401 0.0033046367517401 0.0033046367517401
-9999 -9999 -9999 -9999 -9999 -9999 -9999 -9999 -9999 -9999 -9999 -9999 -9999 -9999 0.0033046367517401 0.0033046367517401 0.0033046367517401 0.0033046367517401 0.0033046367517401 0.0033046367517401 0.0033046367517401 0.0033046367517401 0.0033046367517401 0.0033046367517401 0.0033046367517401 0.0033046367517401 0.0033046367517401 0.0033046367517401 0.0033046367517401 0.0033046367517401 0.0033046367517401 0.0033046367517401 0.0033046367517401 0.0033046367517401 0.00335188968717623 0.0033046367517401 0.00335052342688296 0.00335188968717623 0.0033046367517401 0.0033046367517401 0.00335017053817635 0.00335188968717623 0.00335188968717623 0.00335188968717623 0.00335188968717623 0.00335188968717623 0.00335188968717623
-9999 -9999 -9999 -9999 -9999 -9999 -9999 -9999 -9999 -9999 -9999 -9999 -9999 -9999 -9999 -9999 -9999 0.0033046367517401 0.0033046367517401 0.0033046367517401 0.0033046367517401 0.0033046367517401 0.0033046367517401 0.0033046367517401 0.0033046367517401 0.0033046367517401 0.0033046367517401 0.0033046367517401 0.0033046367517401 0.0033046367517401 0.0033046367517401 0.0033046367517401 0.0033046367517401 0.00335188968717623 0.00335188968717623 0.00335188968717623 0.00335188968717623 0.00335188968717623 0.00335188968717623 0.00335188968717623 0.00335188968717623 0.00335188968717623 0.00502673505422624 0.00335188968717623 0.00335188968717623 0.00335052342688296 0.00345951822799793
-9999 -9999 -9999 -9999 -9999 -9999 -9999 -9999 -9999 -9999 -9999 -9999 -9999 -9999 -9999 -9999 -9999 0.0033046367517401 0.0033046367517401 0.0033046367517401 0.0033046367517401 0.0033046367517401 0.0033046367517401 0.0033046367517401 0.0033046367517401 0.0033046367517401 0.0033046367517401 0.0033046367517401 0.0033046367517401 0.0033046367517401 0.0033046367517401 0.0033046367517401 0.00335188968717623 0.00335188968717623 0.00335052342688296 0.00335188968717623 0.00335188968717623 0.00335188968717623 0.00337814461256676 0.00347570705737418 0.00342338886138768 0.0733521235865646 0.0822846465175567 0.00359413247971112 0.0163274253140744 0.0272774557653063 0.00336838319182032
-9999 -9999 -9999 -9999 -9999 -9999 -9999 -9999 -9999 -9999 -9999 -9999 -9999 -9999 -9999 -9999 -9999 -9999 -9999 0.0033046367517401 0.0033046367517401 0.0033046367517401 0.0033046367517401 0.0033046367517401 0.0033046367517401 0.0033046367517401 0.0033046367517401 0.0033046367517401 0.0033046367517401 0.0033046367517401 0.0033046367517401 0.00335052342688296 0.00335188968717623 0.00335188968717623 0.00335188968717623 0.0033046367517401 0.0100350286126448 0.00369435370745558 0.00335188968717623 0.00369435370745558 0.0192378088965494 0.0606075348159553 0.080587632403971 0.0033046367517401 0.00330842943294636 0.00335052342688296 0.00335188968717623
-9999 -9999 -9999 -9999 -9999 -9999 -9999 -9999 -9999 -9999 -9999 -9999 -9999 -9999 -9999 -9999 -9999 -9999 -9999 0.0033046367517401 0.0033046367517401 0.0033046367517401 0.0033046367517401 0.0033046367517401 0.00335188968717623 0.00335052342688296 0.0033046367517401 0.0033046367517401 0.0033046367517401 0.0033046367517401 0.0033046367517401 0.0033046367517401 0.00335052342688296 0.00335052342688296 0.00335188968717623 0.00361287371796928 0.00332074508615334 0.00335052342688296 0.00335188968717623 0.00335188968717623 0.00335052342688296 0.00335188968717623 0.0033046367517401 0.0033046367517401 0.00335052342688296 0.0033046367517401 0.0033046367517401
-9999 -9999 -9999 -9999 -9999 -9999 -9999 -9999 -9999 -9999 -9999 -9999 -9999 -9999 -9999 -9999 -9999 -9999 -9999 0.0033046367517401 0.0033046367517401 0.0033046367517401 0.0033046367517401 0.0033046367517401 0.00335052342688296 0.00335188968717623 0.00335188968717623 0.0033046367517401 0.0033046367517401 0.0033046367517401 0.0033046367517401 0.0033046367517401 0.00335188968717623 0.0033046367517401 0.0036041510152584 0.0033046367517401 0.0033046367517401 0.0033046367517401 0.0033046367517401 0.0033046367517401 0.0033046367517401 0.0033046367517401 0.0033046367517401 0.0033046367517401 0.0033046367517401 -9999 -9999
-9999 -9999 -9999 -9999 -9999 -9999 -9999 -9999 -9999 -9999 -9999 -9999 -9999 -9999 -9999 -9999 -9999 -9999 -9999 0.0033046367517401 0.0033046367517401 0.0033046367517401 0.0033046367517401 0.0033046367517401 0.0033046367517401 0.0033046367517401 0.00335188968717623 0.0033046367517401 0.0033046367517401 0.00335188968717623 0.0033046367517401 0.0033046367517401 0.0033046367517401 0.0033046367517401 0.0033046367517401 0.0033046367517401 0.0033046367517401 0.0033046367517401 0.0033046367517401 0.0033046367517401 0.0033046367517401 0.0033046367517401 0.0033046367517401 0.0033046367517401 0.0033046367517401 0.00330388331879124 -9999
-9999 -9999 -9999 -9999 -9999 -9999 -9999 -9999 -9999 -9999 -9999 -9999 -9999 -9999 -9999 -9999 -9999 -9999 0.0033046367517401 0.0033046367517401 0.0033046367517401 0.0033046367517401 0.0033046367517401 0.0033046367517401 0.0033046367517401 0.0033046367517401 0.0033046367517401 0.00335188968717623 0.00335188968717623 0.00335188968717623 0.0033046367517401 0.0033046367517401 0.0033046367517401 0.0033046367517401 0.0033046367517401 0.0033046367517401 0.0033046367517401 0.0033046367517401 -9999 -9999 0.00335188968717623 0.0033046367517401 0.0033046367517401 0.0033046367517401 0.0033046367517401 0.0033046367517401 -9999
-9999 -9999 -9999 -9999 -9999 -9999 -9999 -9999 -9999 -9999 -9999 -9999 -9999 -9999 -9999 -9999 -9999 -9999 0.00335052342688296 0.0033046367517401 0.0033046367517401 0.0033046367517401 0.0033046367517401 0.0033046367517401 0.0033046367517401 0.0033046367517401 0.00335188968717623 0.00335188968717623 0.00335052342688296 0.0033046367517401 0.0033046367517401 0.0033046367517401 0.0033046367517401 0.0033046367517401 0.0033046367517401 0.0250255740043378 -9999 -9999 -9999 -9999 -9999 -9999 0.0033046367517401 0.0033046367517401 0.0033046367517401 0.0033046367517401 0.0033046367517401
-9999 -9999 -9999 0.00335188968717623 0.00335188968717623 0.00335188968717623 0.0033046367517401 0.00361628215450219 0.0033046367517401 0.0033046367517401 0.00335188968717623 0.00335879957911274 0.0204241624579692 0.00335052342688296 0.0033046367517401 0.00360831884569315 0.00816025707625519 0.00335188968717623 0.00335188968717623 0.00335188968717623 0.00335052342688296 0.0033046367517401 0.0033046367517401 0.0033046367517401 0.0033046367517401 0.0033046367517401 0.0033046367517401 0.0033046367517401 -9999 -9999 -9999 -9999 0.0033046367517401 0.0033046367517401 -9999 -9999 -9999 -9999 -9999 -9999 -9999 -9999 0.0033046367517401 0.0033046367517401 0.0033046367517401 0.0033046367517401 0.0033046367517401
-9999 -9999 -9999 0.00335188968717623 0.00335188968717623 0.0033046367517401 0.0033046367517401 0.0033046367517401 0.0033046367517401 0.0033046367517401 0.0033046367517401 0.0033046367517401 0.0033046367517401 0.0033046367517401 0.0033046367517401 0.0033046367517401 0.0033046367517401 0.0033046367517401 0.0033046367517401 0.00335188968717623 0.00335188968717623 0.00335052342688296 0.0033046367517401 0.0033046367517401 0.0033046367517401 0.0033046367517401 0.0033046367517401 -9999 -9999 -9999 -9999 -9999 -9999 -9999 -9999 -9999 -9999 -9999 -9999 -9999 -9999 -9999 -9999 0.0033046367517401 0.0033046367517401 0.0033046367517401 0.0033046367517401
-9999 -9999 -9999 -9999 0.00335188968717623 0.0033046367517401 0.0033046367517401 0.00335188968717623 0.0033046367517401 0.00328868881180504 0.00328868881180504 0.00328868881180504 0.00329338703264636 0.0033046367517401 0.0033046367517401 0.0033046367517401 0.0033046367517401 0.00328868881180504 0.00330385368795159 0.0033046367517401 0.0033046367517401 0.0033046367517401 0.0033046367517401 0.0033046367517401 0.0033046367517401 0.0033046367517401 0.0033046367517401 0.00330388331879124 -9999 -9999 -9999 -9999 -9999 -9999 -9999 -9999 -9999 -9999 -9999 -9999 -9999 -9999 -9999 -9999 0.0033046367517401 0.0033046367517401 0.0033046367517401
-9999 -9999 -9999 0.00335188968717623 0.00335188968717623 0.00335188968717623 0.0033046367517401 0.0033046367517401 0.0033046367517401 0.00328868881180504 0.00328868881180504 0.00328868881180504 0.00328868881180504 0.00329338703264636 0.0033046367517401 0.0033046367517401 0.00331123134700205 0.00328868881180504 0.00328868881180504 0.00328868881180504 0.00328868881180504 0.00328868881180504 0.00328868881180504 0.00329338703264636 0.00330388331879124 0.0033046367517401 0.0033046367517401 -9999 -9999 -9999 -9999 -9999 -9999 -9999 -9999 -9999 -9999 -9999 -9999 -9999 -9999 -9999 -9999 -9999 -9999 -9999 0.0033046367517401
-9999 -9999 -9999 -9999 0.00335188968717623 0.0033046367517401 0.0033046367517401 0.0033046367517401 0.0033046367517401 0.00328868881180504 0.00328868881180504 0.00328868881180504 0.00329222662813695 0.0033046367517401 0.0033046367517401 0.00329338703264636 0.00328868881180504 0.00328868881180504 0.00328868881180504 0.00328868881180504 0.00328868881180504 0.00328868881180504 0.00328868881180504 0.00329222662813695 0.00331233564181001 -9999 -9999 -9999 -9999 -9999 -9999 -9999 -9999 -9999 -9999 -9999 -9999 -9999 -9999 -9999 -9999 -9999 -9999 -9999 -9999 -9999 -9999
-9999 -9999 -9999 -9999 0.00335188968717623 0.0033046367517401 0.0033046367517401 0.0033046367517401 0.0033046367517401 0.0033183852133981 0.00329338703264636 0.00328868881180504 0.0033046367517401 0.0033046367517401 0.00328868881180504 0.00329338703264636 0.00331744037390485 0.0032981475227943 0.00328868881180504 0.00328868881180504 0.00328868881180504 0.00330388331879124 0.00330388331879124 -9999 -9999 -9999 -9999 -9999 -9999 -9999 -9999 -9999 -9999 -9999 -9999 -9999 -9999 0.0033046367517401 0.0033046367517401 0.0033046367517401 -9999 -9999 -9999 -9999 -9999 -9999 -9999
-9999 -9999 -9999 0.0033046367517401 0.0033046367517401 0.0033046367517401 0.0033046367517401 0.0033046367517401 0.0033046367517401 0.0033046367517401 0.0033046367517401 0.0033046367517401 0.00329222662813695 0.00328868881180504 0.00328868881180504 0.00328868881180504 0.0033046367517401 0.00331744037390485 0.00328868881180504 0.00328868881180504 0.00330388331879124 0.00330388331879124 -9999 -9999 -9999 -9999 -9999 -9999 -9999 -9999 -9999 -9999 -9999 -9999 -9999 -9999 -9999 -9999 0.0033046367517401 0.0033046367517401 -9999 -9999 -9999 -9999 -9999 -9999 -9999
