Scripts_&_data/BRT_projection_files/BRT_CCV/B_polaris_1_projection.asc
NCOLS 79 
NROWS 71 
XLLCORNER -10.5 
YLLCORNER 36 
CELLSIZE 0.5 
NODATA_value -9999 
[rows 42 to 62 of 71, columns 0 to 45 of 79]
-9999 -9999 -9999 -9999 -9999 -9999 -9999 -9999 -9999 -9999 0.00506252564306629 -9999 -9999 0.00506252564306629 -9999 -9999 -9999 -9999 -9999 -9999 -9999 -9999 -9999 -9999 0.00506252564306629 0.00506252564306629 0.00506252564306629 0.00506252564306629 0.00506252564306629 0.00506252564306629 0.00506252564306629 0.00506252564306629 0.00506252564306629 0.00506252564306629 0.00506252564306629 0.00506252564306629 0.00506252564306629 0.00506252564306629 0.00506252564306629 0.00506252564306629 0.00506252564306629 0.00506252564306629 0.00506252564306629 0.00506252564306629 0.00506252564306629 0.00506252564306629
-9999 -9999 -9999 -9999 -9999 -9999 -9999 -9999 -9999 -9999 -9999 -9999 -9999 -9999 -9999 -9999 -9999 -9999 -9999 -9999 -9999 -9999 0.00506252564306629 0.00506252564306629 0.00506252564306629 0.00506252564306629 0.00506252564306629 0.00506252564306629 0.00506252564306629 0.00506252564306629 0.00506252564306629 0.00506252564306629 0.00506252564306629 0.00506252564306629 0.00506252564306629 0.00506252564306629 0.00506252564306629 0.00506252564306629 0.00506252564306629 0.00506252564306629 0.00506252564306629 0.00506252564306629 0.00506252564306629 0.00506252564306629 0.00506252564306629 0.00506252564306629
-9999 -9999 -9999 -9999 -9999 -9999 -9999 -9999 -9999 -9999 -9999 -9999 -9999 -9999 -9999 -9999 -9999 -9999 0.00506252564306629 0.00506252564306629 0.00506252564306629 0.00506252564306629 0.00506252564306629 0.00506252564306629 0.00506252564306629 0.00506252564306629 0.00506252564306629 0.00506252564306629 0.00506252564306629 0.00506252564306629 0.00506252564306629 0.00506252564306629 0.00506252564306629 0.00506252564306629 0.00506252564306629 0.00506252564306629 0.00506252564306629 0.00506252564306629 0.00506252564306629 0.00506252564306629 0.00506252564306629 0.00506252564306629 0.00506252564306629 0.00506252564306629 0.00506252564306629 0.00506252564306629
-9999 -9999 -9999 -9999 -9999 -9999 -9999 -9999 -9999 -9999 -9999 -9999 -9999 -9999 0.00506252564306629 -9999 -9999 -9999 0.00506252564306629 0.00506252564306629 0.00506252564306629 0.00506252564306629 0.00506252564306629 0.00506252564306629 0.00506252564306629 0.00506252564306629 0.00506252564306629 0.00506252564306629 0.00506252564306629 0.00506252564306629 0.00506252564306629 0.00506252564306629 0.00506252564306629 0.00506252564306629 0.00506252564306629 0.00506252564306629 0.00506252564306629 0.00506252564306629 0.00506252564306629 0.00506252564306629 0.00506252564306629 0.00506252564306629 0.00506252564306629 0.00506252564306629 0.00506252564306629 0.00506252564306629
-9999 -9999 -9999 -9999 -9999 -9999 -9999 -9999 -9999 -9999 -9999 -9999 0.00506252564306629 0.00506252564306629 0.00506252564306629 0.00506252564306629 0.00506252564306629 0.00506252564306629 0.00506252564306629 0.00506252564306629 0.00506252564306629 0.00506252564306629 0.00506252564306629 0.00506252564306629 0.00506252564306629 0.00506252564306629 0.00506252564306629 0.00506252564306629 0.00506252564306629 0.00506252564306629 0.00506252564306629 0.00506252564306629 0.00506252564306629 0.00506252564306629 0.00508020257660067 0.00506252564306629 0.00506252564306629 0.00506252564306629 0.00506252564306629 0.00506252564306629 0.00506252564306629 0.00506252564306629 0.00506252564306629 0.00506252564306629 0.00506252564306629 0.00506252564306629
-9999 -9999 -9999 -9999 -9999 -9999 -9999 -9999 -9999 -9999 -9999 -9999 -9999 -9999 0.00506252564306629 0.00506252564306629 0.00506252564306629 0.00506252564306629 0.00506252564306629 0.00506252564306629 0.00506252564306629 0.00506252564306629 0.00506252564306629 0.00506252564306629 0.00506252564306629 0.00506252564306629 0.00506252564306629 0.00506252564306629 0.00506252564306629 0.00506252564306629 0.00506252564306629 0.00506252564306629 0.00506252564306629 0.00506252564306629 0.00508020257660067 0.00506252564306629 0.00506252564306629 0.00506252564306629 0.00506252564306629 0.00506252564306629 0.00506252564306629 0.00508020257660067 0.00506252564306629 0.00506252564306629 0.00508020257660067 0.00508020257660067
-9999 -9999 -9999 -9999 -9999 -9999 -9999 -9999 -9999 -9999 -9999 -9999 -9999 -9999 -9999 -9999 -9999 0.00506252564306629 0.00506252564306629 0.00506252564306629 0.00506252564306629 0.00506252564306629 0.00506252564306629 0.00506252564306629 0.00506252564306629 0.00506252564306629 0.00506252564306629 0.00506252564306629 0.00506252564306629 0.00506252564306629 0.00506252564306629 0.00506252564306629 0.00506252564306629 0.00506252564306629 0.00506252564306629 0.00506252564306629 0.00506252564306629 0.00508020257660067 0.00508020257660067 0.00529612597258642 0.00508020257660067 0.00511286810934379 0.00506252564306629 0.00506252564306629 0.00506252564306629 0.00506252564306629
-9999 -9999 -9999 -9999 -9999 -9999 -9999 -9999 -9999 -9999 -9999 -9999 -9999 -9999 -9999 -9999 -9999 0.00506252564306629 0.00506252564306629 0.00506252564306629 0.00506252564306629 0.00506252564306629 0.00506252564306629 0.00506252564306629 0.00506252564306629 0.00506252564306629 0.00506252564306629 0.00506252564306629 0.00506252564306629 0.00506252564306629 0.00506252564306629 0.00506252564306629 0.00508020257660067 0.00508020257660067 0.00506252564306629 0.00506252564306629 0.00508020257660067 0.00533012085193741 0.00511286810934379 0.00511286810934379 0.00506252564306629 0.0922952756384604 0.0439240743209942 0.00508111044576829 0.0055324289266799 0.0135698393101037
-9999 -9999 -9999 -9999 -9999 -9999 -9999 -9999 -9999 -9999 -9999 -9999 -9999 -9999 -9999 -9999 -9999 -9999 -9999 0.00506252564306629 0.00506252564306629 0.00506252564306629 0.00506252564306629 0.00506252564306629 0.00506252564306629 0.00506252564306629 0.00506252564306629 0.00506252564306629 0.00506252564306629 0.00506252564306629 0.00506252564306629 0.00506252564306629 0.00508020257660067 0.00506252564306629 0.00508020257660067 0.00506252564306629 0.0117308501218573 0.00511286810934379 0.00516528535003317 0.00509804740025553 0.00510162631672421 0.00599663892357973 0.0123473107182194 0.00506252564306629 0.00508111044576829 0.00506252564306629
-9999 -9999 -9999 -9999 -9999 -9999 -9999 -9999 -9999 -9999 -9999 -9999 -9999 -9999 -9999 -9999 -9999 -9999 -9999 0.00506252564306629 0.00506252564306629 0.00506252564306629 0.00506252564306629 0.00506252564306629 0.00506252564306629 0.00506252564306629 0.00506252564306629 0.00506252564306629 0.00506252564306629 0.00506252564306629 0.00506252564306629 0.00506252564306629 0.00506252564306629 0.00506252564306629 0.00506252564306629 0.00506252564306629 0.00508136028311228 0.00506252564306629 0.00508020257660067 0.00508020257660067 0.00506252564306629 0.00506252564306629 0.00506252564306629 0.00506252564306629 0.00506252564306629 0.00506252564306629
-9999 -9999 -9999 -9999 -9999 -9999 -9999 -9999 -9999 -9999 -9999 -9999 -9999 -9999 -9999 -9999 -9999 -9999 -9999 0.00506252564306629 0.00506252564306629 0.00506252564306629 0.00506252564306629 0.00506252564306629 0.00506252564306629 0.00506252564306629 0.00508020257660067 0.00506252564306629 0.00506252564306629 0.00506252564306629 0.00506252564306629 0.00506252564306629 0.00508020257660067 0.00506252564306629 0.00559095400830407 0.00506252564306629 0.00506252564306629 0.00506252564306629 0.00506252564306629 0.00506252564306629 0.00506252564306629 0.00506252564306629 0.00506252564306629 0.00506252564306629 0.00506252564306629 -9999
-9999 -9999 -9999 -9999 -9999 -9999 -9999 -9999 -9999 -9999 -9999 -9999 -9999 -9999 -9999 -9999 -9999 -9999 -9999 0.00506252564306629 0.00506252564306629 0.00506252564306629 0.00506252564306629 0.00506252564306629 0.00506252564306629 0.00506252564306629 0.00508020257660067 0.00506252564306629 0.00506252564306629 0.00508020257660067 0.00506252564306629 0.00506252564306629 0.00506252564306629 0.00506252564306629 0.00506252564306629 0.00506252564306629 0.00506252564306629 0.00506252564306629 0.00506252564306629 0.00506252564306629 0.00506252564306629 0.00506252564306629 0.00506252564306629 0.00506252564306629 0.00506252564306629 0.00506252564306629
-9999 -9999 -9999 -9999 -9999 -9999 -9999 -9999 -9999 -9999 -9999 -9999 -9999 -9999 -9999 -9999 -9999 -9999 0.00506252564306629 0.00506252564306629 0.00506252564306629 0.00506252564306629 0.00506252564306629 0.00506252564306629 0.00506252564306629 0.00506252564306629 0.00506252564306629 0.00506252564306629 0.00511531365645005 0.00506252564306629 0.00506252564306629 0.00506252564306629 0.00506252564306629 0.00506252564306629 0.00506252564306629 0.00506252564306629 0.00506252564306629 0.00506252564306629 -9999 -9999 0.00508020257660067 0.00508020257660067 0.00506024267236796 0.00506252564306629 0.00506252564306629 0.00506252564306629
-9999 -9999 -9999 -9999 -9999 -9999 -9999 -9999 -9999 -9999 -9999 -9999 -9999 -9999 -9999 -9999 -9999 -9999 0.00506252564306629 0.00506252564306629 0.00506252564306629 0.00506252564306629 0.00506252564306629 0.00506252564306629 0.00506252564306629 0.00506252564306629 0.00506252564306629 0.00506252564306629 0.00506252564306629 0.00506252564306629 0.00506252564306629 0.00506252564306629 0.00506252564306629 0.00506252564306629 0.00506252564306629 0.00945473360285817 -9999 -9999 -9999 -9999 -9999 -9999 0.00506252564306629 0.00506252564306629 0.00506252564306629 0.00506252564306629
-9999 -9999 -9999 0.00508020257660067 0.00506252564306629 0.00506252564306629 0.00506252564306629 0.00557365800244875 0.00506252564306629 0.00506252564306629 0.00508020257660067 0.00539616362536712 0.00558419128703724 0.00506252564306629 0.00506252564306629 0.0055736752157583 0.00573570745273101 0.00508020257660067 0.00508020257660067 0.00508020257660067 0.00506252564306629 0.00506252564306629 0.00506252564306629 0.00506252564306629 0.00506252564306629 0.00506252564306629 0.00506252564306629 0.00506252564306629 -9999 -9999 -9999 -9999 0.00506252564306629 0.00506252564306629 -9999 -9999 -9999 -9999 -9999 -9999 -9999 -9999 0.00506252564306629 0.00506252564306629 0.00506252564306629 0.00506252564306629
-9999 -9999 -9999 0.00508020257660067 0.00506252564306629 0.00506252564306629 0.00506252564306629 0.00506252564306629 0.00506252564306629 0.00506252564306629 0.00506252564306629 0.00506252564306629 0.00506252564306629 0.00506252564306629 0.00506252564306629 0.00506252564306629 0.00506252564306629 0.00506252564306629 0.00506252564306629 0.00508020257660067 0.00506252564306629 0.00506252564306629 0.00506252564306629 0.00506252564306629 0.00506252564306629 0.00506252564306629 0.00506252564306629 -9999 -9999 -9999 -9999 -9999 -9999 -9999 -9999 -9999 -9999 -9999 -9999 -9999 -9999 -9999 -9999 0.00506252564306629 0.00506252564306629 0.00506252564306629
-9999 -9999 -9999 -9999 0.00508020257660067 0.00506252564306629 0.00506252564306629 0.00506252564306629 0.00506252564306629 0.00506252564306629 0.00506252564306629 0.00506252564306629 0.00506252564306629 0.00506252564306629 0.00506252564306629 0.00506252564306629 0.00506252564306629 0.00506252564306629 0.00506252564306629 0.00506252564306629 0.00506252564306629 0.00506252564306629 0.00506252564306629 0.00506252564306629 0.00506252564306629 0.00506252564306629 0.00506252564306629 0.00506252564306629 -9999 -9999 -9999 -9999 -9999 -9999 -9999 -9999 -9999 -9999 -9999 -9999 -9999 -9999 -9999 -9999 0.00506252564306629 0.00506252564306629
-9999 -9999 -9999 0.00508020257660067 0.00508020257660067 0.00506252564306629 0.00506252564306629 0.00506252564306629 0.00506252564306629 0.00511227194522248 0.00530403703241131 0.00555877125085854 0.00506252564306629 0.00506252564306629 0.00506252564306629 0.00506252564306629 0.00506252564306629 0.00506252564306629 0.00528066790451561 0.00526569485774019 0.0055523920571502 0.0055523920571502 0.00507287115337591 0.00506252564306629 0.00506252564306629 0.00506252564306629 0.00506252564306629 -9999 -9999 -9999 -9999 -9999 -9999 -9999 -9999 -9999 -9999 -9999 -9999 -9999 -9999 -9999 -9999 -9999 -9999 -9999
-9999 -9999 -9999 -9999 0.00508020257660067 0.00506252564306629 0.00506252564306629 0.00506252564306629 0.00506252564306629 0.00530403703241131 0.00526569485774019 0.00530403703241131 0.00506252564306629 0.00506252564306629 0.00506252564306629 0.00506252564306629 0.00506113217522823 0.00557672310936509 0.00530403703241131 0.00529724059291783 0.00526569485774019 0.00530403703241131 0.00506113217522823 0.00506252564306629 0.00506252564306629 -9999 -9999 -9999 -9999 -9999 -9999 -9999 -9999 -9999 -9999 -9999 -9999 -9999 -9999 -9999 -9999 -9999 -9999 -9999 -9999 -9999
-9999 -9999 -9999 -9999 0.00508020257660067 0.00506252564306629 0.00506252564306629 0.00506252564306629 0.00506252564306629 0.00506252564306629 0.00506252564306629 0.00506252564306629 0.00506252564306629 0.00506252564306629 0.00506252564306629 0.00506252564306629 0.00598797811509061 0.00506252564306629 0.00506113217522823 0.00506252564306629 0.00506252564306629 0.00506252564306629 0.00506252564306629 -9999 -9999 -9999 -9999 -9999 -9999 -9999 -9999 -9999 -9999 -9999 -9999 -9999 -9999 0.00506252564306629 0.00506252564306629 0.00506252564306629 -9999 -9999 -9999 -9999 -9999 -9999
-9999 -9999 -9999 0.00506252564306629 0.00506252564306629 0.00506252564306629 0.00506252564306629 0.00506252564306629 0.00506252564306629 0.00506252564306629 0.00506252564306629 0.00506252564306629 0.00506252564306629 0.00557672310936509 0.00510291169174077 0.00506252564306629 0.00506252564306629 0.00598797811509061 0.00530403703241131 0.00506113217522823 0.00506252564306629 0.00506252564306629 -9999 -9999 -9999 -9999 -9999 -9999 -9999 -9999 -9999 -9999 -9999 -9999 -9999 -9999 -9999 -9999 0.00506252564306629 0.00506252564306629 -9999 -9999 -9999 -9999 -9999 -9999
