Scripts_&_data/BRT_projection_files/BRT_CCV/B_pratorum_2_projection.asc
NCOLS 79 
NROWS 71 
XLLCORNER -10.5 
YLLCORNER 36 
CELLSIZE 0.5 
NODATA_value -9999 
[rows 44 to 65 of 71, columns 0 to 48 of 79]
-9999 -9999 -9999 -9999 -9999 -9999 -9999 -9999 -9999 -9999 -9999 -9999 -9999 -9999 -9999 -9999 -9999 -9999 0.825318519035313 0.715337621438836 0.781407461327995 0.729762956398476 0.739948050315425 0.801442026779915 0.642663211393962 0.737055772310851 0.651685872173734 0.702042941495979 0.524906318308277 0.580807580504124 0.655466996506142 0.762384979275505 0.765412200746707 0.871448175332406 0.867263082328851 0.881558309989674 0.908964949826571 0.890265853323463 0.896341570637015 0.857846324935628 0.627943426305149 0.772134027385603 0.856829918898823 0.880201165690261 0.612097289653383 0.869710071911471 0.715450531487396 0.689459719184855 0.747580510191313
-9999 -9999 -9999 -9999 -9999 -9999 -9999 -9999 -9999 -9999 -9999 -9999 -9999 -9999 0.69150302306444 -9999 -9999 -9999 0.841178082874173 0.887784783209516 0.868827224319288 0.874719992044191 0.723991539149954 0.603177094873838 0.547401909200255 0.824005197066396 0.779429689427112 0.608768725753172 0.578481962618072 0.57007172686364 0.704901933732666 0.710043298154576 0.721915241371389 0.876036361328707 0.70928340395994 0.624733545612318 0.749787517584148 0.90992948669582 0.88328116313996 0.936704352535449 0.886223886389553 0.880761292318278 0.782556756919827 0.870562263247115 0.670769077563809 0.872276691597897 0.775763205355438 0.788863563727367 0.686151341234306
-9999 -9999 -9999 -9999 -9999 -9999 -9999 -9999 -9999 -9999 -9999 -9999 0.831763013124441 0.873478283233886 0.867764293706145 0.773036586674603 0.781586896074353 0.836880392747185 0.80972416777794 0.819084941011307 0.873797423794249 0.659259006683761 0.835311562950107 0.597263161066042 0.486443541382373 0.640084037843309 0.625902963068645 0.536284436815216 0.54220195151543 0.547861647645687 0.657246508894688 0.683011609013277 0.801290548162953 0.718644811461544 0.670572801145617 0.838917027541097 0.83956426286621 0.794364941338382 0.887718150072794 0.876368269860266 0.877945726962324 0.904972230261339 0.885854773975092 0.885906834081836 0.89061768446721 0.807484614829096 0.901590013877501 0.895619337415098 0.889111221961297
-9999 -9999 -9999 -9999 -9999 -9999 -9999 -9999 -9999 -9999 -9999 -9999 -9999 -9999 0.752956738523507 0.797429905855655 0.783631793648084 0.767161257871055 0.806657089698489 0.770197667938531 0.753943523322072 0.673416247243848 0.57561461191952 0.607270319107835 0.541398472958253 0.471507352764672 0.640073356060745 0.583059232632795 0.612743607527154 0.692776244334448 0.503618078754643 0.755060608038289 0.742016063564839 0.773619944299742 0.862383580099192 0.883193420580261 0.888805255082003 0.805389867658825 0.915589854360648 0.915290041914387 0.904362485467615 0.906682374987133 0.817968761032439 0.836349406650756 0.821443162676778 0.908244879131064 0.826547974688771 0.907911588561054 0.82337685633178
-9999 -9999 -9999 -9999 -9999 -9999 -9999 -9999 -9999 -9999 -9999 -9999 -9999 -9999 -9999 -9999 -9999 0.842614089058928 0.815819643026408 0.772921462196521 0.593722099762847 0.577451525460761 0.78398120448902 0.586412430230821 0.517759525025689 0.516216016234961 0.604580163592457 0.523684964962414 0.601134315135477 0.603740996162157 0.607985478474311 0.79605848181571 0.779081915043315 0.780771424868359 0.850969108415199 0.920871307532693 0.916014640453873 0.933594317820734 0.935907947084237 0.914176574511536 0.831325165233648 0.873956077364537 0.872219134993982 0.91698593524908 0.899219210714702 0.894252053435157 0.897846515966909 0.873298383630076 0.742309910102675
-9999 -9999 -9999 -9999 -9999 -9999 -9999 -9999 -9999 -9999 -9999 -9999 -9999 -9999 -9999 -9999 -9999 0.718844067864374 0.796724868810665 0.794555981358222 0.731468023277378 0.655284354177074 0.58707098507907 0.32121522235667 0.626346872017922 0.338487684393224 0.640111618435192 0.623904487356711 0.608930997133442 0.816526400706631 0.665109224029918 0.661972481558825 0.804677339436433 0.822964166006517 0.937757236389419 0.934224640677304 0.90500892607845 0.83903013819421 0.898723592498534 0.851583365425151 0.898860864757358 0.736046665584636 0.785924446939029 0.866951329583842 0.805942322203356 0.787692322991234 0.867688386180986 0.803767167887789 0.796109824321863
-9999 -9999 -9999 -9999 -9999 -9999 -9999 -9999 -9999 -9999 -9999 -9999 -9999 -9999 -9999 -9999 -9999 -9999 -9999 0.560030998396052 0.666839099606244 0.572839792530041 0.718516118124965 0.767526074876001 0.783440838524329 0.702962570148102 0.82307090010303 0.73537519121785 0.742604607264622 0.72249611625395 0.68962650696636 0.688366852202764 0.805056458621382 0.910728301043295 0.832082277717078 0.867559383812309 0.79691094978434 0.830817815698195 0.824192990520021 0.843954273184796 0.892760592620518 0.804931833446806 0.59971926851568 0.886911886576769 0.748685652428006 0.758786151274491 0.807144588779261 0.78877938935906 0.804626008853436
-9999 -9999 -9999 -9999 -9999 -9999 -9999 -9999 -9999 -9999 -9999 -9999 -9999 -9999 -9999 -9999 -9999 -9999 -9999 0.560492715441443 0.539355564444536 0.724444876862471 0.639614814604928 0.70268695631414 0.769549596312254 0.540153845081706 0.582148518876373 0.88881998994517 0.54835248083329 0.875776354293559 0.843223178351514 0.749196846425925 0.814825749703147 0.885855719713066 0.795438259735141 0.836803180611938 0.880635652081977 0.874516529567039 0.87933140692383 0.875140097735518 0.906860590911843 0.885783683784836 0.790982615545373 0.8856167115864 0.884229671829802 0.816841479335515 0.596939582088661 -9999 0.640463940493523
-9999 -9999 -9999 -9999 -9999 -9999 -9999 -9999 -9999 -9999 -9999 -9999 -9999 -9999 -9999 -9999 -9999 -9999 -9999 0.451974558327553 0.509208673639747 0.491077432323538 0.622738375422584 0.704207465014076 0.660852082361096 0.753241492925793 0.805501196579741 0.631939116521372 0.789224834700441 0.877124792426682 0.766562727173295 0.633040105039203 0.889878908554169 0.769950468548466 0.741941485839292 0.79957926457838 0.778050260764131 0.506895820783968 0.591114644920631 0.596268443056259 0.551916224834506 0.521730060931061 0.549989267905372 0.58179430463246 0.576184850587015 -9999 -9999 -9999 0.22756656519953
-9999 -9999 -9999 -9999 -9999 -9999 -9999 -9999 -9999 -9999 -9999 -9999 -9999 -9999 -9999 -9999 -9999 -9999 -9999 0.526337833326969 0.448133417774547 0.402130377855321 0.400570017131498 0.358689556721871 0.461087928845848 0.816583973218865 0.78677677122029 0.785274900788926 0.790954628552839 0.797115797418638 0.674105147448431 0.734635264454313 0.764873158447676 0.745235138514602 0.795538647960103 0.825485527663303 0.466551994291869 0.566712232433659 0.754689767744926 0.756985963506833 0.691233695797687 0.763324899448933 0.538507739260156 0.43853344482013 0.464420670666395 0.277870689509563 -9999 -9999 -9999
-9999 -9999 -9999 -9999 -9999 -9999 -9999 -9999 -9999 -9999 -9999 -9999 -9999 -9999 -9999 -9999 -9999 -9999 0.442220071436761 0.249490206146133 0.360823193344192 0.365953232956883 0.463834989230185 0.512967067341043 0.42938715697553 0.796417437230271 0.885388086197833 0.75491922393393 0.800655606647431 0.610305294786114 0.374066917744402 0.75207373170569 0.747497914688532 0.75861811936901 0.776099672736661 0.812171135751932 0.684739114746159 0.59252852813137 -9999 -9999 0.839005575702956 0.652406773487341 0.630231400470591 0.878857837073312 0.633970123088303 0.391953954826863 -9999 -9999 -9999
-9999 -9999 -9999 -9999 -9999 -9999 -9999 -9999 -9999 -9999 -9999 -9999 -9999 -9999 -9999 -9999 -9999 -9999 0.474223895338203 0.353018221487978 0.474415718745889 0.44624257287938 0.36483017275047 0.473643693299047 0.485762562245488 0.636508549860942 0.6543609024504 0.69948328087939 0.42824505635498 0.290798599926798 0.24692428261165 0.402415789013358 0.482994621570353 0.655163514831597 0.7305490694467 0.617033585257368 -9999 -9999 -9999 -9999 -9999 -9999 0.538241546731743 0.573588177985118 0.635668170351623 0.644803970182491 0.710319015358441 -9999 -9999
-9999 -9999 -9999 0.295325675952041 0.244019165231856 0.499636468700676 0.428703682546707 0.594451504292075 0.693266234937903 0.842592448042534 0.72755837266904 0.796279561114628 0.461086324051779 0.445086499497941 0.545700283654693 0.454524828123058 0.270381343220884 0.684846340713576 0.513710595182387 0.584952117700936 0.494011339323672 0.385891274387919 0.506574396305651 0.448993805530058 0.426845283775771 0.492883818436415 0.320823907789464 0.286733915450222 -9999 -9999 -9999 -9999 0.415369623669702 0.380247004607336 -9999 -9999 -9999 -9999 -9999 -9999 -9999 -9999 0.31948127699093 0.301761256469455 0.489764579128361 0.614293877669732 0.5679899173542 0.580054546596007 0.350426546556058
-9999 -9999 -9999 0.297457544158734 0.533223010332829 0.504402881090075 0.40283769661709 0.516117511696592 0.542591961268427 0.648586741611438 0.559064310596237 0.540866908622962 0.571899982543006 0.552269026108642 0.453582759036392 0.605598384809062 0.567632010748306 0.459467006602758 0.403859507007586 0.70765406769338 0.797636746812319 0.705966182571038 0.726980479430595 0.579319854607665 0.686550535523263 0.579146681289459 0.272179824553197 -9999 -9999 -9999 -9999 -9999 -9999 -9999 -9999 -9999 -9999 -9999 -9999 -9999 -9999 -9999 -9999 0.331707578406559 0.308469278196975 0.452265977564863 0.551614521181946 0.525260791239594 0.7133456055163
-9999 -9999 -9999 -9999 0.545904453237603 0.469264562841999 0.607288801159558 0.532984913401049 0.517680919377826 0.278602567857157 0.382599485681316 0.415571733586409 0.322524472297518 0.441512503658354 0.621285008460539 0.63333250799251 0.429447091284369 0.252342856846877 0.254004346279546 0.271522290326064 0.281224877916696 0.157603247682291 0.542574624018715 0.53269566803253 0.551892765083702 0.714134626282402 0.167205211760081 0.122953167544744 -9999 -9999 -9999 -9999 -9999 -9999 -9999 -9999 -9999 -9999 -9999 -9999 -9999 -9999 -9999 -9999 0.360259789453991 0.471249370858153 0.318478118979806 0.761650497371782 0.639121481894094
-9999 -9999 -9999 0.224880594083404 0.507264903487789 0.598968344347361 0.408032966457882 0.361083568490348 0.194941436913871 0.430746078810014 0.253904514084022 0.499128537393394 0.377379120294994 0.330872024137043 0.282817687289475 0.372595852796242 0.385150935787694 0.40080541018157 0.187617238955635 0.202435425148685 0.171371883965401 0.225999937080102 0.193087664607339 0.194991043099528 0.204550993738577 0.357813911693847 0.245517149305689 -9999 -9999 -9999 -9999 -9999 -9999 -9999 -9999 -9999 -9999 -9999 -9999 -9999 -9999 -9999 -9999 -9999 -9999 -9999 0.528475938029825 0.398581898931201 0.391574307469461
-9999 -9999 -9999 -9999 0.288049001043196 0.460504808343423 0.281079931620805 0.14875041889397 0.201661538674022 0.388554014997094 0.365646956319784 0.279035083729572 0.257364217093326 0.395361228989305 0.619470818891258 0.331378186098753 0.473532026064879 0.379869119130618 0.297057448749513 0.181639655923405 0.160054322974042 0.147682248250737 0.161869890108998 0.150219126153778 0.138245331813921 -9999 -9999 -9999 -9999 -9999 -9999 -9999 -9999 -9999 -9999 -9999 -9999 -9999 -9999 -9999 -9999 -9999 -9999 -9999 -9999 -9999 -9999 -9999 0.365186220245327
-9999 -9999 -9999 -9999 0.295016069989317 0.248391146993443 0.189539461753141 0.214831245394513 0.208370720629721 0.356365199704407 0.319889162203945 0.451554339933522 0.723819871874794 0.486235751689089 0.212078777196893 0.276958450189898 0.379859939751931 0.580603786738114 0.686965000524839 0.73991424811834 0.401340845691858 0.12361127943107 0.125842970424392 -9999 -9999 -9999 -9999 -9999 -9999 -9999 -9999 -9999 -9999 -9999 -9999 -9999 -9999 0.24099634425896 0.329720379998652 0.363912059968711 -9999 -9999 -9999 -9999 -9999 -9999 -9999 -9999 -9999
-9999 -9999 -9999 0.185316916328534 0.226204173706335 0.369428530125126 0.223841532452325 0.204551831339437 0.20464793617781 0.464663400967181 0.466796869925717 0.392136364177268 0.173289539414106 0.210289420676127 0.199468399946384 0.245035175348385 0.246878012932441 0.620800127392226 0.670867339415725 0.660398446053077 0.1923764611469 0.117443303706706 -9999 -9999 -9999 -9999 -9999 -9999 -9999 -9999 -9999 -9999 -9999 -9999 -9999 -9999 -9999 -9999 0.369454650043118 0.340537853046151 -9999 -9999 -9999 -9999 -9999 -9999 -9999 -9999 -9999
-9999 -9999 -9999 0.163365274545201 0.168370200267321 0.147760839820849 0.114802281363608 0.120173657556497 0.13301536668055 0.144443027205392 0.123790855050987 0.148254840356375 0.242476960558351 0.20536075785954 0.219224240584799 0.249708481772273 0.196536445854367 0.270988525215023 0.23228842285045 0.172748036468093 0.178567024993612 -9999 -9999 -9999 -9999 -9999 -9999 -9999 -9999 -9999 -9999 -9999 -9999 -9999 -9999 -9999 -9999 -9999 0.403100216653854 0.205487730375943 -9999 -9999 -9999 -9999 -9999 -9999 -9999 -9999 -9999
-9999 -9999 0.165149919487558 0.127461237034643 0.130933599409871 0.111385185917713 0.123565099546986 0.116073849564817 0.134169599153693 0.129465619050338 0.11771187683915 0.123742611055565 0.132901434541594 0.210021895748536 0.267057587442717 0.223766338359555 0.228863452343688 0.222063126183626 0.171404203855957 0.192466025884447 -9999 -9999 -9999 -9999 -9999 -9999 -9999 -9999 -9999 -9999 -9999 -9999 -9999 -9999 -9999 -9999 -9999 -9999 0.199160656263472 0.297965883973868 -9999 -9999 -9999 -9999 -9999 -9999 -9999 -9999 -9999
-9999 -9999 0.175839805856031 0.127523201495196 0.106212451360976 0.118821961485277 0.154706328132676 0.207116106175001 0.246702659279223 0.192091288404458 0.12786928066708 0.13046235618019 0.239052126570644 0.240671362385883 0.248613697969909 0.17538732370911 0.13237621121091 0.235531430411548 0.189448398025104 0.200685421409714 0.223189042371184 -9999 -9999 -9999 -9999 -9999 -9999 -9999 -9999 -9999 -9999 -9999 -9999 -9999 -9999 -9999 -9999 -9999 -9999 -9999 -9999 -9999 -9999 -9999 -9999 -9999 -9999 -9999 -9999
