Scripts_&_data/BRT_projection_files/BRT_CCV/B_pratorum_1_projection.asc
NCOLS 79 
NROWS 71 
XLLCORNER -10.5 
YLLCORNER 36 
CELLSIZE 0.5 
NODATA_value -9999 
[rows 44 to 65 of 71, columns 0 to 48 of 79]
-9999 -9999 -9999 -9999 -9999 -9999 -9999 -9999 -9999 -9999 -9999 -9999 -9999 -9999 -9999 -9999 -9999 -9999 0.297465705631847 0.560935010597069 0.523853788717574 0.644739366807561 0.460633854066754 0.685376337930718 0.460958973440343 0.397065063074555 0.309120442840501 0.475802297180582 0.462410844930207 0.410098864747771 0.557396023977257 0.657181965865079 0.587346974831386 0.82098333280169 0.8656740718983 0.867688090049896 0.802392058631841 0.766343121539365 0.867696328500466 0.807235325520725 0.728800110931711 0.682026853744691 0.62160780626725 0.759818572236118 0.645523866229809 0.712889204418401 0.801433958018171 0.752922083488523 0.607431485511214
-9999 -9999 -9999 -9999 -9999 -9999 -9999 -9999 -9999 -9999 -9999 -9999 -9999 -9999 0.285731762249175 -9999 -9999 -9999 0.539030723321354 0.700530338818009 0.630476739849554 0.585432972519141 0.493015056505798 0.466022686888707 0.590089756253839 0.565338982896928 0.54751248705994 0.444061812491395 0.533589674073614 0.482407163288664 0.363797581552869 0.609192774833896 0.651398983190532 0.811344270707274 0.747916042648312 0.753704968316343 0.745952972392094 0.771994737580387 0.826473661146199 0.881079590498836 0.812849389757254 0.786889229665787 0.515957523548781 0.625675675680148 0.503759983770458 0.600976785587462 0.570337526248743 0.780709184147635 0.818345201985375
-9999 -9999 -9999 -9999 -9999 -9999 -9999 -9999 -9999 -9999 -9999 -9999 0.526832281951269 0.412781551117833 0.379810200924004 0.467644623893122 0.269343190992675 0.354341046429422 0.429798060018047 0.468854434374364 0.395636775645228 0.491698846328159 0.389671732582133 0.418185120868406 0.415123859967061 0.240287267544179 0.26610053417124 0.275383985847172 0.521614804408623 0.468276093791019 0.455771737629038 0.66575593157673 0.710649271134097 0.771045619709049 0.788438604250452 0.803776176863951 0.818621576249869 0.782698287058659 0.806674657321176 0.790049373332648 0.764168433861686 0.809221969395441 0.834309142950857 0.824421196510228 0.858364010035888 0.648930876759356 0.756681206542118 0.686845130989913 0.650239624236105
-9999 -9999 -9999 -9999 -9999 -9999 -9999 -9999 -9999 -9999 -9999 -9999 -9999 -9999 0.312533591453272 0.285496826865427 0.248700919420827 0.228228512325709 0.224649328089587 0.256701894471305 0.260090596013939 0.309390229350756 0.367581412362815 0.382558601054999 0.295846844277439 0.344811038654237 0.270965046130806 0.251047483240562 0.42625012530415 0.498008269661392 0.683349600423192 0.664360434543029 0.631436035516287 0.721660013807679 0.792690380239062 0.799455424218677 0.796769506515909 0.785996304337979 0.762551605832781 0.765788666365476 0.786268836800069 0.634882777541262 0.813904531665535 0.792837717933013 0.835477207226887 0.839988301396871 0.860837663251663 0.85820808292365 0.857897381406402
-9999 -9999 -9999 -9999 -9999 -9999 -9999 -9999 -9999 -9999 -9999 -9999 -9999 -9999 -9999 -9999 -9999 0.274663239429475 0.256882813036657 0.269911753106412 0.280913735736438 0.247855957947975 0.269692669672661 0.268117673114054 0.261561516550988 0.344301861968394 0.256663667638299 0.633306371836925 0.665384371448339 0.773091940085178 0.664441678169919 0.491471745110705 0.624801872585239 0.746611752577943 0.781722460131921 0.681077807649569 0.672457180964032 0.603369615031611 0.833966087476861 0.79034086468872 0.85617034363927 0.816001506356287 0.85890129149168 0.859100344686732 0.860154122994206 0.856218376828781 0.861015016227852 0.861742679323775 0.860842335321263
-9999 -9999 -9999 -9999 -9999 -9999 -9999 -9999 -9999 -9999 -9999 -9999 -9999 -9999 -9999 -9999 -9999 0.158142438189454 0.175479116201384 0.23640847640816 0.263231367481437 0.305938278462021 0.317768659899334 0.249796678932134 0.271983678354213 0.230891681482038 0.463688032926042 0.559266764856083 0.645075128005609 0.755377635498316 0.645432877186132 0.610108129464658 0.723520789213492 0.819379392041183 0.607296137739712 0.779589879941583 0.847212775052802 0.861954295706987 0.801905140774711 0.821012688725659 0.774070356697365 0.799499548782399 0.787341693594887 0.821450082806133 0.748205936119958 0.859270488016984 0.861066013391596 0.858428954971251 0.857514617627266
-9999 -9999 -9999 -9999 -9999 -9999 -9999 -9999 -9999 -9999 -9999 -9999 -9999 -9999 -9999 -9999 -9999 -9999 -9999 0.177262245417465 0.192798682362201 0.240509631884819 0.228835701264598 0.557190768523098 0.69698715407337 0.681096505191929 0.750999510010026 0.496546761484848 0.562127774788914 0.783803422631803 0.649268457349693 0.657528342602198 0.775297148192592 0.793035341962711 0.826363467887151 0.854510655075797 0.859099455085115 0.863150676074775 0.858022927843995 0.861581722617306 0.854525800472135 0.830558799688814 0.808942964599 0.854718848976329 0.843235931281674 0.85251102412459 0.730772494015638 0.786495244181239 0.848910611665516
-9999 -9999 -9999 -9999 -9999 -9999 -9999 -9999 -9999 -9999 -9999 -9999 -9999 -9999 -9999 -9999 -9999 -9999 -9999 0.169631092848947 0.17218288332829 0.176023966441559 0.364098703470867 0.676669042440793 0.740444068113188 0.774882702852218 0.747501887959951 0.81640697201594 0.791319428398503 0.772987293262479 0.76829803064311 0.433730669997204 0.750265604096943 0.776680484022032 0.852205365551076 0.833838238413317 0.797916755106457 0.782181942018935 0.488953652645573 0.514815996837609 0.835297074723939 0.76490667166527 0.808421990701504 0.757352875519633 0.667491394728877 0.404538244553688 0.184315112614116 -9999 0.269189291403316
-9999 -9999 -9999 -9999 -9999 -9999 -9999 -9999 -9999 -9999 -9999 -9999 -9999 -9999 -9999 -9999 -9999 -9999 -9999 0.316225769410644 0.240478382624541 0.251246934527241 0.280991069203724 0.399290207646986 0.609726343850689 0.745929972804816 0.78289303753102 0.750903802851344 0.736309527635328 0.776878357464111 0.648481603846543 0.59636412166611 0.787051186424604 0.850063948109476 0.752111452236029 0.840076252206339 0.425306913795219 0.184722783659607 0.246107418568283 0.339467175641993 0.237557508426148 0.218339883345286 0.25289833279393 0.248011812233226 0.31378692895192 -9999 -9999 -9999 0.208943776130298
-9999 -9999 -9999 -9999 -9999 -9999 -9999 -9999 -9999 -9999 -9999 -9999 -9999 -9999 -9999 -9999 -9999 -9999 -9999 0.37104479618547 0.314726001504259 0.208760754275649 0.265183724633276 0.297971265792759 0.416988636370115 0.721880920324959 0.7293911753352 0.77634459879667 0.805721182906834 0.779538829069367 0.422478628239881 0.776067532530538 0.821275543399475 0.855420279355384 0.796445989544875 0.767645504271275 0.209129684433282 0.177480709495608 0.206988074851155 0.738798240832276 0.523434469238061 0.27082155881808 0.280651645302731 0.24007472182758 0.17328500102756 0.120366834065377 -9999 -9999 -9999
-9999 -9999 -9999 -9999 -9999 -9999 -9999 -9999 -9999 -9999 -9999 -9999 -9999 -9999 -9999 -9999 -9999 -9999 0.243084350853782 0.260045473495045 0.293313270718023 0.186833793528438 0.186365639266201 0.196508078766383 0.326135525255426 0.222474797763815 0.549549319027643 0.744266007709339 0.77559192036311 0.287707356032847 0.210391704798932 0.709983633971497 0.74967409345423 0.788662073632498 0.853585625622223 0.764343784807678 0.729861752278772 0.280973138076745 -9999 -9999 0.288865270692158 0.807869115204551 0.743709086580098 0.696176117012292 0.262395939566716 0.210280660212885 -9999 -9999 -9999
-9999 -9999 -9999 -9999 -9999 -9999 -9999 -9999 -9999 -9999 -9999 -9999 -9999 -9999 -9999 -9999 -9999 -9999 0.239347247787956 0.168216603567125 0.143628824249935 0.165056465167126 0.16884682054578 0.246913429386119 0.16862774036897 0.206791164436945 0.611364509099377 0.307022395791187 0.283904105310712 0.189468829831893 0.188425222609561 0.189898348920054 0.269346991902041 0.38239338887339 0.39850023109586 0.219173668575848 -9999 -9999 -9999 -9999 -9999 -9999 0.193384682617436 0.409138052861362 0.72833282015051 0.665878781379587 0.226312625725883 -9999 -9999
-9999 -9999 -9999 0.176993941189508 0.259466580282867 0.608581148892277 0.576782727114114 0.363467383490567 0.483176948366113 0.619037777682739 0.537235699851443 0.532438392096894 0.203669250382226 0.240036584213715 0.186672915544834 0.261936086186836 0.240097067626315 0.414402966513381 0.530377987570406 0.275710362085572 0.381985324881405 0.275566583025838 0.198199551972232 0.25704111486117 0.171671572148369 0.322035477870029 0.288938563613216 0.186720397820838 -9999 -9999 -9999 -9999 0.194275369690809 0.172892086835049 -9999 -9999 -9999 -9999 -9999 -9999 -9999 -9999 0.164643995313027 0.135264688284131 0.19824759626696 0.178368188518832 0.425819992538786 0.352738232221394 0.134880475397335
-9999 -9999 -9999 0.237789436038187 0.268457939893122 0.578478519578103 0.559720491098449 0.72370969457743 0.771815140678925 0.721205301666256 0.71836282342252 0.732882611680031 0.61862174676207 0.68537371061352 0.487758767092556 0.625623502834443 0.70198354981899 0.313206484254866 0.605111943400911 0.761668397158623 0.837366795797732 0.835242003623632 0.791035479053628 0.604939314142861 0.779043666560608 0.663576958503708 0.187967803582365 -9999 -9999 -9999 -9999 -9999 -9999 -9999 -9999 -9999 -9999 -9999 -9999 -9999 -9999 -9999 -9999 0.12078888758449 0.120924186530646 0.141986284085982 0.244438287775308 0.779173439182946 0.269432447971247
-9999 -9999 -9999 -9999 0.263761367555387 0.420286822776847 0.716532273459512 0.768530345815693 0.693236887575817 0.101520009350653 0.0943996300820489 0.129981822586503 0.109399083883201 0.15195376779107 0.443891355320227 0.528282086386462 0.534822572265724 0.0858051597634423 0.129388129331824 0.246264974639308 0.510760361026061 0.249971791919819 0.661688989034608 0.704023813221304 0.752012297059156 0.67662744646801 0.168726593109268 0.136064005937246 -9999 -9999 -9999 -9999 -9999 -9999 -9999 -9999 -9999 -9999 -9999 -9999 -9999 -9999 -9999 -9999 0.0980260432772839 0.161818201961803 0.153177906866449 0.756509705983943 0.696514125012338
-9999 -9999 -9999 0.20414044292654 0.572884177220003 0.57825111271172 0.322574321001052 0.240592974480043 0.163134440257866 0.100999382402196 0.102793140067178 0.160135701387869 0.152367992129331 0.13069427547628 0.176638835937102 0.249801519712761 0.169788145753128 0.175792178722983 0.0724257486479655 0.101397569498514 0.0696993186408853 0.079859122868474 0.0991106620662315 0.0957429133935975 0.276790573395347 0.358897677015354 0.189052024086899 -9999 -9999 -9999 -9999 -9999 -9999 -9999 -9999 -9999 -9999 -9999 -9999 -9999 -9999 -9999 -9999 -9999 -9999 -9999 0.197984090970703 0.14723001099641 0.17742332601173
-9999 -9999 -9999 -9999 0.242121818326017 0.381911104336649 0.146588148307556 0.14214789915723 0.146886594536315 0.0753615787087643 0.080011364265628 0.0794182225289875 0.0948703637752651 0.172405023237219 0.236040679015809 0.141982180000201 0.153088748546024 0.176815786866944 0.102128463691897 0.0795357211752547 0.0735610229078171 0.0702160793661596 0.115206927157187 0.118403588827368 0.125546233234857 -9999 -9999 -9999 -9999 -9999 -9999 -9999 -9999 -9999 -9999 -9999 -9999 -9999 -9999 -9999 -9999 -9999 -9999 -9999 -9999 -9999 -9999 -9999 0.152625588241814
-9999 -9999 -9999 -9999 0.172644017972677 0.202955911526419 0.161874692898817 0.148205698722218 0.164664865548168 0.130131233261135 0.145067991197042 0.147597497026452 0.266532615053484 0.31318676848093 0.101251541358686 0.108656539095089 0.327297062289348 0.284809358213895 0.170943664096084 0.202556460868939 0.151070134908374 0.113520484732598 0.101414903553829 -9999 -9999 -9999 -9999 -9999 -9999 -9999 -9999 -9999 -9999 -9999 -9999 -9999 -9999 0.135033162170715 0.113483417380053 0.230197634081732 -9999 -9999 -9999 -9999 -9999 -9999 -9999 -9999 -9999
-9999 -9999 -9999 0.149652906144167 0.163975531172529 0.205238017404105 0.152251731896603 0.163660396391898 0.169641130533076 0.333250858127218 0.334035179303247 0.201174056278397 0.0877126819445057 0.212348818108578 0.123215812551134 0.0954035837746053 0.125782652942205 0.283343247064417 0.139134484531673 0.251753489330952 0.182299053155993 0.101572299150629 -9999 -9999 -9999 -9999 -9999 -9999 -9999 -9999 -9999 -9999 -9999 -9999 -9999 -9999 -9999 -9999 0.0936232440122566 0.274328862393536 -9999 -9999 -9999 -9999 -9999 -9999 -9999 -9999 -9999
-9999 -9999 -9999 0.152245967913719 0.14005959984494 0.137325258070235 0.110886831025077 0.107044354499801 0.111398410722016 0.116586172655574 0.0907786487611585 0.0894942050600059 0.0899345790428206 0.0737289400058943 0.0749990410935007 0.109339952988607 0.0971522587675314 0.142700012642974 0.100155792683058 0.121709942916025 0.143420669219071 -9999 -9999 -9999 -9999 -9999 -9999 -9999 -9999 -9999 -9999 -9999 -9999 -9999 -9999 -9999 -9999 -9999 0.110223552633381 0.143824215031446 -9999 -9999 -9999 -9999 -9999 -9999 -9999 -9999 -9999
-9999 -9999 0.129453173502811 0.0974757707996033 0.112642996563549 0.10110588283192 0.117850747937806 0.0960743891836391 0.100925867713776 0.094883387927434 0.0992908548870442 0.122149662423566 0.0995953390597688 0.081769173501188 0.0769431401113466 0.0965862658061081 0.100599316789575 0.0822897843317263 0.0922552613103026 0.0947803792055538 -9999 -9999 -9999 -9999 -9999 -9999 -9999 -9999 -9999 -9999 -9999 -9999 -9999 -9999 -9999 -9999 -9999 -9999 0.125717404170118 0.164434955947399 -9999 -9999 -9999 -9999 -9999 -9999 -9999 -9999 -9999
-9999 -9999 0.222560550593484 0.108476553681437 0.0950707023367125 0.0803948388571264 0.0740347933584157 0.0811596378429016 0.0753136819154988 0.0790404225964307 0.0838028014556647 0.0776117146730054 0.0854227189179563 0.0661872010604678 0.0909918900473215 0.0854865361631434 0.112862511842932 0.0760688707977212 0.072359328227413 0.0864760277642606 0.0917004841718433 -9999 -9999 -9999 -9999 -9999 -9999 -9999 -9999 -9999 -9999 -9999 -9999 -9999 -9999 -9999 -9999 -9999 -9999 -9999 -9999 -9999 -9999 -9999 -9999 -9999 -9999 -9999 -9999
