Scripts_&_data/BRT_projection_files/BRT_CCV/B_quadricolor_2_projection.asc
NCOLS 79 
NROWS 71 
XLLCORNER -10.5 
YLLCORNER 36 
CELLSIZE 0.5 
NODATA_value -9999 
[rows 42 to 62 of 71, columns 0 to 47 of 79]
-9999 -9999 -9999 -9999 -9999 -9999 -9999 -9999 -9999 -9999 0.0323077437084557 -9999 -9999 0.0290925711009812 -9999 -9999 -9999 -9999 -9999 -9999 -9999 -9999 -9999 -9999 0.0242540420467585 0.0263914232309699 0.0236661602370419 0.02439764982808 0.0267272006639186 0.0268014129574662 0.0299364637265899 0.0293294497753769 0.0596011406089627 0.0537085059510224 0.0553357730690776 0.040594950143521 0.0417175863403832 0.0406239393510724 0.0390306336411948 0.0584889721393046 0.0649127384514271 0.0282504916046518 0.0334332592260987 0.0504325785222985 0.0384962968526936 0.0330280362981285 0.133448838848374 0.077039138579329
-9999 -9999 -9999 -9999 -9999 -9999 -9999 -9999 -9999 -9999 -9999 -9999 -9999 -9999 -9999 -9999 -9999 -9999 -9999 -9999 -9999 -9999 0.0191321717796681 0.0243733819398752 0.0259071186538526 0.0203865340636521 0.0205986964594666 0.0212636597104473 0.0294532756536033 0.0277132966733434 0.0638886315923762 0.0963155476495053 0.0696615862665856 0.0395213493487017 0.0719124472948447 0.0336469259523649 0.0273430691513927 0.0353406315694013 0.0426920160494019 0.0439422344645164 0.0255162380808671 0.0278801008151259 0.0273303053682442 0.0340103716439511 0.0416694511579862 0.0397423943565633 0.0401078041708009 0.0291378943286577
-9999 -9999 -9999 -9999 -9999 -9999 -9999 -9999 -9999 -9999 -9999 -9999 -9999 -9999 -9999 -9999 -9999 -9999 0.0207938965130246 0.0239023853734437 0.023669584312957 0.0228079766330856 0.0208669991600103 0.0208416416378543 0.020576164108896 0.0206540558235491 0.0206540558235491 0.0208891240852629 0.0278316490145134 0.0301684336642009 0.0274707080661619 0.0301527594275354 0.0258582274838507 0.032405868375813 0.0295839811830967 0.0312468603202461 0.0492076422536431 0.0348768093367402 0.0383803466454235 0.0272274826479484 0.0269561106457344 0.0301851651041925 0.0298941903285628 0.0313356741491727 0.0326317501259586 0.0322770893613215 0.0418570844746718 0.0465930461120114
-9999 -9999 -9999 -9999 -9999 -9999 -9999 -9999 -9999 -9999 -9999 -9999 -9999 -9999 0.0220335225611252 -9999 -9999 -9999 0.0237490520249433 0.0273117937868488 0.0268358606747574 0.0269953809138209 0.0269867725232383 0.0210138283280795 0.0209108191133564 0.0333927296320487 0.0265149736963193 0.0208976599568559 0.0229771036569279 0.0249065836837796 0.026672898207107 0.0307361140811534 0.0328073550080036 0.0249258990779158 0.0276736697858659 0.033095287678597 0.0215700881400956 0.0434162032319029 0.0401410164494037 0.0419528182746907 0.0348017616579205 0.0313654207093183 0.0277849426356668 0.0276745823750859 0.0288616553211406 0.0274803271129643 0.0275591381335676 0.0907983955232291
-9999 -9999 -9999 -9999 -9999 -9999 -9999 -9999 -9999 -9999 -9999 -9999 0.0189086761322359 0.0245291152602504 0.0238146540288819 0.0206424452519266 0.0218118708757122 0.0201019934638413 0.0186712591618393 0.0196482751523697 0.026006374876156 0.0202475465425444 0.0253791874322188 0.0234975582922128 0.0225413176230649 0.0205685823964562 0.0208122934116757 0.0218853058655621 0.0225972165468324 0.0218764802853083 0.0282325221843758 0.0419399569547945 0.050248214373716 0.0287403731617559 0.154417485243714 0.0458758976218371 0.0264608585334596 0.119602048302561 0.0554145511223667 0.0347360423890193 0.0298690948479141 0.0283005372262125 0.0281474506993169 0.0268719287794691 0.0295484976130339 0.0280177528594304 0.026055768941534 0.0258123221291477
-9999 -9999 -9999 -9999 -9999 -9999 -9999 -9999 -9999 -9999 -9999 -9999 -9999 -9999 0.0250890794492251 0.0203564252507349 0.0206046388833056 0.0206055903485476 0.0218052299357584 0.0216701137586514 0.0217611178225568 0.0207395861021101 0.0224008188581545 0.0214694604102612 0.0213073995795854 0.0279684205612792 0.0219733161983551 0.0225919906530726 0.0230756017117244 0.0276606995288573 0.0344533988729235 0.0300300629183927 0.0395060211883617 0.0838790468173977 0.120722374596631 0.0629346990683339 0.434176864449666 0.118381760112416 0.0948244207424098 0.0362682385348957 0.0510409673625565 0.0724717011564552 0.107231985880045 0.17419251492807 0.0742069579725829 0.0654131224714454 0.140129541197947 0.107952472456443
-9999 -9999 -9999 -9999 -9999 -9999 -9999 -9999 -9999 -9999 -9999 -9999 -9999 -9999 -9999 -9999 -9999 0.0202365432977241 0.0202101434546608 0.0201356111402504 0.0204088980434624 0.0218872415220668 0.0201150022079419 0.0224563733463619 0.0243681869483199 0.0232353625391466 0.0225084346002059 0.0277858817741912 0.0329666652651812 0.0284471599498306 0.0335684903096826 0.0214553276977741 0.0525297250562153 0.09690178980154 0.116095021374999 0.184347797528506 0.151918431402597 0.0553318253237623 0.0670615213890972 0.0533364072529044 0.237531802285502 0.152712670873004 0.241927038284901 0.474817947313778 0.109575028411935 0.0646238715322965 0.541665894256873 0.114090156972065
-9999 -9999 -9999 -9999 -9999 -9999 -9999 -9999 -9999 -9999 -9999 -9999 -9999 -9999 -9999 -9999 -9999 0.0207702335122693 0.0208139975796316 0.0221139408876855 0.0223409651039346 0.0205986964594666 0.022409544202575 0.0224149327941494 0.0220043427614233 0.0224149327941494 0.0226291460001971 0.0246645307210813 0.0246381879135868 0.0643318035661427 0.0227414960331523 0.0236046014398519 0.163766354878996 0.159709914028494 0.0334920910215435 0.0412279321136895 0.134065559914852 0.29154876868995 0.597052819611871 0.430738179161492 0.521604568510279 0.398282977823135 0.317497406955666 0.307115896109991 0.325270966480456 0.26178928840598 0.264301769189757 0.211214108854564
-9999 -9999 -9999 -9999 -9999 -9999 -9999 -9999 -9999 -9999 -9999 -9999 -9999 -9999 -9999 -9999 -9999 -9999 -9999 0.0208973535493038 0.0210784738814454 0.0226394579221758 0.0223714931665309 0.0254458353742812 0.0272870339451864 0.0301646895561446 0.0302388157987542 0.023706319987968 0.0292115769490417 0.0300080882099706 0.0257884348403826 0.0246691456042325 0.314146799483703 0.210620534140099 0.0894061072018899 0.364569415418138 0.3794223639467 0.591516229061342 0.171084490481381 0.323927368023076 0.612613265668494 0.239425394358677 0.215554649208768 0.162564327073939 0.318043542881857 0.14376336666086 0.226436798122487 0.169269640571239
-9999 -9999 -9999 -9999 -9999 -9999 -9999 -9999 -9999 -9999 -9999 -9999 -9999 -9999 -9999 -9999 -9999 -9999 -9999 0.0207063256287746 0.0224094124814581 0.0208669991600103 0.0231916552150215 0.0198662562703888 0.33635845805419 0.0862024820194121 0.0438595839232682 0.024075731815804 0.0504707256776251 0.0343720174929538 0.0242329864306546 0.0209932338681297 0.0642644126734009 0.181078906519649 0.524548439417843 0.751551030027071 0.131810274803779 0.142418606456608 0.214815316027175 0.088780279603522 0.300988559707947 0.0644490460936433 0.0532479453690657 0.0621785118700863 0.032180101775184 0.0253878512801582 0.0253262459335997 -9999
-9999 -9999 -9999 -9999 -9999 -9999 -9999 -9999 -9999 -9999 -9999 -9999 -9999 -9999 -9999 -9999 -9999 -9999 -9999 0.0262370074799375 0.022870042552273 0.025065631909463 0.0315850365386305 0.0444045651223665 0.0755541219227478 0.169675190043699 0.105330637001414 0.0330232393262469 0.0482484423422727 0.0473037070130124 0.0428465733684589 0.0231171857730468 0.202681619494088 0.106178435299481 0.22481429188241 0.207534091279451 0.0228467880340276 0.0218375763988226 0.0278800544028127 0.0274546270040725 0.0208660256755927 0.0269428266489644 0.0206772045076705 0.0275944471023109 0.0272112431572307 -9999 -9999 -9999
-9999 -9999 -9999 -9999 -9999 -9999 -9999 -9999 -9999 -9999 -9999 -9999 -9999 -9999 -9999 -9999 -9999 -9999 -9999 0.0402596853911833 0.0216563507357779 0.0210439527313395 0.0246731426927716 0.0320923954890192 0.0260779362780647 0.0643738650283379 0.218251101046954 0.0632557046310127 0.0521859203116576 0.0893202758131029 0.039129479806523 0.0570190601836904 0.0699831407940836 0.5618250029511 0.428244648676207 0.116339096513935 0.0206642916315171 0.0207413824537093 0.028896405799553 0.111375678827655 0.0500705175792462 0.0209204730287841 0.0206499160962455 0.0289087091210311 0.0207451800073742 0.0262672856939101 -9999 -9999
-9999 -9999 -9999 -9999 -9999 -9999 -9999 -9999 -9999 -9999 -9999 -9999 -9999 -9999 -9999 -9999 -9999 -9999 0.0581229931900819 0.0407656620560768 0.0712442600920016 0.0251242698667645 0.0205874311007443 0.0210496770103425 0.0241763453630271 0.0228071609422132 0.0636658844364307 0.275477467747544 0.193376571751126 0.110721438668287 0.0368720335604108 0.0568624517456924 0.059593041744127 0.0730297383473519 0.186782071902818 0.0582030918211626 0.0306059511453088 0.0643834731903876 -9999 -9999 0.101166615913971 0.0633405136225592 0.045834729582712 0.0313699707227668 0.0206540558235491 0.0286373661368203 -9999 -9999
-9999 -9999 -9999 -9999 -9999 -9999 -9999 -9999 -9999 -9999 -9999 -9999 -9999 -9999 -9999 -9999 -9999 -9999 0.0568365334429153 0.0245599317364821 0.0228963013437593 0.0224346127177429 0.0221431487091442 0.0203717673421294 0.0205874311007443 0.0213151113629457 0.133833800109445 0.211919201346194 0.0584738068776278 0.0240900216130311 0.0248319530486812 0.0373609835300271 0.0940010774960385 0.0828096735311627 0.0897184068692793 0.0972982642311617 -9999 -9999 -9999 -9999 -9999 -9999 0.0287154012236425 0.0297896797988085 0.0649349712436754 0.0296674454145051 0.0206631552351984 -9999
-9999 -9999 -9999 0.0533416837512147 0.0445696765005153 0.0607052774271654 0.0661518087532751 0.0912675369922668 0.146780007128253 0.204581501010763 0.545600665653985 0.513403420147975 0.0949915748082714 0.097450270828115 0.0791757052228133 0.041500057820086 0.029897429565727 0.0521113569308028 0.135181991437124 0.143932924826122 0.0273953950656633 0.0249601400554204 0.0225608062758566 0.0210431718694623 0.022164444376339 0.0249660392822827 0.0294847843548309 0.0325312727089917 -9999 -9999 -9999 -9999 0.0339222185179963 0.0355896488264032 -9999 -9999 -9999 -9999 -9999 -9999 -9999 -9999 0.0244921599617827 0.0226749475197115 0.021339301905772 0.0226587271704421 0.0228067672197458 0.0210868628961435
-9999 -9999 -9999 0.0409572732304204 0.0530062986260865 0.0542090323838495 0.0757305004173888 0.0994166525173817 0.168896099381084 0.0842137477648104 0.148287387740891 0.0815072755829378 0.0627711691887151 0.0507610449123995 0.0597350824800586 0.0404083665074146 0.106498466777501 0.0335276100803328 0.0694369376408463 0.288922004643185 0.411524472762461 0.329777878416476 0.160790590891897 0.138492795498701 0.0663452167899274 0.0931641332889162 0.0262077016597498 -9999 -9999 -9999 -9999 -9999 -9999 -9999 -9999 -9999 -9999 -9999 -9999 -9999 -9999 -9999 -9999 0.0241243609479863 0.0247566825779956 0.0219025917281891 0.022579060512163 0.0977715283435905
-9999 -9999 -9999 -9999 0.0471600449518361 0.0470747720012952 0.0746372721072838 0.0868948227421207 0.0746083471762069 0.0386339607649415 0.0227650947580045 0.021589015916018 0.021725032638354 0.0202981811182438 0.0494560058826894 0.0525716120378643 0.0337151225384522 0.0202772558850152 0.0328305921021517 0.038262692134934 0.0376233023338496 0.0581746124289937 0.0460961109130602 0.157606606158047 0.0706952038316142 0.268761487774234 0.0467068670436628 0.0526217449380752 -9999 -9999 -9999 -9999 -9999 -9999 -9999 -9999 -9999 -9999 -9999 -9999 -9999 -9999 -9999 -9999 0.026024830343565 0.0226164698552084 0.0213061897830735 0.0482468576610181
-9999 -9999 -9999 0.0302365913713331 0.0461233665019395 0.119835338973249 0.0721173346665976 0.083838592475878 0.0434684450261913 0.0213202006947547 0.0215927144484865 0.0198670180839969 0.0230811217611076 0.0216118278742733 0.02797527940593 0.0402910927807247 0.0379838337042058 0.0292650735384744 0.0303370755830855 0.0308641438399038 0.0408650040627743 0.0215974577511723 0.0361609717715285 0.0215337694286928 0.0464524325202436 0.0542594953781752 0.0807875359100452 -9999 -9999 -9999 -9999 -9999 -9999 -9999 -9999 -9999 -9999 -9999 -9999 -9999 -9999 -9999 -9999 -9999 -9999 -9999 0.0213526245880855 0.0336983352520805
-9999 -9999 -9999 -9999 0.11465928605377 0.0534927201501596 0.0385478169790494 0.0302188656887548 0.0406815456315657 0.0213408239929023 0.0221191776373747 0.021606958282281 0.0263534756581361 0.0266582812068872 0.0353097348879855 0.0264458374374444 0.0247630613270869 0.0276513768579835 0.0270359304956163 0.0308807528331384 0.0510008498338605 0.0392227893984849 0.0303586337266479 0.0322266330556035 0.0368253035593528 -9999 -9999 -9999 -9999 -9999 -9999 -9999 -9999 -9999 -9999 -9999 -9999 -9999 -9999 -9999 -9999 -9999 -9999 -9999 -9999 -9999 -9999 -9999
-9999 -9999 -9999 -9999 0.060451833562686 0.0576958826805351 0.0323391938604918 0.0351261384055533 0.0286256868158584 0.0371581702837757 0.0418694406299891 0.039772524826689 0.0294822890396945 0.0342715351729111 0.0267676273274544 0.0273348008944468 0.0367620526992144 0.0352369451996607 0.0449353300274073 0.036769534256452 0.037843158744561 0.0331444393330617 0.0544902637247664 -9999 -9999 -9999 -9999 -9999 -9999 -9999 -9999 -9999 -9999 -9999 -9999 -9999 -9999 0.0296719565249977 0.0215800029451933 0.0302100056840249 -9999 -9999 -9999 -9999 -9999 -9999 -9999 -9999
-9999 -9999 -9999 0.0323173057660126 0.0531717768128227 0.131791747743985 0.0383816133700409 0.0449606568089763 0.0798964820222846 0.0537510601415299 0.0727755092568542 0.0369455899989956 0.0240540506204106 0.0304490244831691 0.0281198279402128 0.0219155824152146 0.0274232868101162 0.0427290963043663 0.0377837905691329 0.0442622398877138 0.0368174590420152 0.0356737990562637 -9999 -9999 -9999 -9999 -9999 -9999 -9999 -9999 -9999 -9999 -9999 -9999 -9999 -9999 -9999 -9999 0.0223596336577933 0.0265253581751189 -9999 -9999 -9999 -9999 -9999 -9999 -9999 -9999
