Scripts_&_data/BRT_projection_files/BRT_CCV/B_ruderatus_2_projection.asc
NCOLS 79 
NROWS 71 
XLLCORNER -10.5 
YLLCORNER 36 
CELLSIZE 0.5 
NODATA_value -9999 
[rows 42 to 62 of 71, columns 0 to 48 of 79]
-9999 -9999 -9999 -9999 -9999 -9999 -9999 -9999 -9999 -9999 0.159407073789539 -9999 -9999 0.127604052104065 -9999 -9999 -9999 -9999 -9999 -9999 -9999 -9999 -9999 -9999 0.204156814114402 0.226893235282037 0.254260059702256 0.273357043413234 0.245560356783891 0.167633451622626 0.196227001096191 0.130651668455042 0.221716565641596 0.256082993551964 0.219432904365059 0.256334456025026 0.218649754340624 0.60411383387418 0.647633365533908 0.33692372327556 0.208177016563717 0.449868140865084 0.215681294879465 0.292227928773096 0.136780837891809 0.160714013035651 0.13018797408814 0.113900307856408 0.120259993482892
-9999 -9999 -9999 -9999 -9999 -9999 -9999 -9999 -9999 -9999 -9999 -9999 -9999 -9999 -9999 -9999 -9999 -9999 -9999 -9999 -9999 -9999 0.170598279064305 0.232848321094068 0.27247406990494 0.192950698897195 0.158072709447969 0.290605940183799 0.242888467859868 0.179553481944119 0.224737060680035 0.184538215905489 0.384515676293479 0.159028479798641 0.2621553060605 0.247015705135186 0.216273903445795 0.542643800160932 0.399005812794163 0.131535219905832 0.35804005455314 0.295221617889371 0.342567202117967 0.401474702858622 0.34366586306355 0.116325810345665 0.0735727361140391 0.254381652162668 0.121030568341033
-9999 -9999 -9999 -9999 -9999 -9999 -9999 -9999 -9999 -9999 -9999 -9999 -9999 -9999 -9999 -9999 -9999 -9999 0.29744051515281 0.126807787793213 0.24977785235202 0.218919889649633 0.189914219083181 0.232271879538348 0.326429248489057 0.276013344918975 0.307766385011507 0.159432451486283 0.150374233562711 0.167098913485297 0.147873341222418 0.134917259463445 0.136085571586252 0.165029490023259 0.229873573409769 0.184633629914188 0.14298225588815 0.561150524074511 0.293738497462691 0.273283317458178 0.311373812731012 0.314401806902526 0.39350071424078 0.371297364040002 0.16893061432076 0.314269152259588 0.159448179150298 0.0883300581833057 0.116928945547272
-9999 -9999 -9999 -9999 -9999 -9999 -9999 -9999 -9999 -9999 -9999 -9999 -9999 -9999 0.272913260838569 -9999 -9999 -9999 0.202429264888297 0.0773847652719666 0.239518473428291 0.254890602162435 0.153348496468097 0.172235422400174 0.25609391822016 0.250783340051074 0.505122884100536 0.255970730891752 0.176303635759587 0.186609046339816 0.127750354453713 0.137173768600011 0.135388669686793 0.252866988624648 0.184580419222702 0.220777947010313 0.327043018376658 0.131689625758969 0.58002261521826 0.294763414703355 0.317898417119942 0.32063093843882 0.224433702479111 0.392588448211338 0.376318834520156 0.266399439620216 0.308825168276578 0.271463502846938 0.109440168227916
-9999 -9999 -9999 -9999 -9999 -9999 -9999 -9999 -9999 -9999 -9999 -9999 0.224148620004527 0.154810130890894 0.156763384254629 0.184662244884177 0.300886261848968 0.49111657734566 0.230841668915399 0.227595472843298 0.296130704394857 0.348336698552795 0.228954927662433 0.151830983171827 0.224399864003462 0.309748917838732 0.345536812628675 0.268386096434687 0.200054363387385 0.148869671347418 0.167256616541411 0.136642462906691 0.133686562502086 0.151458779789458 0.164651475499037 0.31208295487559 0.320557378591815 0.170042766339102 0.252099849805631 0.250162785398604 0.202133961261842 0.303650055414944 0.311282013582343 0.483028890758734 0.463476147081405 0.234900790549899 0.236780986130879 0.22542863982768 0.063495240006424
-9999 -9999 -9999 -9999 -9999 -9999 -9999 -9999 -9999 -9999 -9999 -9999 -9999 -9999 0.272561746500651 0.319523365008421 0.450765357469114 0.455249499289107 0.58384272964704 0.483383404446978 0.352220409032047 0.331434547909653 0.376799827889366 0.239874755573362 0.358725828580985 0.252313413692294 0.356893938535714 0.257231057996617 0.15598650986263 0.16151090699453 0.161111719086543 0.136065709285012 0.135457450220849 0.252738407091571 0.202704909336258 0.30867354617602 0.303250643839277 0.273284348790953 0.159348781966417 0.161567846216899 0.148899620465995 0.138735394721644 0.202007899000172 0.209142309290713 0.130858711122419 0.133815465925474 0.144061476789615 0.124761100594729 0.0979251414466102
-9999 -9999 -9999 -9999 -9999 -9999 -9999 -9999 -9999 -9999 -9999 -9999 -9999 -9999 -9999 -9999 -9999 0.660453364031801 0.649244370960335 0.557179870427933 0.475085919949851 0.230649348744124 0.272302554829609 0.322573648829582 0.238671237613658 0.241211049923388 0.410950636759119 0.143560464760371 0.145980148573732 0.147795948982781 0.160109586146 0.185303646980122 0.217146613387594 0.223439298967403 0.288648270434848 0.236830786051471 0.216559447158911 0.294807774957156 0.236533559710117 0.116970446119608 0.124817118736183 0.0442874436265566 0.107002742091709 0.130644979944371 0.0678007194141706 0.0656161904323527 0.0619742064768492 0.105936063016149 0.104329702319449
-9999 -9999 -9999 -9999 -9999 -9999 -9999 -9999 -9999 -9999 -9999 -9999 -9999 -9999 -9999 -9999 -9999 0.57393870246645 0.584567055082315 0.481708076382654 0.413539200064421 0.287084936766296 0.388308954795242 0.286746990793324 0.44470295238084 0.369925328716974 0.387615754647386 0.285697644467265 0.173073050827129 0.245884151776404 0.16794582663571 0.273071630319772 0.234118822205241 0.149050420042794 0.161462131986678 0.0806548599628365 0.14393401735117 0.105129398222959 0.0447644594634611 0.0454576745110208 0.0464009636001425 0.147173340379199 0.117437206191197 0.116922742873227 0.118784808090007 0.118187262802985 0.110632406335172 0.10841545985994 0.0942175841875555
-9999 -9999 -9999 -9999 -9999 -9999 -9999 -9999 -9999 -9999 -9999 -9999 -9999 -9999 -9999 -9999 -9999 -9999 -9999 0.411814868200879 0.526460398313241 0.380329608832688 0.608127725800016 0.222559534329393 0.158860487090271 0.162365553815616 0.186844239463669 0.198359848068118 0.156112834878906 0.173462727016105 0.205445861184827 0.1536080190513 0.19760999935655 0.402299649204053 0.137072101723215 0.116293309096891 0.127609955643329 0.104686673416824 0.106503575617339 0.104311054227099 0.108554183202029 0.102806133196884 0.102957294077653 0.133392381165901 0.105263120874506 0.106466634471345 0.227611837319323 0.333287053248359 0.0338749534894445
-9999 -9999 -9999 -9999 -9999 -9999 -9999 -9999 -9999 -9999 -9999 -9999 -9999 -9999 -9999 -9999 -9999 -9999 -9999 0.503315740266699 0.442065751163193 0.508136307570806 0.34987207068808 0.206480222181064 0.21262564230538 0.229989280380664 0.164119405887706 0.182328834284677 0.203658765533109 0.178258899276436 0.19771235492405 0.344515060927975 0.313317167137916 0.192113984186686 0.101105869586924 0.114927981891241 0.121293823646772 0.236093889594948 0.137178034256725 0.137139478473391 0.295683262063424 0.175926911914898 0.109182712107509 0.214556625657292 0.271769418812165 0.317432889131354 0.226967928417508 -9999 0.211258266909945
-9999 -9999 -9999 -9999 -9999 -9999 -9999 -9999 -9999 -9999 -9999 -9999 -9999 -9999 -9999 -9999 -9999 -9999 -9999 0.356151351829257 0.454022978445351 0.404253753855476 0.399015279124997 0.562245502087195 0.378984241756613 0.187950149210916 0.186127281462608 0.154632551896571 0.262285620231482 0.346009017469442 0.514235381203837 0.271032504867206 0.202211004650822 0.0995570203375743 0.101312059921943 0.115438583524567 0.330887204973655 0.304502160039612 0.231422546641628 0.386196153933662 0.211580092828386 0.23764364156354 0.238796888886387 0.224083961527298 0.334675018209399 -9999 -9999 -9999 0.345359517587806
-9999 -9999 -9999 -9999 -9999 -9999 -9999 -9999 -9999 -9999 -9999 -9999 -9999 -9999 -9999 -9999 -9999 -9999 -9999 0.219404521239844 0.309893418681622 0.296615991971266 0.26765050219888 0.375872022720298 0.297943312018561 0.228490873005941 0.233490565211266 0.215513945503884 0.121421285293235 0.183722350542556 0.571054692281422 0.205139121737442 0.108097584958067 0.104713331655155 0.123452615736683 0.25620995056171 0.216889179568817 0.256789105813339 0.319189040192627 0.243342300414985 0.370052383900935 0.350491238826544 0.497747435183452 0.280640634266153 0.267461460130738 0.262725317908467 -9999 -9999 -9999
-9999 -9999 -9999 -9999 -9999 -9999 -9999 -9999 -9999 -9999 -9999 -9999 -9999 -9999 -9999 -9999 -9999 -9999 0.234973375410686 0.469027472946408 0.482959302394021 0.256061576111644 0.423738007231777 0.35256866952083 0.391255973963078 0.301709516455032 0.180334187387725 0.251615693349566 0.147541347803963 0.462098480536295 0.452394423854332 0.229935831458097 0.25736976524695 0.107137582943084 0.0916309420107976 0.17062192755563 0.182247728821299 0.47812441007052 -9999 -9999 0.139079308509738 0.306164873218392 0.176470715725038 0.285898019070474 0.306604839105597 0.322053385380581 -9999 -9999 -9999
-9999 -9999 -9999 -9999 -9999 -9999 -9999 -9999 -9999 -9999 -9999 -9999 -9999 -9999 -9999 -9999 -9999 -9999 0.430639364834192 0.304209904289165 0.482461659716379 0.376008937161799 0.315935932363807 0.391129821500403 0.411288383107955 0.463206620922856 0.394841461609501 0.521740398512303 0.304240488004233 0.277543783573446 0.25261160658643 0.389658935767785 0.542663484060509 0.540901166401226 0.479216477702508 0.278592470740451 -9999 -9999 -9999 -9999 -9999 -9999 0.277092024464935 0.392823129003137 0.240012241675903 0.144301616128138 0.390007857763924 -9999 -9999
-9999 -9999 -9999 0.283452123591283 0.255170851940254 0.372266123335254 0.267950471552848 0.153709801229073 0.300903164477682 0.276970741128769 0.276060881629156 0.323888576180711 0.437780207305821 0.492680432337293 0.384370412045144 0.311285703975834 0.199594653799851 0.278238969231028 0.455358907395519 0.443603888358618 0.286581390839621 0.349409071652582 0.432767162868436 0.262794958905181 0.331561227561635 0.402743709870122 0.265920276967234 0.330299229792897 -9999 -9999 -9999 -9999 0.37664264057548 0.567418718439833 -9999 -9999 -9999 -9999 -9999 -9999 -9999 -9999 0.242995949631112 0.25288590592975 0.262538980536758 0.299737232514774 0.149293889129412 0.310682349255734 0.349189601136326
-9999 -9999 -9999 0.353579479854016 0.509325886872757 0.568058493732686 0.199707402164638 0.198404314969553 0.17713563267108 0.23594736631325 0.238395566095542 0.169928543509053 0.137528741174282 0.124946269808322 0.14613997577279 0.172133685907454 0.214497320224298 0.285405033734285 0.332038106383625 0.173503115632668 0.0952324580724675 0.0722158384279254 0.0924098813737644 0.136391606821068 0.183997887402609 0.2796685586981 0.375679940559865 -9999 -9999 -9999 -9999 -9999 -9999 -9999 -9999 -9999 -9999 -9999 -9999 -9999 -9999 -9999 -9999 0.259870359687135 0.265883857035899 0.263168616837888 0.388507038850216 0.169531067366793 0.333691330180186
-9999 -9999 -9999 -9999 0.492040608054833 0.468191986382157 0.193779803874021 0.206512771377273 0.233058318984042 0.323567529652328 0.350292123902654 0.327712455188606 0.391810271328723 0.192591560566146 0.152818159667297 0.161027123169614 0.129261654128479 0.299237200705894 0.246419182161025 0.19581420966573 0.203136193142653 0.231142625360349 0.112779034052899 0.181146668535147 0.253863200429621 0.220440277376977 0.400933226178108 0.213308869912506 -9999 -9999 -9999 -9999 -9999 -9999 -9999 -9999 -9999 -9999 -9999 -9999 -9999 -9999 -9999 -9999 0.475937642277933 0.348274223343429 0.393752564362977 0.309589663485925 0.157944230667693
-9999 -9999 -9999 0.245877679025362 0.34136100433692 0.18234733693801 0.507687177818957 0.580223567778006 0.26730904790813 0.336493365907246 0.332341343370583 0.29363733776668 0.33407969016338 0.307699973963199 0.232765704282967 0.171690412660856 0.216546451450865 0.26704507923443 0.228182640578627 0.270041576849522 0.274479194013884 0.299907410271816 0.337115472362682 0.277350406814322 0.183001089863702 0.455443150630097 0.309097565773432 -9999 -9999 -9999 -9999 -9999 -9999 -9999 -9999 -9999 -9999 -9999 -9999 -9999 -9999 -9999 -9999 -9999 -9999 -9999 0.419959720660446 0.288910402662128 0.582878024234212
-9999 -9999 -9999 -9999 0.278106228706658 0.487449211656614 0.395902006207706 0.318762715402237 0.104739146283357 0.30035162003761 0.372533543885463 0.283130283061018 0.272913401518725 0.192152372685342 0.162076690634874 0.273515746543912 0.193502655847131 0.156972387101631 0.272726223412918 0.238397432136682 0.196270745763006 0.254138378663253 0.215180290873564 0.182652526868716 0.345602745075703 -9999 -9999 -9999 -9999 -9999 -9999 -9999 -9999 -9999 -9999 -9999 -9999 -9999 -9999 -9999 -9999 -9999 -9999 -9999 -9999 -9999 -9999 -9999 0.43399665729319
-9999 -9999 -9999 -9999 0.13168883917053 0.532124832767189 0.26295332552082 0.243037019154113 0.104404156621691 0.308256360166212 0.287409588165782 0.26996229587425 0.236871771290415 0.364549405974611 0.321523210536715 0.261966313530546 0.232965451863746 0.142842046688372 0.259750502449582 0.141688105373168 0.21613445814813 0.200912501671795 0.231575443127507 -9999 -9999 -9999 -9999 -9999 -9999 -9999 -9999 -9999 -9999 -9999 -9999 -9999 -9999 0.351218490638141 0.377293817966394 0.426392369480542 -9999 -9999 -9999 -9999 -9999 -9999 -9999 -9999 -9999
-9999 -9999 -9999 0.30557402865366 0.451677716696331 0.562628116080113 0.460176578454809 0.478254729622596 0.441645182164853 0.438911220312708 0.388524337530011 0.450265117976773 0.270371389727793 0.452433027392213 0.2170446934409 0.304116724006334 0.271836611274215 0.268514954920054 0.212421751109844 0.187071080130079 0.293155481468359 0.206852412501658 -9999 -9999 -9999 -9999 -9999 -9999 -9999 -9999 -9999 -9999 -9999 -9999 -9999 -9999 -9999 -9999 0.421919065518006 0.316262138190882 -9999 -9999 -9999 -9999 -9999 -9999 -9999 -9999 -9999
