Scripts_&_data/BRT_projection_files/BRT_CCV/B_rupestris_2_projection.asc
NCOLS 79 
NROWS 71 
XLLCORNER -10.5 
YLLCORNER 36 
CELLSIZE 0.5 
NODATA_value -9999 
[rows 44 to 65 of 71, columns 0 to 48 of 79]
-9999 -9999 -9999 -9999 -9999 -9999 -9999 -9999 -9999 -9999 -9999 -9999 -9999 -9999 -9999 -9999 -9999 -9999 0.255156061161572 0.19657547395 0.248566982144893 0.319163542819814 0.194237769769557 0.260766389746525 0.176235109643545 0.238298726223352 0.21681505226592 0.188500198835018 0.356995757703756 0.252875969337943 0.36582483672926 0.44680171776901 0.440447900428867 0.538991401742312 0.5022775595523 0.531310891532137 0.432722904239199 0.302184537871166 0.453729337752394 0.473188302370226 0.514889536850626 0.527320402091555 0.629506523803415 0.571338567099186 0.483911159841681 0.570367643760144 0.484991629574245 0.507068482820602 0.533457732371977
-9999 -9999 -9999 -9999 -9999 -9999 -9999 -9999 -9999 -9999 -9999 -9999 -9999 -9999 0.188873273750944 -9999 -9999 -9999 0.36805595812941 0.610556995453674 0.678213814419982 0.6002792026856 0.421926377120363 0.130374347847562 0.224575865940297 0.242342203236771 0.210490567028579 0.132643610340603 0.143791007600001 0.175420396583304 0.216461361375517 0.43877449098122 0.444361061428742 0.571537133235784 0.496257028810975 0.461518004271086 0.26592579520108 0.3198546786205 0.412743461546578 0.513135717763979 0.408945812796563 0.535638841793184 0.599693701282428 0.626315838262677 0.618856628812383 0.569804709155968 0.533396900753018 0.441455995952477 0.298264279611312
-9999 -9999 -9999 -9999 -9999 -9999 -9999 -9999 -9999 -9999 -9999 -9999 0.227230127370079 0.241093974146143 0.199857698630183 0.202485235752132 0.183858414836048 0.37353370424747 0.233422395519443 0.234602723247469 0.421175641161886 0.325751147551978 0.356714968287209 0.141262480846021 0.121514159466602 0.128129211741032 0.1952704608876 0.189791274048344 0.129244176506812 0.184826195962456 0.276140484118239 0.437571412855244 0.446986990975764 0.487290038570889 0.266271655311391 0.324510837327373 0.269552367624241 0.537291624706894 0.488182612888057 0.474962578250937 0.47982881667118 0.543592459019175 0.579242098453281 0.603102557106774 0.583562298392375 0.583661923553107 0.528385447294904 0.527825344123885 0.434174722748416
-9999 -9999 -9999 -9999 -9999 -9999 -9999 -9999 -9999 -9999 -9999 -9999 -9999 -9999 0.178880073755308 0.221314470685495 0.31285307664405 0.334583213253254 0.354073305929944 0.2027180771926 0.34456854741037 0.23681415828082 0.208638171747676 0.182422324751034 0.255382630611287 0.186773534306542 0.176659905375119 0.166039301793049 0.187472232692867 0.419507149205008 0.462541919145463 0.43753050767186 0.444131470514228 0.457164144776453 0.534986988883032 0.512575012967413 0.497063727509421 0.446811220103154 0.543792104462539 0.530684882193386 0.472657305412573 0.446004432147189 0.423307107423205 0.416259339689009 0.421661812290378 0.425585456724184 0.450860192529849 0.448451489251328 0.460156653994058
-9999 -9999 -9999 -9999 -9999 -9999 -9999 -9999 -9999 -9999 -9999 -9999 -9999 -9999 -9999 -9999 -9999 0.338506605782337 0.385697660496491 0.360619786380241 0.16674754581854 0.185839419086979 0.213210946475194 0.159071551148278 0.162298818412034 0.191234078127683 0.19998781711427 0.198213380642775 0.2824162778607 0.439440043376548 0.460555758897888 0.220051796082483 0.285426402937859 0.418879186494653 0.435029977152945 0.523272787793741 0.586578595656545 0.535599998476171 0.486405988555102 0.388020152042887 0.368831803729958 0.369490426044567 0.524279744358088 0.562687176936709 0.50453813952728 0.502897970065958 0.55002516719734 0.534706477953469 0.406539018721161
-9999 -9999 -9999 -9999 -9999 -9999 -9999 -9999 -9999 -9999 -9999 -9999 -9999 -9999 -9999 -9999 -9999 0.163879228483123 0.15495972517111 0.227050962871307 0.184343358669469 0.131171292719482 0.160915000873061 0.214085428455375 0.243041566397014 0.241627838603207 0.251470172162736 0.242839956540206 0.253181352709412 0.478427820941786 0.201433603248934 0.234617602459889 0.424483050379093 0.402425085841329 0.519371411005014 0.468744468207178 0.534032366424654 0.398555752130596 0.473949388225848 0.468777150171004 0.503035727518922 0.402551219586468 0.472483220855068 0.455316664042719 0.434706509718741 0.473676820823128 0.529609999236289 0.449565013885392 0.429283141701705
-9999 -9999 -9999 -9999 -9999 -9999 -9999 -9999 -9999 -9999 -9999 -9999 -9999 -9999 -9999 -9999 -9999 -9999 -9999 0.113225182215805 0.13866379894525 0.124133751160571 0.29234878127376 0.285397803593181 0.323592009666112 0.525306265768294 0.603152306807576 0.319887571487372 0.362704373600597 0.548481513918086 0.27795350981624 0.208525890312859 0.430252557813338 0.582019296160246 0.433978224902134 0.430766642060295 0.432153143356813 0.406618202510439 0.408628289679997 0.454978575589696 0.527035629557407 0.39021661035082 0.362585206676842 0.517402670743566 0.389972261748584 0.467974725436934 0.406632763457454 0.429787644540499 0.423708168078102
-9999 -9999 -9999 -9999 -9999 -9999 -9999 -9999 -9999 -9999 -9999 -9999 -9999 -9999 -9999 -9999 -9999 -9999 -9999 0.187847155318681 0.129099978580324 0.157902946217017 0.192179194843493 0.238981199131435 0.465895914220373 0.262572684789514 0.332667789090403 0.333109117278084 0.27362709704714 0.432983993559347 0.231304993774079 0.220322012652638 0.467781381757191 0.484724142998234 0.463336733759507 0.433717444349362 0.519333098697749 0.487078255320809 0.228288792271717 0.208143181586193 0.571653517439488 0.43666948058277 0.425865708544344 0.401017418028787 0.568335938236504 0.183148100566195 0.115431398323331 -9999 0.148660448656695
-9999 -9999 -9999 -9999 -9999 -9999 -9999 -9999 -9999 -9999 -9999 -9999 -9999 -9999 -9999 -9999 -9999 -9999 -9999 0.183958313668387 0.214596305588433 0.180172886458483 0.190740432878225 0.177787410119199 0.196178633990873 0.498017034891535 0.337469456127765 0.496987137847173 0.416053977526864 0.47224692415328 0.226553672515655 0.204616135701983 0.452342700249745 0.394002271141956 0.487650965254029 0.508848802350301 0.201491156497272 0.110087930683312 0.104519171835152 0.112086180978002 0.108573230364695 0.114667148689825 0.150602992807788 0.111722868155531 0.129688002197233 -9999 -9999 -9999 0.150943525085412
-9999 -9999 -9999 -9999 -9999 -9999 -9999 -9999 -9999 -9999 -9999 -9999 -9999 -9999 -9999 -9999 -9999 -9999 -9999 0.155209819331044 0.238192060473944 0.223529617494841 0.166729549089794 0.164113740815148 0.225814426089667 0.388104407310388 0.449447670268235 0.393558055076448 0.381691602562806 0.465158762721938 0.169213564159637 0.385924183567422 0.392628806918839 0.418940045041893 0.470057889205882 0.46326942449037 0.126021439938992 0.183825365605391 0.186449615285045 0.472930571395988 0.199383505715662 0.176776467608718 0.151099433359935 0.147571914238148 0.124646421654143 0.164748837303012 -9999 -9999 -9999
-9999 -9999 -9999 -9999 -9999 -9999 -9999 -9999 -9999 -9999 -9999 -9999 -9999 -9999 -9999 -9999 -9999 -9999 0.226894692323476 0.138563281458198 0.140494369992034 0.184369202870618 0.233562451689828 0.260616455286828 0.202752526562648 0.206195194705118 0.50862813080927 0.47480553540758 0.36597034922797 0.162381613185729 0.167633960113191 0.259630876889467 0.44544847561706 0.372380751144262 0.400146566381834 0.404415456799264 0.322349938210427 0.206397291657753 -9999 -9999 0.210262901602337 0.312750596419647 0.289496062788096 0.444142843353127 0.186168502739593 0.169584288856234 -9999 -9999 -9999
-9999 -9999 -9999 -9999 -9999 -9999 -9999 -9999 -9999 -9999 -9999 -9999 -9999 -9999 -9999 -9999 -9999 -9999 0.181249019242101 0.154093216239773 0.171368632512535 0.128936816994727 0.106111562100196 0.212185350213401 0.197761211395425 0.18539128486311 0.169523651200785 0.162925183540418 0.185835056343437 0.197611917174486 0.209494028710147 0.195010993094832 0.162106975340275 0.194306314322228 0.192559109898524 0.212025221248536 -9999 -9999 -9999 -9999 -9999 -9999 0.213045734977753 0.193593658955212 0.281282883881872 0.504403117420395 0.18248651340491 -9999 -9999
-9999 -9999 -9999 0.138398106701284 0.172839765288412 0.173530291155007 0.209897162378992 0.213218823863073 0.487153870301677 0.433109938040962 0.479076872898951 0.491746426508175 0.198371906206155 0.154154819994378 0.151694479391628 0.16210045775957 0.146314832590137 0.138372889218676 0.141951217371206 0.163941850388279 0.193822393567647 0.177753733362896 0.219776474175919 0.191450567440423 0.216708666183868 0.186446778404142 0.177797816669101 0.206654497700556 -9999 -9999 -9999 -9999 0.169579683322184 0.190884627042442 -9999 -9999 -9999 -9999 -9999 -9999 -9999 -9999 0.176809770581108 0.179742424476202 0.137997649270604 0.181797355804569 0.206647304973898 0.210621861203601 0.187513084927092
-9999 -9999 -9999 0.146027522709763 0.136470133676321 0.172903290881928 0.214668985140246 0.454247322341921 0.337818405457551 0.450556181074816 0.3727075454524 0.358221242113147 0.437244945408852 0.361751632689728 0.41398030431131 0.23400082950216 0.416250524000067 0.159794668962598 0.16036245706676 0.355196766068084 0.474217838159282 0.255885673551361 0.395585456417965 0.409400922010008 0.358047112737452 0.250365758799024 0.157720147238256 -9999 -9999 -9999 -9999 -9999 -9999 -9999 -9999 -9999 -9999 -9999 -9999 -9999 -9999 -9999 -9999 0.164308298114899 0.180795284097768 0.155103737405316 0.201245199655917 0.363318275054613 0.202436233345492
-9999 -9999 -9999 -9999 0.137812885295763 0.148810080931102 0.36535552775932 0.230658518287356 0.411251910995314 0.204980634653246 0.163592499404002 0.122501640451529 0.0962075383838494 0.266158270745021 0.38739426411847 0.474560457057803 0.178217833916129 0.233095274639651 0.126380523957158 0.117158346074568 0.168700315214065 0.117463107636128 0.197714218585078 0.361068447266198 0.397594185367964 0.490987886177004 0.136795879795264 0.13823590902752 -9999 -9999 -9999 -9999 -9999 -9999 -9999 -9999 -9999 -9999 -9999 -9999 -9999 -9999 -9999 -9999 0.200592023607219 0.189220591435962 0.208511669145225 0.44618137010601 0.460269298604238
-9999 -9999 -9999 0.147338232888262 0.183103678293818 0.243327606492775 0.156478123365412 0.153356948452614 0.142499949730684 0.181481090915606 0.0977857687637368 0.123062744846865 0.12687735000714 0.22778124016462 0.179534620200489 0.158771810300785 0.230984936444314 0.181306644866814 0.138928689338789 0.152014581253003 0.131032128623336 0.189729442026965 0.257013791599859 0.204050305810277 0.170254630816765 0.196235683710132 0.192815051823474 -9999 -9999 -9999 -9999 -9999 -9999 -9999 -9999 -9999 -9999 -9999 -9999 -9999 -9999 -9999 -9999 -9999 -9999 -9999 0.250711437464821 0.190603125512068 0.177923394879511
-9999 -9999 -9999 -9999 0.184407496429341 0.16296061585164 0.144157288282177 0.130326755976354 0.139521511467894 0.16878205903984 0.0979438366723641 0.127802506946528 0.13552936333543 0.196125110460916 0.197610010633437 0.191075252023401 0.170499764036076 0.18561420562994 0.1752864499096 0.12901022291009 0.135411869104493 0.154130644343497 0.153302778101876 0.166957249251048 0.183082391964652 -9999 -9999 -9999 -9999 -9999 -9999 -9999 -9999 -9999 -9999 -9999 -9999 -9999 -9999 -9999 -9999 -9999 -9999 -9999 -9999 -9999 -9999 -9999 0.209697816668601
-9999 -9999 -9999 -9999 0.196685602912615 0.137692856714189 0.14675422651975 0.151246804918142 0.13852985931982 0.2292964513506 0.21880817998672 0.228631463080691 0.341749220195281 0.324010502535385 0.250634185995827 0.146161658616916 0.0966694789413482 0.228255144716685 0.29219973969048 0.187604823591883 0.143498679852613 0.14470694987173 0.149439927054307 -9999 -9999 -9999 -9999 -9999 -9999 -9999 -9999 -9999 -9999 -9999 -9999 -9999 -9999 0.161006655060407 0.202842130824509 0.180654633553412 -9999 -9999 -9999 -9999 -9999 -9999 -9999 -9999 -9999
-9999 -9999 -9999 0.137491571055302 0.152307235559758 0.144626595736622 0.154623292383156 0.150455203925443 0.154345608297269 0.19454893203162 0.179832471176594 0.166839718648649 0.174576132956616 0.18206493781257 0.196125386183573 0.152364065280168 0.148081319867404 0.122660926521062 0.263163245680003 0.235053281282542 0.1390360099335 0.136035513360065 -9999 -9999 -9999 -9999 -9999 -9999 -9999 -9999 -9999 -9999 -9999 -9999 -9999 -9999 -9999 -9999 0.211826839601919 0.172707018456769 -9999 -9999 -9999 -9999 -9999 -9999 -9999 -9999 -9999
-9999 -9999 -9999 0.159393965345261 0.139700292721442 0.144248400166927 0.141082825316956 0.134951322331713 0.160414142145908 0.147583207458492 0.134507918617217 0.132755675975542 0.142405708471378 0.0973808164200641 0.0931670660667474 0.101805718043776 0.121118986353328 0.122079633699735 0.135507684251256 0.157792703283847 0.199493801462992 -9999 -9999 -9999 -9999 -9999 -9999 -9999 -9999 -9999 -9999 -9999 -9999 -9999 -9999 -9999 -9999 -9999 0.176352004079133 0.169728155233896 -9999 -9999 -9999 -9999 -9999 -9999 -9999 -9999 -9999
-9999 -9999 0.165506767985011 0.201682529818444 0.148199242767284 0.149374641085101 0.157608142114518 0.140487140740828 0.188898890750421 0.15897023736372 0.149037424592955 0.121838125591401 0.138101904498676 0.134622755625098 0.103048603695534 0.107024427405595 0.104398286231666 0.102093247523334 0.15148337050874 0.194491247048449 -9999 -9999 -9999 -9999 -9999 -9999 -9999 -9999 -9999 -9999 -9999 -9999 -9999 -9999 -9999 -9999 -9999 -9999 0.1682317932192 0.180715905836066 -9999 -9999 -9999 -9999 -9999 -9999 -9999 -9999 -9999
-9999 -9999 0.171615085440038 0.186796429633802 0.139731058404865 0.169188304238346 0.174109832287431 0.221708028486765 0.233694084313957 0.201328176803086 0.154617240400321 0.147660627046357 0.17956524929842 0.13591526536426 0.114894074284138 0.118848215059196 0.125267663504918 0.144045498200984 0.123814083373088 0.0995830714456855 0.112811270692214 -9999 -9999 -9999 -9999 -9999 -9999 -9999 -9999 -9999 -9999 -9999 -9999 -9999 -9999 -9999 -9999 -9999 -9999 -9999 -9999 -9999 -9999 -9999 -9999 -9999 -9999 -9999 -9999
