Scripts_&_data/BRT_projection_files/BRT_CCV/B_ruderarius_2_projection.asc
NCOLS 79 
NROWS 71 
XLLCORNER -10.5 
YLLCORNER 36 
CELLSIZE 0.5 
NODATA_value -9999 
[rows 44 to 65 of 71, columns 0 to 48 of 79]
-9999 -9999 -9999 -9999 -9999 -9999 -9999 -9999 -9999 -9999 -9999 -9999 -9999 -9999 -9999 -9999 -9999 -9999 0.345159394164725 0.352109286224202 0.455358991965582 0.452291951195891 0.386571504882325 0.427973667641428 0.34165775856309 0.440291617745317 0.417599850780523 0.358825231214836 0.374427556853219 0.241327108639569 0.395057936637839 0.408186261915804 0.377644054809225 0.404541279367983 0.426691913840838 0.423378559908915 0.501418326631546 0.360598504647516 0.39916852318528 0.441908243664049 0.51901880219721 0.481545822862889 0.544818443157878 0.496490645902267 0.435048817906276 0.483952581650822 0.423486750291475 0.483005058641614 0.520628362250469
-9999 -9999 -9999 -9999 -9999 -9999 -9999 -9999 -9999 -9999 -9999 -9999 -9999 -9999 0.339418742270309 -9999 -9999 -9999 0.461082913876519 0.527613531245813 0.5386992469258 0.512664961266765 0.472030009434432 0.239607092701513 0.399672202535677 0.52703061582219 0.48063524709363 0.250909932920917 0.286585859586442 0.247580103737185 0.346074835520046 0.392256834884211 0.411942422384096 0.503297870741698 0.442368642691122 0.371926709620236 0.410921151393837 0.351595338282348 0.406357227211751 0.642992863206212 0.423005468425254 0.481718000774853 0.461386287236233 0.547964625211335 0.51643026247191 0.538043357804848 0.51829913236427 0.414841411508177 0.436991006394865
-9999 -9999 -9999 -9999 -9999 -9999 -9999 -9999 -9999 -9999 -9999 -9999 0.321623202194692 0.343342299959093 0.322545310519956 0.256952064829136 0.266449783544814 0.390547071548448 0.315933413321692 0.282132967393898 0.516187308908441 0.436710987999527 0.492620217029176 0.212703946849328 0.214117598941403 0.264263665262357 0.366604358429597 0.337807683786104 0.304709204299618 0.331813739308266 0.3945496344745 0.399650392731571 0.404551507004354 0.394006694072641 0.316127463534617 0.344144954718363 0.405299341581546 0.387414185393412 0.412092139929025 0.458699773887574 0.424530482616069 0.528054399984624 0.536604415946707 0.508689933784813 0.617276805791301 0.45935994525148 0.417971758737387 0.441912703439285 0.358258845481219
-9999 -9999 -9999 -9999 -9999 -9999 -9999 -9999 -9999 -9999 -9999 -9999 -9999 -9999 0.292214570820232 0.297238278333567 0.369496510769183 0.416341216486004 0.426999823083236 0.306482161448807 0.42766420050049 0.37453044418546 0.390559314302807 0.319990803046314 0.400523980148265 0.343000343990191 0.421077549508282 0.38562174122128 0.393834960049422 0.424472102578367 0.394609572943633 0.401916307882585 0.397416156589067 0.409780123824737 0.390819309250745 0.393353881186118 0.410566999650193 0.39212549924959 0.396603964014071 0.414190485939442 0.399516059869678 0.403636290186946 0.402762681110285 0.403539092666763 0.460706048201798 0.568828738283694 0.609861771571805 0.621039494953262 0.580894425393459
-9999 -9999 -9999 -9999 -9999 -9999 -9999 -9999 -9999 -9999 -9999 -9999 -9999 -9999 -9999 -9999 -9999 0.499324066938204 0.470359356147118 0.475917837511248 0.318954696323652 0.302300056683818 0.404633838321559 0.390667996820033 0.356693181970016 0.294991843820383 0.415795400846812 0.353111259177319 0.370205754329981 0.373312591080045 0.462353182015074 0.323871958225797 0.372785993629947 0.395760376774618 0.400855983821563 0.384029935280148 0.408399981569614 0.393844436903027 0.485140643615792 0.367699104498204 0.592648675851683 0.509081403435328 0.623436919238233 0.659983823297138 0.582889542034411 0.542660324897 0.613446608749316 0.63616893789771 0.593588885865928
-9999 -9999 -9999 -9999 -9999 -9999 -9999 -9999 -9999 -9999 -9999 -9999 -9999 -9999 -9999 -9999 -9999 0.29765639382075 0.239090882964501 0.332346896059605 0.314201876492178 0.265523466546079 0.322885329094834 0.343096229597474 0.397894689523585 0.383821484062109 0.418799103962262 0.413365914160426 0.418735931867233 0.436121728458272 0.38836739959089 0.389172545445769 0.423693526452914 0.489424674932335 0.388439371456016 0.424115786407588 0.631765580758352 0.658176171046611 0.592166386568985 0.569618382942387 0.614883437903846 0.490310033982563 0.533136659681391 0.5438498233173 0.346758557977186 0.510280566522772 0.613561727568536 0.628136927915293 0.576109531434616
-9999 -9999 -9999 -9999 -9999 -9999 -9999 -9999 -9999 -9999 -9999 -9999 -9999 -9999 -9999 -9999 -9999 -9999 -9999 0.169234302195379 0.262648548500297 0.23610090992187 0.400420595726126 0.427446753241312 0.440700012263641 0.4681652598121 0.488920781174014 0.42564017472819 0.467591823843941 0.428760600957135 0.435222245388388 0.390079472610078 0.414605413716978 0.399010966685501 0.43384353246736 0.61687741865003 0.566333092728175 0.584790776133774 0.586638616603856 0.612403110617189 0.580930872028883 0.497629189769095 0.258560765369514 0.609937335019062 0.28704380625287 0.615632895031228 0.42115330401273 0.438978994939649 0.421657813712937
-9999 -9999 -9999 -9999 -9999 -9999 -9999 -9999 -9999 -9999 -9999 -9999 -9999 -9999 -9999 -9999 -9999 -9999 -9999 0.23877578764976 0.187582598430631 0.309077569097403 0.386959724056281 0.351843481517352 0.385378277253169 0.321182493181888 0.371507677968825 0.481672553117525 0.375089335539241 0.406420021398088 0.397258199472911 0.340534085358509 0.40000653153882 0.393066407190562 0.593645564732433 0.544766823692181 0.518888154009167 0.391386851963069 0.334357214157371 0.379069632274902 0.38826915175178 0.404427680882428 0.460862612517281 0.419848990664732 0.399480609055046 0.288989378405447 0.165569419967468 -9999 0.275289238137466
-9999 -9999 -9999 -9999 -9999 -9999 -9999 -9999 -9999 -9999 -9999 -9999 -9999 -9999 -9999 -9999 -9999 -9999 -9999 0.234325587074838 0.258654727830208 0.236675484154336 0.277540630137959 0.307601513653452 0.331609477670651 0.388737540075997 0.386176507174523 0.438248000165247 0.411936915463562 0.411600833428227 0.322414355017494 0.311596973594941 0.387002278490454 0.563404771915266 0.465847982467578 0.582056580779257 0.321085553051068 0.146865378816637 0.158106436607389 0.262901253108773 0.158891421333656 0.155506977802554 0.202685776927404 0.165227559779881 0.174070441238699 -9999 -9999 -9999 0.209852997281856
-9999 -9999 -9999 -9999 -9999 -9999 -9999 -9999 -9999 -9999 -9999 -9999 -9999 -9999 -9999 -9999 -9999 -9999 -9999 0.26532422574322 0.253162183452735 0.249780018630759 0.223831974800777 0.206179174187912 0.35958026636193 0.400392762249711 0.384638084053151 0.396390907570771 0.389562531829331 0.406607455700185 0.280924803472131 0.383401491577387 0.496771454752003 0.491512095237662 0.54500431416848 0.426985746610505 0.170958836789707 0.190196477421004 0.205959750322095 0.416860887289657 0.327324343802136 0.386672223631955 0.227528564103628 0.210498033722836 0.186346163795419 0.214892119852558 -9999 -9999 -9999
-9999 -9999 -9999 -9999 -9999 -9999 -9999 -9999 -9999 -9999 -9999 -9999 -9999 -9999 -9999 -9999 -9999 -9999 0.277648110066723 0.19112024962358 0.210289632090292 0.227520907818502 0.236080753710183 0.242792810843243 0.220141586078274 0.314536975966926 0.438974694524722 0.392443144427073 0.382439716079195 0.195081343833967 0.191274856161625 0.390047550340333 0.394820594590532 0.392754634605814 0.494546057967446 0.386702784303377 0.363354282037247 0.187259789196231 -9999 -9999 0.185449684460593 0.361771742170868 0.379534893319916 0.419958170386182 0.262526268697076 0.287804242380146 -9999 -9999 -9999
-9999 -9999 -9999 -9999 -9999 -9999 -9999 -9999 -9999 -9999 -9999 -9999 -9999 -9999 -9999 -9999 -9999 -9999 0.202530989686413 0.196470946546147 0.25554599704234 0.139521744328223 0.143252731811331 0.265908978605324 0.221277679433588 0.230250362526899 0.298073328421505 0.287072441738229 0.191475980049959 0.196253515927083 0.18765903113991 0.185611612302748 0.203750415407225 0.316798334184338 0.288822267725223 0.165503326230181 -9999 -9999 -9999 -9999 -9999 -9999 0.207686709267675 0.211778306843712 0.35588077863149 0.391852730942598 0.355063810156961 -9999 -9999
-9999 -9999 -9999 0.196504952658054 0.180989685188853 0.297691345003524 0.285405767590208 0.296739471207445 0.472399056797624 0.440900683404936 0.472811268624215 0.385731473869626 0.297855166172153 0.315904081268301 0.258713677833909 0.162926971153844 0.178525048466222 0.204000081936954 0.300600485047253 0.197853275990385 0.220399084015705 0.209857304469081 0.26254558545469 0.219551731519167 0.249471634412718 0.195607130195222 0.203935338697393 0.240182789369782 -9999 -9999 -9999 -9999 0.221686390182551 0.194489261422613 -9999 -9999 -9999 -9999 -9999 -9999 -9999 -9999 0.19044611608008 0.193469485453745 0.185858380923969 0.277022827826448 0.355130225683443 0.356769907213467 0.189017921050126
-9999 -9999 -9999 0.189778655413822 0.235240173546082 0.347322411460904 0.296202896248326 0.385341623898094 0.367821193622726 0.444071346847092 0.382871679000155 0.373912969795245 0.418590299865825 0.393379473157946 0.380443951108551 0.386545163364819 0.385717571647106 0.293758686127193 0.288408137477234 0.406516193660762 0.583090854036906 0.295197440090737 0.497158881784728 0.42726866930338 0.418036554986335 0.343191432429927 0.236237485250363 -9999 -9999 -9999 -9999 -9999 -9999 -9999 -9999 -9999 -9999 -9999 -9999 -9999 -9999 -9999 -9999 0.19370026219545 0.222024248249026 0.204709271013462 0.224216335073139 0.362163837073523 0.34014780397825
-9999 -9999 -9999 -9999 0.256511663502217 0.285035884943506 0.349541711911436 0.346081885252271 0.379130335179329 0.163102733526107 0.150181560969074 0.147023329015706 0.11083954292562 0.364809199132204 0.417745907226033 0.427810859830251 0.331225858560968 0.151352897224055 0.121138592536278 0.222270694524882 0.276723095615122 0.162290040983755 0.364053923222228 0.365308756531908 0.433640802500342 0.562658920379405 0.188524018173456 0.119326056983418 -9999 -9999 -9999 -9999 -9999 -9999 -9999 -9999 -9999 -9999 -9999 -9999 -9999 -9999 -9999 -9999 0.213959100828568 0.26745196303258 0.242028390352471 0.415356269598137 0.412489000113267
-9999 -9999 -9999 0.198305400056509 0.328222829763288 0.355291122618619 0.31321789933979 0.267478887953059 0.201603138924862 0.215269923699752 0.122429587789183 0.16416058559759 0.132668866740128 0.236635165919897 0.372120018525099 0.376956110852016 0.26789323258034 0.247742221665308 0.150152465837465 0.199910321827933 0.121220617724841 0.141112383206068 0.174956261366443 0.164016794597131 0.182196744772692 0.259162131069018 0.178664859883008 -9999 -9999 -9999 -9999 -9999 -9999 -9999 -9999 -9999 -9999 -9999 -9999 -9999 -9999 -9999 -9999 -9999 -9999 -9999 0.377195112687304 0.191516456733117 0.19643438600367
-9999 -9999 -9999 -9999 0.188596490535245 0.312226567897858 0.24955314287353 0.196484850986052 0.204865678737625 0.204485773126964 0.121170156783989 0.165484783058485 0.172929878758866 0.389923489261398 0.270365002009238 0.263624753406514 0.176245540587202 0.267554466842246 0.225942311971463 0.12957691233993 0.112638736169731 0.12560367030159 0.141635454054124 0.15848692309907 0.124952965428055 -9999 -9999 -9999 -9999 -9999 -9999 -9999 -9999 -9999 -9999 -9999 -9999 -9999 -9999 -9999 -9999 -9999 -9999 -9999 -9999 -9999 -9999 -9999 0.224275365673617
-9999 -9999 -9999 -9999 0.187153291295262 0.199923828842164 0.237385462499996 0.216986041434645 0.207828080019406 0.247514934239849 0.254873582749824 0.290947547016179 0.510650387047563 0.490602604582943 0.178866604805699 0.173695584393782 0.19802523773613 0.193780718493525 0.330916598506977 0.187075324331908 0.21179665134705 0.125623027394558 0.117105779707967 -9999 -9999 -9999 -9999 -9999 -9999 -9999 -9999 -9999 -9999 -9999 -9999 -9999 -9999 0.186431551086259 0.206528364210221 0.219226020478359 -9999 -9999 -9999 -9999 -9999 -9999 -9999 -9999 -9999
-9999 -9999 -9999 0.174425198864582 0.170324111236461 0.228057338258989 0.205198817729485 0.227222460901728 0.235468574779368 0.407911412863813 0.408561694042854 0.336872420965975 0.134094310707561 0.214212206652509 0.193487279635288 0.139265515685606 0.286435073023846 0.207603801316241 0.341575160363965 0.195078903230187 0.145308690910466 0.12244844546114 -9999 -9999 -9999 -9999 -9999 -9999 -9999 -9999 -9999 -9999 -9999 -9999 -9999 -9999 -9999 -9999 0.224485863702026 0.221420975317359 -9999 -9999 -9999 -9999 -9999 -9999 -9999 -9999 -9999
-9999 -9999 -9999 0.17933922308259 0.165512668849804 0.167298122596445 0.17256336857741 0.202260269809097 0.200781857524009 0.198436706459431 0.158170807049347 0.167362457193265 0.107394586543286 0.120309008291466 0.0954396285387318 0.0956472875055858 0.124413360722608 0.139040006415523 0.138679814950726 0.165290715875139 0.169269920354294 -9999 -9999 -9999 -9999 -9999 -9999 -9999 -9999 -9999 -9999 -9999 -9999 -9999 -9999 -9999 -9999 -9999 0.20325525105291 0.17198355689636 -9999 -9999 -9999 -9999 -9999 -9999 -9999 -9999 -9999
-9999 -9999 0.156719807058355 0.195862101646138 0.167417282305028 0.185100213373961 0.202620769018669 0.132777556275759 0.23415757662391 0.22206755815379 0.182090124844084 0.150870628105992 0.19358807999751 0.135024654061549 0.0924020457879792 0.0931563342405272 0.0895702326319503 0.102886479654636 0.142895490904293 0.164359499095596 -9999 -9999 -9999 -9999 -9999 -9999 -9999 -9999 -9999 -9999 -9999 -9999 -9999 -9999 -9999 -9999 -9999 -9999 0.170768335964454 0.205138409051778 -9999 -9999 -9999 -9999 -9999 -9999 -9999 -9999 -9999
-9999 -9999 0.286147415375559 0.159481229274735 0.149609861552693 0.198902028636735 0.193604688584871 0.13627125578732 0.140538222685757 0.141413187408315 0.12789990154587 0.186063237346189 0.154201100540143 0.133209992250012 0.108080526062782 0.167826616353343 0.141912058303093 0.145584204460012 0.144871047811767 0.0953309293401116 0.109583176449702 -9999 -9999 -9999 -9999 -9999 -9999 -9999 -9999 -9999 -9999 -9999 -9999 -9999 -9999 -9999 -9999 -9999 -9999 -9999 -9999 -9999 -9999 -9999 -9999 -9999 -9999 -9999 -9999
