Scripts_&_data/BRT_projection_files/BRT_CCV/B_sichelii_2_projection.asc
NCOLS 79 
NROWS 71 
XLLCORNER -10.5 
YLLCORNER 36 
CELLSIZE 0.5 
NODATA_value -9999 
[rows 42 to 62 of 71, columns 0 to 46 of 79]
-9999 -9999 -9999 -9999 -9999 -9999 -9999 -9999 -9999 -9999 0.0135609486434009 -9999 -9999 0.0135204248595315 -9999 -9999 -9999 -9999 -9999 -9999 -9999 -9999 -9999 -9999 0.00942235523382747 0.00938609314376164 0.00755003205581341 0.00747118335121832 0.0117417305207893 0.0164777646189083 0.00917140686893188 0.0108099143193019 0.140559302054092 0.0502699336028714 0.0255980563727396 0.00841086572252374 0.051400941011208 0.0377073348727083 0.00740362965010962 0.0457881934624322 0.0478316615855391 0.00811356654449107 0.00794816755197868 0.012118008712488 0.011399285783462 0.00782656222082395 0.0106965199540596
-9999 -9999 -9999 -9999 -9999 -9999 -9999 -9999 -9999 -9999 -9999 -9999 -9999 -9999 -9999 -9999 -9999 -9999 -9999 -9999 -9999 -9999 0.00984962246375596 0.00939200828038932 0.0104108418707037 0.00761097833265285 0.00751926657225927 0.00755529770430846 0.00768607828163848 0.00957238819248574 0.0401421294775733 0.258638527465436 0.0592417351077901 0.0170861642074632 0.020633688467927 0.0482887321328942 0.00751157971073936 0.0088466301879455 0.0616819665407434 0.0398139259386445 0.00759131261713836 0.00769496270692852 0.00760506815060753 0.0077679544816507 0.00778352601277817 0.00781449541901974 0.0121016028548212
-9999 -9999 -9999 -9999 -9999 -9999 -9999 -9999 -9999 -9999 -9999 -9999 -9999 -9999 -9999 -9999 -9999 -9999 0.00691995178256612 0.0076057309944316 0.00754048470219835 0.0101977708798559 0.00942133476162269 0.00751229344606963 0.00688088157061444 0.007064800305748 0.00707305335249794 0.00749939917243088 0.00783440847917292 0.00782470443144079 0.00960206052028099 0.0189347889008 0.0107297440928818 0.0130034136813655 0.0076400463255856 0.0158881927000543 0.0498094010705295 0.00845972825535807 0.00875773869996859 0.00771566110579196 0.00774445191318414 0.00781761625122632 0.00757853812297287 0.00766403643014375 0.00799185280994536 0.00770201537282766 0.0100159501391769
-9999 -9999 -9999 -9999 -9999 -9999 -9999 -9999 -9999 -9999 -9999 -9999 -9999 -9999 0.00688088157061444 -9999 -9999 -9999 0.00915984293047805 0.00962951551063742 0.0077763468071608 0.00922010823843242 0.00761403148896897 0.0072600598134359 0.00678930969249257 0.00796256043903055 0.00686151932261138 0.0069215209558499 0.00751948824343404 0.00787457043319585 0.00792847358128038 0.0211096421572657 0.0113520579917693 0.00756154023486357 0.0104342625131735 0.0133866549319511 0.00743739547192655 0.0685945614150667 0.00779299108922531 0.00824006116539695 0.0102381092144759 0.00789042159674371 0.00781742717277452 0.00798001702561713 0.00784708535135016 0.00781480952303282 0.00781095981292457
-9999 -9999 -9999 -9999 -9999 -9999 -9999 -9999 -9999 -9999 -9999 -9999 0.00896875790309835 0.00998001373724284 0.0118847287124236 0.00757761497916439 0.00691995178256612 0.00682531683273254 0.00850765019061809 0.00919447809224609 0.0116155787082569 0.00725039858111772 0.00762093702401026 0.00761118324962291 0.00674930936103195 0.00671958788099845 0.00682473097099795 0.00688925256798751 0.00871030352145733 0.00745768213092993 0.0117280691193259 0.0239559167730879 0.0398317443727944 0.00934961070268636 0.108396222754838 0.0644323791982901 0.00770240258686695 0.0401461123488925 0.0191690582845406 0.00778630272492793 0.0106850304153476 0.00939365944346943 0.0095730230608144 0.0102252621977733 0.0122865550213005 0.00992064957814217 0.00953958352015243
-9999 -9999 -9999 -9999 -9999 -9999 -9999 -9999 -9999 -9999 -9999 -9999 -9999 -9999 0.00859116596725049 0.00688286736853356 0.00687938007636278 0.00688258244706439 0.00864722442570129 0.00687938007636278 0.00687938007636278 0.00702091372505733 0.00700808198348844 0.00684934963791544 0.00696308010079711 0.00696879558056839 0.00690232578917786 0.00821325770349146 0.00745768213092993 0.0119680332701697 0.0134752107726313 0.0254917953744342 0.0501799824956653 0.0463115828856993 0.0293453748483711 0.0630833560486271 0.0492473928503224 0.116813958557858 0.0298526364348335 0.0184080877365402 0.0191355182697102 0.244906622255353 0.417772528309921 0.165993544556719 0.0905509237618514 0.0650922032846217 0.213738841786052
-9999 -9999 -9999 -9999 -9999 -9999 -9999 -9999 -9999 -9999 -9999 -9999 -9999 -9999 -9999 -9999 -9999 0.00829369389835465 0.00685459217237957 0.00685778484021894 0.00672338650596178 0.00672467297829602 0.00681961204234805 0.00783888381797644 0.00821047669465455 0.00697637251602756 0.0082815701046002 0.00905831151574888 0.0119321233312708 0.0117688686045866 0.00757743653530983 0.0146666096260479 0.0675593415595252 0.164026707593155 0.0646706499734754 0.104472815095122 0.239819136572824 0.0258074785635002 0.206518648043253 0.264933718445811 0.664576257665613 0.536533401271172 0.721798524265398 0.829101269449028 0.571604472945292 0.74828215094393 0.859242282740637
-9999 -9999 -9999 -9999 -9999 -9999 -9999 -9999 -9999 -9999 -9999 -9999 -9999 -9999 -9999 -9999 -9999 0.0083373444437687 0.00687938007636278 0.00687938007636278 0.00686939442083798 0.00688129710359832 0.0069008241549914 0.00847153569623401 0.00687938007636278 0.00857044526319596 0.0085019820708057 0.00687938007636278 0.0119122622349117 0.113651595149862 0.00745192245233908 0.00809614946441323 0.162245457039112 0.0929524048528949 0.010404990154405 0.0244211674278373 0.658452370574486 0.828304596744508 0.901837579591356 0.897451944258815 0.844353827900942 0.103661469035278 0.138114611286695 0.830416506607888 0.412606275656003 0.854439364948067 0.935754641823381
-9999 -9999 -9999 -9999 -9999 -9999 -9999 -9999 -9999 -9999 -9999 -9999 -9999 -9999 -9999 -9999 -9999 -9999 -9999 0.00687938007636278 0.00833495839198023 0.0068716369837093 0.0102889293312656 0.0114079333031303 0.0116178849246785 0.015182512737787 0.00758107994078161 0.00759385993709686 0.0119211575770173 0.0119875755205081 0.00921070418433925 0.00983384703162295 0.327043353434241 0.336004250615385 0.114429644875314 0.772298024903881 0.721401084935546 0.918226330020085 0.298194652608386 0.854806725303479 0.896453200362172 0.911580964584044 0.870164550896755 0.0279451304980418 0.375507285480381 0.304103120074852 0.108588644743904
-9999 -9999 -9999 -9999 -9999 -9999 -9999 -9999 -9999 -9999 -9999 -9999 -9999 -9999 -9999 -9999 -9999 -9999 -9999 0.00687938007636278 0.00687938007636278 0.00864932906307355 0.00921893541738887 0.00810178315207671 0.448936337049272 0.156630022342142 0.0655274282329803 0.00757851692701975 0.145177863843111 0.0143049906449661 0.01262629438533 0.00837779538124431 0.124080258200448 0.152593368141123 0.690247168409782 0.758639526014816 0.803446323078016 0.252990314686239 0.0341868281717525 0.0306811859664057 0.279310558064429 0.128268026164047 0.108874240074564 0.132109241224678 0.0305179858439674 0.0135739792531046 0.0129806988395835
-9999 -9999 -9999 -9999 -9999 -9999 -9999 -9999 -9999 -9999 -9999 -9999 -9999 -9999 -9999 -9999 -9999 -9999 -9999 0.00939579579944829 0.00832278395765719 0.00788456038183238 0.00995663465908382 0.0401154794536173 0.144482486129299 0.491156366039066 0.124427339565097 0.0110321440828907 0.018133477799368 0.0178685047846602 0.0269088395984327 0.00734740149288656 0.213679979070258 0.844907697867581 0.328916247491127 0.316994737159724 0.0101150442515629 0.00700254424979543 0.00688524220562415 0.00687913125283125 0.00692586029832755 0.00693480536091689 0.00716925950558998 0.00689266527009369 0.00691351806318325 -9999 -9999
-9999 -9999 -9999 -9999 -9999 -9999 -9999 -9999 -9999 -9999 -9999 -9999 -9999 -9999 -9999 -9999 -9999 -9999 -9999 0.0674824316375481 0.00689662696000103 0.00688258244706439 0.00821325770349146 0.0109602205085351 0.0133407204545078 0.0719243257275348 0.0714067180735455 0.192044480063703 0.231319682651247 0.444105604804381 0.0321043366731686 0.227520579223127 0.308695617268423 0.614171699113628 0.383447388989344 0.022354728457656 0.00692947971031129 0.00682473097099795 0.0128271580762499 0.0698250860405689 0.0444420529692727 0.00692947971031129 0.00675234730943039 0.00700838620658621 0.00679935539690582 0.00682032103570032 -9999
-9999 -9999 -9999 -9999 -9999 -9999 -9999 -9999 -9999 -9999 -9999 -9999 -9999 -9999 -9999 -9999 -9999 -9999 0.00941705439604486 0.159299957357932 0.0837584044542873 0.00779611931513596 0.00684270383216057 0.00701844907659998 0.00851461565283126 0.00783657800769357 0.0134477599783801 0.102758729431279 0.109902750295876 0.171837224829709 0.0101182445360072 0.0156463304106864 0.124983140368339 0.610280264543802 0.753840996831348 0.637752854837974 0.0622890942451081 0.032785795047834 -9999 -9999 0.0174846009903471 0.112311105811836 0.0757561876601571 0.0132269499597457 0.00703672809120595 0.0070250426440919 -9999
-9999 -9999 -9999 -9999 -9999 -9999 -9999 -9999 -9999 -9999 -9999 -9999 -9999 -9999 -9999 -9999 -9999 -9999 0.0225290728943859 0.0192112305196182 0.0125063383071557 0.00859492698332855 0.00801243236346429 0.00651505816037958 0.00683991778521389 0.00843967938079494 0.0523402911239987 0.0523237504283991 0.090025920736775 0.00696488280614091 0.00670056022038174 0.0234656901171905 0.0206965030662283 0.258584580148739 0.0830353723597081 0.0442364394164428 -9999 -9999 -9999 -9999 -9999 -9999 0.0123382227630281 0.00734357264197372 0.0600150129581555 0.00780696469586674 0.0069674320479872
-9999 -9999 -9999 0.0290887023444311 0.0894021204289066 0.199509517319785 0.423464325428525 0.559577181470002 0.819617852411788 0.546523551524882 0.849879031096431 0.777279429715135 0.174402496465062 0.222340442287632 0.207767695765435 0.14572729825695 0.0574615372680884 0.0240251632399714 0.041216998682668 0.0448167240557874 0.012230776915266 0.00841191403078508 0.00687938007636278 0.00688088157061444 0.00687938007636278 0.00865574418405794 0.00695129906822828 0.00805118224949355 -9999 -9999 -9999 -9999 0.0101692390927239 0.0242557102257479 -9999 -9999 -9999 -9999 -9999 -9999 -9999 -9999 0.00699097204194651 0.00699097204194651 0.0069518191920848 0.00882991860198115 0.00753454883389373
-9999 -9999 -9999 0.110083304446017 0.0709128957984913 0.15099480678043 0.69431661982419 0.133186447676076 0.534354062472755 0.185074551585446 0.0414550471248003 0.0538919872583713 0.100010542267497 0.0859611109947087 0.0793107457846868 0.0566622725972982 0.0993613607387906 0.0115509385299098 0.0600881133231491 0.537205046904329 0.493857233750435 0.57771973322242 0.284460484082612 0.587615546784823 0.314823516949154 0.489849122888038 0.049956956164764 -9999 -9999 -9999 -9999 -9999 -9999 -9999 -9999 -9999 -9999 -9999 -9999 -9999 -9999 -9999 -9999 0.00672467297829602 0.00788697040357426 0.00698079953348463 0.00694136020401336
-9999 -9999 -9999 -9999 0.286411430983018 0.236716069665865 0.753007583788012 0.538435901620887 0.311777400507139 0.00671768690028693 0.00818898839714885 0.00764493843614588 0.00814314663061218 0.00711775869004602 0.00983430824726975 0.0115856404337618 0.053934643655696 0.00671768690028693 0.0132051761208172 0.0437288037147275 0.0502809535097709 0.0268122972175106 0.0417054980711235 0.0800491764916075 0.39656700297828 0.0353010606898671 0.0124005117135071 0.0100378815087398 -9999 -9999 -9999 -9999 -9999 -9999 -9999 -9999 -9999 -9999 -9999 -9999 -9999 -9999 -9999 -9999 0.0100085109498881 0.00876719285599134 0.00695978188767598
-9999 -9999 -9999 0.0156925862466107 0.077871759438104 0.657216301256963 0.0188609206171148 0.0446797108858046 0.00831463460465555 0.00797467760600387 0.00820676850508132 0.00669545708885237 0.00818898839714885 0.00823095115761949 0.0081643857084292 0.0110431634263523 0.00900387010237033 0.00815397649993322 0.00682286063634816 0.00681322894113568 0.0081873454341854 0.00841739692496932 0.00671496477098056 0.00670299717674295 0.0405207359684504 0.0189958780894431 0.00935622385104295 -9999 -9999 -9999 -9999 -9999 -9999 -9999 -9999 -9999 -9999 -9999 -9999 -9999 -9999 -9999 -9999 -9999 -9999 -9999 0.00895060112423967
-9999 -9999 -9999 -9999 0.0816994322148994 0.0631613244054494 0.00947387585882675 0.00896790058932259 0.00814314663061218 0.00818898839714885 0.00814347068750859 0.00797467760600387 0.0081536524430368 0.00898467360737411 0.0101680060547503 0.00814889885779786 0.00895297559781319 0.00897252165913272 0.00819060274618983 0.00909378005255891 0.00936264666916497 0.00814088039796484 0.00858232063874352 0.00670014837806143 0.0117276982228683 -9999 -9999 -9999 -9999 -9999 -9999 -9999 -9999 -9999 -9999 -9999 -9999 -9999 -9999 -9999 -9999 -9999 -9999 -9999 -9999 -9999 -9999
-9999 -9999 -9999 -9999 0.013830556936548 0.0621766334966863 0.00803471641335182 0.00885975697743645 0.00814889885779786 0.00671496477098056 0.00818898839714885 0.00764688113863637 0.00733676727696227 0.0087524050252455 0.00672108294810346 0.0081643857084292 0.0213954826262561 0.00909163640431334 0.00911471198114744 0.00914590537290339 0.0081643857084292 0.00819060274618983 0.00931346863721192 -9999 -9999 -9999 -9999 -9999 -9999 -9999 -9999 -9999 -9999 -9999 -9999 -9999 -9999 0.0130062178949714 0.00687938007636278 0.0125947526578602 -9999 -9999 -9999 -9999 -9999 -9999 -9999
-9999 -9999 -9999 0.0172135122136532 0.0209182350115891 0.30187265600444 0.0438493318950842 0.0723100912276795 0.200795735016214 0.102113803958187 0.167394153812992 0.033286780477709 0.00671496477098056 0.00667555902386601 0.00671225557651614 0.00814347068750859 0.0081536524430368 0.0233079175460511 0.00916756662185199 0.0111789405713564 0.0103243094322142 0.00800231731735146 -9999 -9999 -9999 -9999 -9999 -9999 -9999 -9999 -9999 -9999 -9999 -9999 -9999 -9999 -9999 -9999 0.00828190927128665 0.006868261057682 -9999 -9999 -9999 -9999 -9999 -9999 -9999
