Scripts_&_data/BRT_projection_files/BRT_CCV/B_soroeensis_2_projection.asc
NCOLS 79 
NROWS 71 
XLLCORNER -10.5 
YLLCORNER 36 
CELLSIZE 0.5 
NODATA_value -9999 
[rows 42 to 62 of 71, columns 0 to 48 of 79]
-9999 -9999 -9999 -9999 -9999 -9999 -9999 -9999 -9999 -9999 0.279803996205957 -9999 -9999 0.330764588216562 -9999 -9999 -9999 -9999 -9999 -9999 -9999 -9999 -9999 -9999 0.159750778208589 0.151578964917629 0.143569167884576 0.159191586862334 0.30519114281763 0.264217993268328 0.354009373064229 0.395085380856789 0.56260049940518 0.521657942499283 0.480854205433403 0.456166790330048 0.273320543627989 0.374965162311688 0.410780165300352 0.473885079559177 0.354137508781272 0.462427290778184 0.439331895199444 0.481610259172644 0.455537355033072 0.482351652314506 0.767995784584596 0.476150737508081 0.319967532071451
-9999 -9999 -9999 -9999 -9999 -9999 -9999 -9999 -9999 -9999 -9999 -9999 -9999 -9999 -9999 -9999 -9999 -9999 -9999 -9999 -9999 -9999 0.158779240687739 0.164891188213467 0.150339234832324 0.104700650313772 0.103826978189986 0.110816354534765 0.142074798690696 0.299540215740047 0.484418553465166 0.499226100408766 0.596977537009005 0.349325600830381 0.59052762404077 0.263697125139026 0.20613504665479 0.115656200865684 0.234529310356888 0.216290566661948 0.37151891712361 0.244768877466709 0.364152597767405 0.463937803166798 0.41645672152195 0.498749507544434 0.443021225683262 0.363807458033794 0.311396332069179
-9999 -9999 -9999 -9999 -9999 -9999 -9999 -9999 -9999 -9999 -9999 -9999 -9999 -9999 -9999 -9999 -9999 -9999 0.123236934164261 0.154152758949192 0.158475054125803 0.15921799570887 0.115926107488465 0.157524268450379 0.0978770848217972 0.089493164501246 0.0924940212587607 0.109356672786057 0.151102398661657 0.146673724690673 0.181793275405723 0.333411891244435 0.208181045967375 0.2247572490266 0.249337687211943 0.265565516974274 0.241886747929253 0.151034163185048 0.253491689839759 0.365371025323353 0.318743642658933 0.390924629773996 0.422230984393686 0.443929477305583 0.393913255646758 0.423459095520495 0.388252309841574 0.68812510641294 0.514150653658346
-9999 -9999 -9999 -9999 -9999 -9999 -9999 -9999 -9999 -9999 -9999 -9999 -9999 -9999 0.132361257270565 -9999 -9999 -9999 0.137242077699277 0.190005553746173 0.185530308989489 0.18631532951344 0.1513516726803 0.107592812493311 0.0976472978883483 0.101416065726451 0.127607035750198 0.0936399139189045 0.109290173673766 0.139659350953455 0.151193902758422 0.258099304867167 0.270057328803638 0.295371092019231 0.245642772546756 0.330623215599904 0.19760464466528 0.212057840386639 0.410533376924278 0.332285517384264 0.42142174631132 0.393457195996223 0.427801367783306 0.421700327168457 0.428630500731665 0.295083504629239 0.383577664706168 0.508570412783984 0.646542974146759
-9999 -9999 -9999 -9999 -9999 -9999 -9999 -9999 -9999 -9999 -9999 -9999 0.13003402261299 0.149855378566751 0.106468893773649 0.0984620622930861 0.0902372937254142 0.0930076981484394 0.0946340826175286 0.106014140388341 0.149229680883368 0.0988285058986163 0.143001141092268 0.144802658322487 0.0927492750182461 0.0886504182113498 0.0901260905775722 0.0853734088293078 0.0938998867058467 0.111683973281984 0.208175947621527 0.27765619230434 0.38291640548833 0.367218761016535 0.258953543957061 0.219742593379387 0.275910637834467 0.583512383724529 0.533958778527053 0.401294053288477 0.398064123916192 0.373077168258164 0.320984735260464 0.351191540988145 0.443817865559269 0.34336592384511 0.284569038908096 0.269136175517626 0.2306549951278
-9999 -9999 -9999 -9999 -9999 -9999 -9999 -9999 -9999 -9999 -9999 -9999 -9999 -9999 0.134150697299066 0.0824853864838619 0.0768844487489101 0.0784858874152303 0.0842225889438918 0.0757935302896155 0.0816683253312433 0.136438691758551 0.0867547105793297 0.0854109144396497 0.144967280722196 0.131154738594592 0.0845076571148548 0.0846419829002589 0.111951682219988 0.17291196446309 0.286093384406181 0.280066093134056 0.244985567895666 0.423783788781171 0.487906740382769 0.44034931463455 0.508260811830347 0.470563818327463 0.535766180588657 0.40224565539992 0.328717254363873 0.466814033528158 0.473992797584223 0.673900297980576 0.713506503536774 0.7641153421544 0.821726684529563 0.819160921694146 0.810508497229348
-9999 -9999 -9999 -9999 -9999 -9999 -9999 -9999 -9999 -9999 -9999 -9999 -9999 -9999 -9999 -9999 -9999 0.0849408251697965 0.0845619059280744 0.0831247565586203 0.0800438792966923 0.113399763592516 0.0865507825872672 0.0844986794208222 0.097012832889233 0.133499211461422 0.0843970287000492 0.180412308777908 0.263085980399772 0.420994619452728 0.239399093726654 0.136970974920771 0.402858939072867 0.519562178305947 0.563032367652693 0.587254707334968 0.645032512126447 0.442840467379414 0.53354478591698 0.480751311040973 0.716267953453263 0.789022412390628 0.753521780823493 0.861553134741568 0.849014425231504 0.845974691230016 0.79591663555313 0.801016807028309 0.820733132823332
-9999 -9999 -9999 -9999 -9999 -9999 -9999 -9999 -9999 -9999 -9999 -9999 -9999 -9999 -9999 -9999 -9999 0.0866477110976795 0.079241620808318 0.0760163802751725 0.0767899027865534 0.0805114931800049 0.0791847984773116 0.0824156812669754 0.084131881022083 0.0826168047192073 0.138405592243463 0.155222128283907 0.187573030567565 0.383755291951167 0.177785328793653 0.173767387633897 0.615671030128659 0.744872822259457 0.528984928802422 0.672722924408919 0.792556428178861 0.85060691957272 0.836713537067396 0.784887120098715 0.832098738265167 0.411509108981035 0.506583883293259 0.800935406322797 0.699209795698699 0.581209111884876 0.807519179974623 0.822016455303552 0.822310229600237
-9999 -9999 -9999 -9999 -9999 -9999 -9999 -9999 -9999 -9999 -9999 -9999 -9999 -9999 -9999 -9999 -9999 -9999 -9999 0.0792914883686681 0.0821986330089611 0.0778193774447098 0.0821490392567281 0.154581781287929 0.260699014274527 0.240025599075543 0.232385455202478 0.221490347177643 0.24246439722262 0.249666006230588 0.230227300695991 0.208348218343095 0.598034333795225 0.685976527447684 0.796299921017903 0.789919821268126 0.653336368873849 0.885761195593717 0.864272974061066 0.884659795929787 0.728862947338407 0.710221567473144 0.672606326428239 0.821727968235346 0.753900335993125 0.825608337372961 0.576076475910716 0.50912374526582 0.829720032473619
-9999 -9999 -9999 -9999 -9999 -9999 -9999 -9999 -9999 -9999 -9999 -9999 -9999 -9999 -9999 -9999 -9999 -9999 -9999 0.0855609238262376 0.080190763482879 0.0905112038962747 0.143525630337191 0.175383398731115 0.473533556052335 0.273262299293568 0.493135379183994 0.23340103468455 0.274966376162122 0.220760357932605 0.173156663597895 0.144297691725071 0.436900064180225 0.692450192836545 0.872499189210307 0.865048162439811 0.849900244794499 0.513875235212413 0.221365518319453 0.210380862579714 0.520835562080345 0.567740413623419 0.722307990219011 0.55179850424273 0.327273357841376 0.104273041457959 0.095392277036887 -9999 0.0924646870398898
-9999 -9999 -9999 -9999 -9999 -9999 -9999 -9999 -9999 -9999 -9999 -9999 -9999 -9999 -9999 -9999 -9999 -9999 -9999 0.14413611106597 0.0978765428498401 0.135109653701963 0.138930266153414 0.159525286114209 0.235667794356558 0.654124654693431 0.547321033957199 0.350659167902509 0.479362792543083 0.507660162121707 0.176970177614231 0.188409261688326 0.446866992050344 0.825289181751957 0.871106264130811 0.826230826316483 0.132149380923382 0.0892723280654668 0.0909780787634785 0.0915033622692887 0.0866677784540365 0.0907979876001327 0.0965092994557581 0.0903529970687243 0.0925566689737301 -9999 -9999 -9999 0.120761050166262
-9999 -9999 -9999 -9999 -9999 -9999 -9999 -9999 -9999 -9999 -9999 -9999 -9999 -9999 -9999 -9999 -9999 -9999 -9999 0.112827755007979 0.127989104262018 0.133332121306565 0.132148723446703 0.15728326510757 0.137596067713365 0.399964700855865 0.564858271080029 0.549062599027955 0.584189417184744 0.521728013468513 0.165426672915686 0.496210053839206 0.843640919402199 0.875792393683536 0.859928436640573 0.62301639234663 0.0837820589018325 0.100159284595718 0.113635679822627 0.607360208320217 0.181835957019989 0.088035183543127 0.0887306524112665 0.0836315219529239 0.0731992792927569 0.0667804628102072 -9999 -9999 -9999
-9999 -9999 -9999 -9999 -9999 -9999 -9999 -9999 -9999 -9999 -9999 -9999 -9999 -9999 -9999 -9999 -9999 -9999 0.190276206786671 0.141819666003887 0.116808312344892 0.16295968461816 0.0836396596406866 0.092125227445884 0.128510983737594 0.128360380877628 0.254392432751113 0.58234956756377 0.603789154932518 0.212830469589334 0.13255066263914 0.412675980767591 0.532291360853324 0.706379070652316 0.844237635541157 0.691096736841484 0.358905210488999 0.211802189940729 -9999 -9999 0.258375552066338 0.403629027937817 0.282089381122353 0.262042925356799 0.107407428810595 0.0931160594314993 -9999 -9999 -9999
-9999 -9999 -9999 -9999 -9999 -9999 -9999 -9999 -9999 -9999 -9999 -9999 -9999 -9999 -9999 -9999 -9999 -9999 0.209808149559852 0.140122957319292 0.0960715076914313 0.0783592577837621 0.079737634413115 0.0804606788190675 0.092652839307523 0.103601184567663 0.202047452179452 0.221635951504981 0.177153084322097 0.154566071242025 0.107242189431044 0.163200949972124 0.188486659656995 0.205992056758934 0.223822716603101 0.252522185899312 -9999 -9999 -9999 -9999 -9999 -9999 0.167350224251751 0.151980157399752 0.309809257003943 0.312495934217827 0.0906988564163659 -9999 -9999
-9999 -9999 -9999 0.139605254634618 0.173914025303701 0.164043219369939 0.243758451467083 0.537094005793009 0.498563143740509 0.405335364267813 0.425005755771314 0.578947033026267 0.213529787733454 0.212237433602372 0.16189911150073 0.175032356456542 0.131907344691381 0.145994591271048 0.101129240570404 0.156477154076062 0.161490082721777 0.141551985161832 0.0937081714820932 0.140417455795898 0.0966167712288273 0.144240294422504 0.142947216112353 0.132667645486059 -9999 -9999 -9999 -9999 0.162096374023323 0.187974871686648 -9999 -9999 -9999 -9999 -9999 -9999 -9999 -9999 0.147520292307005 0.136053622213905 0.091783497747407 0.132303180753547 0.17355457478064 0.0831411333820894 0.0830473458417503
-9999 -9999 -9999 0.143260663713557 0.126810028460667 0.110229087162262 0.333345146352459 0.642652840082702 0.630490674117198 0.519617482203545 0.391016387584132 0.277137036300415 0.1981109163651 0.229230215691701 0.126184111993354 0.152381098078956 0.271078316463154 0.0799009720910457 0.140232598683576 0.548404177205621 0.755938648473489 0.832257164741099 0.697263263662151 0.591546562626335 0.391899265745608 0.255935145181194 0.151243662380197 -9999 -9999 -9999 -9999 -9999 -9999 -9999 -9999 -9999 -9999 -9999 -9999 -9999 -9999 -9999 -9999 0.0956105716683278 0.137952426157931 0.106816168682212 0.136484405694082 0.420011517577642 0.0946786968025336
-9999 -9999 -9999 -9999 0.141449851477967 0.141672705694957 0.564009132195646 0.487369111669668 0.438096965254593 0.0602465656747518 0.0512220206636635 0.0504613604397541 0.0478660316578217 0.0702386721105899 0.307314024761852 0.330548087640121 0.0848276588298497 0.0567989530344447 0.0408091340609751 0.0495687145963275 0.0907721343652151 0.0960913388471942 0.189803159123928 0.554290937293743 0.359900404342836 0.567145336281365 0.111366207876195 0.0705696304843294 -9999 -9999 -9999 -9999 -9999 -9999 -9999 -9999 -9999 -9999 -9999 -9999 -9999 -9999 -9999 -9999 0.135438250300417 0.103751242327612 0.154796708710405 0.512000006590617 0.277274815286904
-9999 -9999 -9999 0.123714271871908 0.135069961084373 0.395784287830708 0.0948767783169625 0.113292384513831 0.0861041303360524 0.0523003828169548 0.0506587228123698 0.0517466427725569 0.04942596704718 0.0524780552579759 0.0811443580662758 0.112351208519255 0.0883267455104846 0.0575882371707587 0.0574307080817592 0.060151224752276 0.0528216950889926 0.0560562091768595 0.0610786107085138 0.0597310422677054 0.0494348437006589 0.131808911727331 0.113163740027852 -9999 -9999 -9999 -9999 -9999 -9999 -9999 -9999 -9999 -9999 -9999 -9999 -9999 -9999 -9999 -9999 -9999 -9999 -9999 0.155378331427264 0.150425126090881 0.188423123809382
-9999 -9999 -9999 -9999 0.115150516246044 0.131187842585864 0.0871241746820547 0.0830139765052889 0.068867709023041 0.0517471046616508 0.0486350965990478 0.0527646904237608 0.055001945644184 0.0881487387515195 0.183435295275535 0.0567044953046554 0.0737946097679811 0.0746522717818551 0.0574481966687057 0.0547899396816379 0.0592803735385887 0.0563247445357834 0.062259398857603 0.0657611486189964 0.0768590093688902 -9999 -9999 -9999 -9999 -9999 -9999 -9999 -9999 -9999 -9999 -9999 -9999 -9999 -9999 -9999 -9999 -9999 -9999 -9999 -9999 -9999 -9999 -9999 0.143252730876885
-9999 -9999 -9999 -9999 0.146341755634694 0.135309584675062 0.116270750074025 0.0658135993784652 0.0836545046976489 0.0576221387282901 0.0572466958153308 0.0664427253006057 0.115780142235811 0.0905356080460197 0.0593700385097394 0.0579071757363866 0.123695948881049 0.131102856214911 0.0955395356001414 0.114588485846957 0.0666391539626956 0.0692680145209758 0.0722463485487285 -9999 -9999 -9999 -9999 -9999 -9999 -9999 -9999 -9999 -9999 -9999 -9999 -9999 -9999 0.093796344204974 0.123927345249058 0.149613040106462 -9999 -9999 -9999 -9999 -9999 -9999 -9999 -9999 -9999
-9999 -9999 -9999 0.10534664763786 0.139374739751626 0.172561182136747 0.125249684925143 0.127346461719617 0.145715564419857 0.145554031657045 0.152365288336456 0.115629799389995 0.0553626402397097 0.0650070073325925 0.0632621379340661 0.0512425846877916 0.0800802014764913 0.231669877351559 0.122363693277309 0.162329400939333 0.0792949874307505 0.0680496191699877 -9999 -9999 -9999 -9999 -9999 -9999 -9999 -9999 -9999 -9999 -9999 -9999 -9999 -9999 -9999 -9999 0.119515266754834 0.143801650830357 -9999 -9999 -9999 -9999 -9999 -9999 -9999 -9999 -9999
