Scripts_&_data/BRT_projection_files/BRT_CCV/B_sporadicus_1_projection.asc
NCOLS 79 
NROWS 71 
XLLCORNER -10.5 
YLLCORNER 36 
CELLSIZE 0.5 
NODATA_value -9999 
[rows 42 to 62 of 71, columns 0 to 47 of 79]
-9999 -9999 -9999 -9999 -9999 -9999 -9999 -9999 -9999 -9999 0.0117814360637594 -9999 -9999 0.0117836838360129 -9999 -9999 -9999 -9999 -9999 -9999 -9999 -9999 -9999 -9999 0.0117743284492647 0.0117743284492647 0.0117743284492647 0.0117743284492647 0.0117743284492647 0.0117743284492647 0.0117743284492647 0.0117814360637594 0.011765859628371 0.0117743284492647 0.0117743284492647 0.0117743284492647 0.0117743284492647 0.0117743284492647 0.0117743284492647 0.0117743284492647 0.0117743284492647 0.0117743284492647 0.0117743284492647 0.0117743284492647 0.0117743284492647 0.0117743284492647 0.0117743284492647 0.0117743284492647
-9999 -9999 -9999 -9999 -9999 -9999 -9999 -9999 -9999 -9999 -9999 -9999 -9999 -9999 -9999 -9999 -9999 -9999 -9999 -9999 -9999 -9999 0.011777300454733 0.0117743284492647 0.0117743284492647 0.0117743284492647 0.0117743284492647 0.0117743284492647 0.0117743284492647 0.0117743284492647 0.0117743284492647 0.0117814360637594 0.0117814360637594 0.0117743284492647 0.0117743284492647 0.0117743284492647 0.0117743284492647 0.0117773337797844 0.0117743284492647 0.0117743284492647 0.0117743284492647 0.0117743284492647 0.0117743284492647 0.0117743284492647 0.0117743284492647 0.0117743284492647 0.0117743284492647 0.0117752267255956
-9999 -9999 -9999 -9999 -9999 -9999 -9999 -9999 -9999 -9999 -9999 -9999 -9999 -9999 -9999 -9999 -9999 -9999 0.0117743284492647 0.0117743284492647 0.0117743284492647 0.0117743284492647 0.0117743284492647 0.0117743284492647 0.0117743284492647 0.0117743284492647 0.0117743284492647 0.0117743284492647 0.0117743284492647 0.0117743284492647 0.0117743284492647 0.0117743284492647 0.0117743284492647 0.0117743284492647 0.0117743284492647 0.0117743284492647 0.0136760197277285 0.0117743284492647 0.0117743284492647 0.0117743284492647 0.0117743284492647 0.0117743284492647 0.0117743284492647 0.0117743284492647 0.0117743284492647 0.0117743284492647 0.0117743284492647 0.0117814360637594
-9999 -9999 -9999 -9999 -9999 -9999 -9999 -9999 -9999 -9999 -9999 -9999 -9999 -9999 0.0117743284492647 -9999 -9999 -9999 0.011777300454733 0.0117814360637594 0.0117743284492647 0.0117743284492647 0.0117743284492647 0.0117743284492647 0.0117743284492647 0.0147445731402463 0.0117743284492647 0.0117743284492647 0.0117743284492647 0.0117743284492647 0.0117743284492647 0.0117743284492647 0.0117743284492647 0.0117743284492647 0.0117743284492647 0.011777300454733 0.0117743284492647 0.0117956773870167 0.0117743284492647 0.0152243644717982 0.0117814360637594 0.0117743284492647 0.0117743284492647 0.0117743284492647 0.0117743284492647 0.0117743284492647 0.0117743284492647 0.011777300454733
-9999 -9999 -9999 -9999 -9999 -9999 -9999 -9999 -9999 -9999 -9999 -9999 0.0117743284492647 0.0117814360637594 0.0117743284492647 0.0117743284492647 0.0117743284492647 0.0117743284492647 0.0117814360637594 0.0117814360637594 0.0117743284492647 0.0117743284492647 0.0117743284492647 0.0117743284492647 0.0117743284492647 0.0117743284492647 0.0117743284492647 0.0117743284492647 0.0117743284492647 0.0117743284492647 0.0117743284492647 0.0117743284492647 0.0117743284492647 0.0117814360637594 0.0117768848782243 0.0121826848249686 0.0117743284492647 0.0117599840420012 0.0117743284492647 0.0117743284492647 0.0117743284492647 0.0117743284492647 0.0117743284492647 0.0117743284492647 0.0117743284492647 0.0117743284492647 0.011777300454733 0.0117814360637594
-9999 -9999 -9999 -9999 -9999 -9999 -9999 -9999 -9999 -9999 -9999 -9999 -9999 -9999 0.0117814360637594 0.0117743284492647 0.0117743284492647 0.0117743284492647 0.0117743284492647 0.0117743284492647 0.0117743284492647 0.0117743284492647 0.0117743284492647 0.0117743284492647 0.0117743284492647 0.0117743284492647 0.0117743284492647 0.0117743284492647 0.0117743284492647 0.0117743284492647 0.0117743284492647 0.0117743284492647 0.0117743284492647 0.0117814360637594 0.0117673009729594 0.0117814360637594 0.0117768848782243 0.0117768848782243 0.0117743284492647 0.0117743284492647 0.0117768848782243 0.0117768848782243 0.0117768848782243 0.0117768848782243 0.0117768848782243 0.0117737486337094 0.0277124979282757 0.0216994405551314
-9999 -9999 -9999 -9999 -9999 -9999 -9999 -9999 -9999 -9999 -9999 -9999 -9999 -9999 -9999 -9999 -9999 0.0117743284492647 0.0117743284492647 0.0117743284492647 0.0117743284492647 0.0117743284492647 0.0117743284492647 0.0117743284492647 0.0117743284492647 0.0117743284492647 0.0117743284492647 0.0117743284492647 0.0117814360637594 0.0117814360637594 0.0117743284492647 0.0117743284492647 0.0117814360637594 0.011769855699 0.0117768848782243 0.0117768848782243 0.0117768848782243 0.0117768848782243 0.0117737486337094 0.0117501094567591 0.0255819417300304 0.0335995153422813 0.0358187594805088 0.0374903409329818 0.0388541617721764 0.0341925578420558 0.0294892318648461 0.036026858791364
-9999 -9999 -9999 -9999 -9999 -9999 -9999 -9999 -9999 -9999 -9999 -9999 -9999 -9999 -9999 -9999 -9999 0.0117743284492647 0.0117743284492647 0.0117743284492647 0.0117743284492647 0.0117743284492647 0.0117743284492647 0.0117743284492647 0.0117743284492647 0.0117743284492647 0.0117743284492647 0.0117743284492647 0.0117743284492647 0.0117814360637594 0.0117743284492647 0.0117814360637594 0.0117737486337094 0.0117513032290052 0.0117801085861396 0.0117768848782243 0.0254298018541327 0.0345140440964225 0.0297889631359198 0.0310043659726236 0.0315904529161072 0.0424412118448614 0.0427819749309348 0.0450458184199949 0.0422028950556167 0.0420457212835035 0.0342193958978453 0.0356881513877066
-9999 -9999 -9999 -9999 -9999 -9999 -9999 -9999 -9999 -9999 -9999 -9999 -9999 -9999 -9999 -9999 -9999 -9999 -9999 0.0117743284492647 0.0117743284492647 0.0117743284492647 0.0117743284492647 0.0117743284492647 0.0117814360637594 0.0117743284492647 0.0117743284492647 0.0117743284492647 0.0117743284492647 0.0117743284492647 0.0117743284492647 0.0117768848782243 0.011782378049302 0.0117768848782243 0.0117737486337094 0.0341886561384635 0.0355184919073357 0.0338324360185057 0.0315022775510906 0.037177949629127 0.0292086411254288 0.0293555954797769 0.0331484240936391 0.0321115116976152 0.0304536729946328 0.0377259258929574 0.0117737486337094 0.0118460647206509
-9999 -9999 -9999 -9999 -9999 -9999 -9999 -9999 -9999 -9999 -9999 -9999 -9999 -9999 -9999 -9999 -9999 -9999 -9999 0.0117743284492647 0.0117743284492647 0.0117743284492647 0.0117814360637594 0.0117814360637594 0.01178138468835 0.0117900062892783 0.0117814360637594 0.0117743284492647 0.0117743284492647 0.0117743284492647 0.0117743284492647 0.0117814360637594 0.0117768848782243 0.0117911775622998 0.0356219741293345 0.0400923511168817 0.0387131117991351 0.0117814360637594 0.0144861476941887 0.0146910999637844 0.0117768848782243 0.0117768848782243 0.0117768848782243 0.0117814360637594 0.0117768848782243 0.0153537691623082 0.0196147242198098 -9999
-9999 -9999 -9999 -9999 -9999 -9999 -9999 -9999 -9999 -9999 -9999 -9999 -9999 -9999 -9999 -9999 -9999 -9999 -9999 0.0117743284492647 0.0117743284492647 0.0117743284492647 0.0117743284492647 0.011777300454733 0.0117542121799304 0.0117367509490408 0.0117768848782243 0.0117743284492647 0.0117743284492647 0.0117743284492647 0.011777300454733 0.0117768848782243 0.0117124804778298 0.0328679319464608 0.045208372182449 0.0324925936765704 0.0117743284492647 0.0155538485387191 0.0200708088130453 0.0200708088130453 0.0168516315831174 0.0206550714796741 0.0168465046087619 0.0168400807420345 0.0168405748937034 -9999 -9999 -9999
-9999 -9999 -9999 -9999 -9999 -9999 -9999 -9999 -9999 -9999 -9999 -9999 -9999 -9999 -9999 -9999 -9999 -9999 -9999 0.0147102650451245 0.0117743284492647 0.0117743284492647 0.0117743284492647 0.0117743284492647 0.011777300454733 0.0117768848782243 0.0117768848782243 0.011777300454733 0.0117814360637594 0.0117699491282918 0.0117814360637594 0.011755620531392 0.0151783468725031 0.0343802747476879 0.0367386825385458 0.0117743284492647 0.0117885975204739 0.0117743284492647 0.0155393534939452 0.0117814360637594 0.0117814360637594 0.0117814360637594 0.0155323680009275 0.0201136964093002 0.0205078580788516 0.016689059344316 -9999 -9999
-9999 -9999 -9999 -9999 -9999 -9999 -9999 -9999 -9999 -9999 -9999 -9999 -9999 -9999 -9999 -9999 -9999 -9999 0.0193151887917616 0.0117814360637594 0.0117885975204739 0.0117743284492647 0.0117743284492647 0.0117743284492647 0.0117743284492647 0.011777300454733 0.0117814360637594 0.0117768848782243 0.0114940532914854 0.011769855699 0.0117743284492647 0.0117743284492647 0.0117743284492647 0.011740869332896 0.0290995445729351 0.0117820891138652 0.0117743284492647 0.0117720050370863 -9999 -9999 0.0155723153309856 0.0117756302478964 0.0117768848782243 0.0117814360637594 0.0117885975204739 0.0155323680009275 -9999 -9999
-9999 -9999 -9999 -9999 -9999 -9999 -9999 -9999 -9999 -9999 -9999 -9999 -9999 -9999 -9999 -9999 -9999 -9999 0.011786782581363 0.0117814360637594 0.0117743284492647 0.0117743284492647 0.0117743284492647 0.0117743284492647 0.0117743284492647 0.0117814360637594 0.0117768848782243 0.0117768848782243 0.0117768848782243 0.0117743284492647 0.0117743284492647 0.0117743284492647 0.0117743284492647 0.0117516495380368 0.0118025637492612 0.0136794977095619 -9999 -9999 -9999 -9999 -9999 -9999 0.0117814360637594 0.0117814360637594 0.0117743284492647 0.0117743284492647 0.0117885975204739 -9999
-9999 -9999 -9999 0.0146953810872828 0.0117562969545603 0.0117587633654655 0.0118484403429528 0.0157606187190374 0.0126560194669306 0.0118132349631548 0.0154461448559689 0.0145417033564462 0.0117613700443272 0.0117646150683405 0.0117890872640801 0.0117376990213787 0.0117368349479118 0.0135326537320184 0.0117737486337094 0.0117768848782243 0.0117768848782243 0.0117814360637594 0.0117743284492647 0.0117743284492647 0.0117743284492647 0.0117814360637594 0.0117743284492647 0.0117743284492647 -9999 -9999 -9999 -9999 0.0147341678992754 0.0117927473950732 -9999 -9999 -9999 -9999 -9999 -9999 -9999 -9999 0.0117743284492647 0.0117743284492647 0.0117743284492647 0.0117743284492647 0.011777300454733 0.0117885975204739
-9999 -9999 -9999 0.0117511622806369 0.0117855159380395 0.0117743284492647 0.0118244086398131 0.0120645871254798 0.0118687566862477 0.0117672992700404 0.0117743284492647 0.011777300454733 0.0117743284492647 0.0117743284492647 0.0117743284492647 0.0117743284492647 0.0117814360637594 0.0117814360637594 0.011769855699 0.0117479561543077 0.0152262338892177 0.0328771121440448 0.0118156645204835 0.011765859628371 0.0117811456263753 0.0117927473950732 0.0117743284492647 -9999 -9999 -9999 -9999 -9999 -9999 -9999 -9999 -9999 -9999 -9999 -9999 -9999 -9999 -9999 -9999 0.0117743284492647 0.0117743284492647 0.0117743284492647 0.0117743284492647 0.0117743284492647
-9999 -9999 -9999 -9999 0.0117653706713719 0.0117828930302585 0.011063899878237 0.0117700798883002 0.0117485138988681 0.0117563027141135 0.0117897580686349 0.0117601082608135 0.0117897580686349 0.0117773337797844 0.0117602870920619 0.0117813622010695 0.0117743284492647 0.0118625437364185 0.0117720474607192 0.0117709534486197 0.0117743284492647 0.0117743284492647 0.0117709534486197 0.0136876615290849 0.0117921984516429 0.0118143761772811 0.0117780670486787 0.0117773337797844 -9999 -9999 -9999 -9999 -9999 -9999 -9999 -9999 -9999 -9999 -9999 -9999 -9999 -9999 -9999 -9999 0.0117743284492647 0.0117814360637594 0.0117814360637594 0.0117814360637594
-9999 -9999 -9999 0.0146739640480543 0.0134034296315282 0.0147229480108118 0.0117743284492647 0.0117672992700404 0.0119056067062729 0.0111057803935014 0.0111057803935014 0.0111057803935014 0.0120324900707316 0.0117524583951292 0.0117773337797844 0.0117602870920619 0.0117752267255956 0.0117966889745142 0.0111057803935014 0.0111057803935014 0.0111057803935014 0.0111057803935014 0.0111110576014813 0.0117788647947588 0.0117743284492647 0.0147546020134798 0.0147130766846571 -9999 -9999 -9999 -9999 -9999 -9999 -9999 -9999 -9999 -9999 -9999 -9999 -9999 -9999 -9999 -9999 -9999 -9999 -9999 0.0117814360637594 0.0117768848782243
-9999 -9999 -9999 -9999 0.0117637002360835 0.0147240996572033 0.0117808667205134 0.0117602870920619 0.0117773337797844 0.0111057803935014 0.0111057803935014 0.0111057803935014 0.0117922114331738 0.0117743284492647 0.0117560915161698 0.0117897580686349 0.012069494045349 0.011158063992619 0.0111057803935014 0.0111057803935014 0.011112477166425 0.0111057803935014 0.0120185873080365 0.0117720732793473 0.0117743284492647 -9999 -9999 -9999 -9999 -9999 -9999 -9999 -9999 -9999 -9999 -9999 -9999 -9999 -9999 -9999 -9999 -9999 -9999 -9999 -9999 -9999 -9999 -9999
-9999 -9999 -9999 -9999 0.0184029322879918 0.0147245808772357 0.0118205146597749 0.0119362206632212 0.0117743284492647 0.0117752267255956 0.0117788647947588 0.0119686061425672 0.0117743284492647 0.0117666091790189 0.0120324900707316 0.0117601082608135 0.0122797755895643 0.0117739130818817 0.0120185873080365 0.0121079898566679 0.0122927207199861 0.0118199265921055 0.0117748603602882 -9999 -9999 -9999 -9999 -9999 -9999 -9999 -9999 -9999 -9999 -9999 -9999 -9999 -9999 0.0117743284492647 0.0117743284492647 0.0117743284492647 -9999 -9999 -9999 -9999 -9999 -9999 -9999 -9999
-9999 -9999 -9999 0.0148002921775457 0.0157872943337255 0.0164931531385291 0.0117737069609551 0.0117737069609551 0.0117737069609551 0.0117737069609551 0.0117673679316106 0.0118352676818255 0.0117769506837309 0.0111831198277341 0.0111057803935014 0.0117719078714851 0.0117743284492647 0.0123586540426821 0.0111323497909955 0.0120414423563022 0.0117762674355338 0.0117720474607192 -9999 -9999 -9999 -9999 -9999 -9999 -9999 -9999 -9999 -9999 -9999 -9999 -9999 -9999 -9999 -9999 0.0117743284492647 0.011777300454733 -9999 -9999 -9999 -9999 -9999 -9999 -9999 -9999
