Scripts_&_data/BRT_projection_files/BRT_CCV/B_subterraneus_2_projection.asc
NCOLS 79 
NROWS 71 
XLLCORNER -10.5 
YLLCORNER 36 
CELLSIZE 0.5 
NODATA_value -9999 
[rows 44 to 65 of 71, columns 0 to 47 of 79]
-9999 -9999 -9999 -9999 -9999 -9999 -9999 -9999 -9999 -9999 -9999 -9999 -9999 -9999 -9999 -9999 -9999 -9999 0.065047101939076 0.0813134965378999 0.0918037348189673 0.0796868840183943 0.0904056298404507 0.128087319666989 0.0875536384914461 0.105759879310666 0.0916600326740581 0.090770676517019 0.0909886937745195 0.089343465301599 0.0877160728756592 0.0903036356280736 0.0898178944724632 0.0944851743760201 0.121227906275011 0.118820681387841 0.146174963772618 0.119820980585386 0.10091417952076 0.0994348912676569 0.216303884903574 0.348813194226506 0.471169901284135 0.350243015826494 0.196967401850303 0.303962599459866 0.165973565451376 0.125865103650453
-9999 -9999 -9999 -9999 -9999 -9999 -9999 -9999 -9999 -9999 -9999 -9999 -9999 -9999 0.0882433420247121 -9999 -9999 -9999 0.065464405183419 0.0559849413875605 0.0714393525537537 0.0664107512490009 0.0901396209787541 0.0868900597027706 0.128874137409762 0.118765875091949 0.137948110938198 0.0878044713517719 0.0883906319715402 0.0870590768838081 0.0875582471678107 0.0932152632360929 0.0897060087986023 0.118150691802622 0.0944216316187463 0.105692696170832 0.137233534727366 0.104258075381424 0.176854453221469 0.1299523185111 0.149417406167872 0.265390366327755 0.297024145336129 0.288516445864232 0.351664765008339 0.41375289523553 0.334139844926455 0.301057300636705
-9999 -9999 -9999 -9999 -9999 -9999 -9999 -9999 -9999 -9999 -9999 -9999 0.0751867452565235 0.0486693560870105 0.056268666256166 0.0645331335296064 0.0674955356621162 0.0947618202978984 0.0516418018132889 0.0550340736068669 0.0580794648918956 0.0841526756254431 0.0828727999950953 0.0870830379316256 0.088123778956679 0.0907344755281776 0.0945584257364749 0.0922303618163707 0.0921763810584966 0.0876703066109609 0.0937829295382126 0.0907808510070846 0.0898311424546567 0.094452383842864 0.0997397728600542 0.0997705525620049 0.1171215958264 0.149089438702371 0.268209264266365 0.19887826379717 0.365545402300021 0.267321332787673 0.307037759288336 0.26281859522636 0.455409347195095 0.183818904738285 0.247871947774561 0.163055875415745
-9999 -9999 -9999 -9999 -9999 -9999 -9999 -9999 -9999 -9999 -9999 -9999 -9999 -9999 0.078877377264985 0.0695696836889027 0.0558988825639765 0.0584982829076078 0.0661078975501894 0.0575905104097055 0.0699829320304212 0.0960936709531153 0.0850927457376822 0.088843306601647 0.0950675581581623 0.0851082394635936 0.0905678372110714 0.088320024886774 0.0887083423003681 0.0917132541086463 0.0902051924942441 0.0912561720796717 0.0903818304693608 0.0812483944316424 0.11816677446039 0.106933791976257 0.13990176099665 0.11066570877703 0.110530241529332 0.113461176721936 0.0993848777368136 0.0830112866830555 0.119174585061629 0.152369132279443 0.141873646034691 0.172290750181723 0.150980318566933 0.227684013818317
-9999 -9999 -9999 -9999 -9999 -9999 -9999 -9999 -9999 -9999 -9999 -9999 -9999 -9999 -9999 -9999 -9999 0.0802241670208781 0.0718034965038178 0.0862475362056917 0.0963715538735022 0.0919115505604415 0.111991524953401 0.0906599324346645 0.0901617967122118 0.083173532155557 0.0833085038569722 0.0859117778855532 0.102704467668539 0.0923864792215764 0.0870257194059386 0.0927550298776057 0.074953704461499 0.0785629022898925 0.115757030550013 0.10300965037212 0.174392746584287 0.0990852400834425 0.155440830581602 0.0638419740867169 0.257087718370801 0.0670253952579136 0.0921320656869046 0.114567197869085 0.0840952819641221 0.0869859730546405 0.0696662908204346 0.0770772080758695
-9999 -9999 -9999 -9999 -9999 -9999 -9999 -9999 -9999 -9999 -9999 -9999 -9999 -9999 -9999 -9999 -9999 0.0902186473946193 0.0693755453299396 0.0658827236473351 0.0718676773646594 0.086808896721992 0.0923600369533443 0.0717399194070973 0.0841685837860957 0.070309926866475 0.0804691297990347 0.0859390372211942 0.0829764501791797 0.0939791223863468 0.0839691314175458 0.0804485557819815 0.0778685716265389 0.129867180064681 0.0921629813592639 0.09777092643639 0.114813181652005 0.123928032995298 0.0713805690918449 0.0677785863310648 0.0742068444899838 0.149097156367754 0.190479665282071 0.206065906474622 0.235164421509988 0.16872062252158 0.0951394177512349 0.110215535778446
-9999 -9999 -9999 -9999 -9999 -9999 -9999 -9999 -9999 -9999 -9999 -9999 -9999 -9999 -9999 -9999 -9999 -9999 -9999 0.081469081747502 0.0866041440000632 0.0841059340550497 0.06983497253854 0.0853756972317742 0.0756238900091771 0.0598307099358906 0.069526012454073 0.0832138900427488 0.0745443229890751 0.0840604026064729 0.0914147923127952 0.0743063022738561 0.134079469013083 0.167438121729379 0.130216163023886 0.25087591537881 0.285296502723532 0.113164985541444 0.146752324681612 0.117513267333255 0.110617363382559 0.119276075286176 0.171982080434547 0.641618122532878 0.129614199590755 0.115667065134618 0.112603957981043 0.114720565732645
-9999 -9999 -9999 -9999 -9999 -9999 -9999 -9999 -9999 -9999 -9999 -9999 -9999 -9999 -9999 -9999 -9999 -9999 -9999 0.0932413412893486 0.0874559811522055 0.0908071144923925 0.0824376359416887 0.0766547959359962 0.0839851097944267 0.105102579698296 0.132132057002291 0.100138183033388 0.175648170208904 0.0690936663105502 0.0957422865409172 0.102070214304439 0.0758802844416134 0.159869421587245 0.113364086905646 0.27404400263208 0.271414285632161 0.0814366237672617 0.0957555368229526 0.10847456716707 0.0900727774515705 0.189757246239415 0.143659685731851 0.268843839774099 0.12059723089273 0.119451906805383 0.132782139020418 -9999
-9999 -9999 -9999 -9999 -9999 -9999 -9999 -9999 -9999 -9999 -9999 -9999 -9999 -9999 -9999 -9999 -9999 -9999 -9999 0.0959719865778282 0.0931752138834766 0.0932731205819183 0.0890722123187677 0.091355440553192 0.0801411050328524 0.0888112924144347 0.131134554014569 0.124742494618142 0.0963173500339834 0.100072442618713 0.0903861468044677 0.0728634442686951 0.090909859540973 0.299403890795495 0.35894115882268 0.456497862226178 0.114999284220516 0.0988043975993512 0.130412329439572 0.13937329828844 0.120653161322641 0.144949891482997 0.141007355691604 0.131685660581547 0.165501072630598 -9999 -9999 -9999
-9999 -9999 -9999 -9999 -9999 -9999 -9999 -9999 -9999 -9999 -9999 -9999 -9999 -9999 -9999 -9999 -9999 -9999 -9999 0.177649783124156 0.0839697359731198 0.0914857108868897 0.0879680976301618 0.100080470437186 0.0710877386148341 0.0770722310152977 0.0860798265584235 0.309205446160321 0.132509740591299 0.113010922546812 0.0811213593987923 0.135442234769639 0.296863265532758 0.337661590640087 0.400298669366102 0.31812428650008 0.134662365672017 0.100519707605298 0.108495264821762 0.100767947212864 0.105595174284865 0.117363526068939 0.158655147272089 0.154115508311819 0.1044348268593 0.103923287698651 -9999 -9999
-9999 -9999 -9999 -9999 -9999 -9999 -9999 -9999 -9999 -9999 -9999 -9999 -9999 -9999 -9999 -9999 -9999 -9999 0.109552901213011 0.112614686000473 0.12388009402796 0.0985742973871934 0.0856856015785999 0.0848769137263058 0.0695249232272021 0.0693028071107802 0.0867022674347092 0.0740444687169591 0.124370617548651 0.0738026746603749 0.0957398514690534 0.0888431461921336 0.0920414222228567 0.280431817335838 0.39699049194855 0.130753851309169 0.0931857713421773 0.112782136470066 -9999 -9999 0.101738541750388 0.151857265071955 0.129971639330085 0.125422484303186 0.0950962307779642 0.128992578889661 -9999 -9999
-9999 -9999 -9999 -9999 -9999 -9999 -9999 -9999 -9999 -9999 -9999 -9999 -9999 -9999 -9999 -9999 -9999 -9999 0.0885234321509889 0.0891914345496343 0.103459928394184 0.072404284583364 0.0851930675957777 0.142161029406873 0.0955450490911461 0.119220998405566 0.0756662424729474 0.0776148673480687 0.091678134811005 0.115200712770276 0.105441208177904 0.104325157278484 0.0868835738703914 0.0956931379340605 0.0879411209371917 0.106878080297888 -9999 -9999 -9999 -9999 -9999 -9999 0.16226415956584 0.107506377298563 0.118147257031624 0.0868412468359783 0.13715667948805 -9999
-9999 -9999 -9999 0.0731806518458818 0.104855191612529 0.0682392137593982 0.0739848987723897 0.0657457035791178 0.152903489911914 0.376899410628522 0.136383383900248 0.293375019598771 0.143371725418681 0.0981346648856558 0.145681403509505 0.106600843910261 0.0678975631246241 0.0883583029520563 0.0663115588617833 0.0725835660833193 0.0794562671167952 0.106953336775581 0.0918995909741371 0.0935694636339273 0.0937833971270425 0.0894508364979023 0.0896745463071453 0.110018609877508 -9999 -9999 -9999 -9999 0.130188995332527 0.11551874241692 -9999 -9999 -9999 -9999 -9999 -9999 -9999 -9999 0.0898879406253285 0.0903801916935482 0.0939801624875717 0.0978555781366684 0.0840814327813179 0.0951435206851185
-9999 -9999 -9999 0.0675073018065054 0.0667784576342749 0.0961714477885187 0.0909328161025029 0.101201166930352 0.31403764735927 0.0873714467319794 0.0822670142681984 0.0871644821095498 0.08018125951257 0.077514264359212 0.0826366087817207 0.0828901770334049 0.0818204973086075 0.0821551041860204 0.0687460234336586 0.0993523782443197 0.418382429398434 0.0577392242141616 0.405880455822357 0.0928077179493699 0.221123795925438 0.139984997436291 0.109492009345288 -9999 -9999 -9999 -9999 -9999 -9999 -9999 -9999 -9999 -9999 -9999 -9999 -9999 -9999 -9999 -9999 0.100758196725853 0.0956794824305431 0.0947803269394734 0.0911510152999393 0.281549191162699
-9999 -9999 -9999 -9999 0.0675710063040042 0.0995913075899752 0.0842957391448474 0.115506440281978 0.0854702589990621 0.0728369397492936 0.06139955346767 0.0870389534680335 0.0763185299445876 0.0753331656488525 0.245622490057579 0.25704929486422 0.0757394120205852 0.0681726883702383 0.0772349320471779 0.0777871399534318 0.0824217642819348 0.0809409189297124 0.0724606852315131 0.100627482601514 0.264917968875892 0.565523369668865 0.0945464531051424 0.0950487473180234 -9999 -9999 -9999 -9999 -9999 -9999 -9999 -9999 -9999 -9999 -9999 -9999 -9999 -9999 -9999 -9999 0.100569002079107 0.133203011747525 0.104782134383511 0.0968971995821702
-9999 -9999 -9999 0.0742346305868202 0.0689199405028505 0.0785100760615914 0.0816083258593996 0.0839730439522378 0.101033467686652 0.0615391981411078 0.0923463829902267 0.163189080747571 0.0776998846903477 0.0763697916331827 0.0847465950989392 0.0947129682481342 0.073770571040213 0.0806593495045097 0.0968909030600616 0.19226155685644 0.0890360191396694 0.0732193503669038 0.0766924980726357 0.0589240580933208 0.0901611949889433 0.119390998859145 0.211198555343875 -9999 -9999 -9999 -9999 -9999 -9999 -9999 -9999 -9999 -9999 -9999 -9999 -9999 -9999 -9999 -9999 -9999 -9999 -9999 0.180562472003971 0.113764044373273
-9999 -9999 -9999 -9999 0.0823928484948551 0.101374097290818 0.102327336594758 0.0940308905307731 0.0582495738418342 0.0612319770720042 0.0801607596008599 0.0973356072883268 0.0883560754572027 0.0696533377274778 0.0974602016750606 0.0658005264042714 0.0453992450300198 0.0815666460675947 0.0832121222411233 0.0851276167977136 0.0984521415250034 0.0644084466362309 0.0918115926189291 0.0946127322002943 0.223656219195839 -9999 -9999 -9999 -9999 -9999 -9999 -9999 -9999 -9999 -9999 -9999 -9999 -9999 -9999 -9999 -9999 -9999 -9999 -9999 -9999 -9999 -9999 -9999
-9999 -9999 -9999 -9999 0.0855569249830894 0.0903613076940208 0.097053894967564 0.0616149798093403 0.0589706530110198 0.067150260154002 0.0603100416132871 0.0596110366281049 0.0686036714993621 0.187546841380724 0.0754512267601188 0.0905534013242578 0.081694244193393 0.0868442254123855 0.0602343555215033 0.0709427929522257 0.0974939141787073 0.0945332540762969 0.0976087179285876 -9999 -9999 -9999 -9999 -9999 -9999 -9999 -9999 -9999 -9999 -9999 -9999 -9999 -9999 0.0961253846939228 0.0930554529533725 0.0947219966416704 -9999 -9999 -9999 -9999 -9999 -9999 -9999 -9999
-9999 -9999 -9999 0.0912372582738499 0.100192039744049 0.107362628788221 0.0965711501411186 0.0766819753082662 0.110274464784441 0.0739215215567917 0.0657521528760747 0.0787876249249868 0.0706626887459346 0.198615725663108 0.168148517254648 0.0664003807369358 0.0895370078152072 0.128414294959741 0.100103478342395 0.0934304257361974 0.100300764760986 0.0856802725632841 -9999 -9999 -9999 -9999 -9999 -9999 -9999 -9999 -9999 -9999 -9999 -9999 -9999 -9999 -9999 -9999 0.0745215801800999 0.0916577979635728 -9999 -9999 -9999 -9999 -9999 -9999 -9999 -9999
-9999 -9999 -9999 0.21035753090641 0.100355500752485 0.113190568881174 0.0729172357654421 0.0553846744472984 0.0752299259374409 0.0777637959170355 0.0735871170264458 0.0782530131581371 0.0778879991008855 0.100038210546016 0.0935621907689664 0.061153153716861 0.0632446665918369 0.0745283038286151 0.0944176923650848 0.109310918693739 0.208259301083813 -9999 -9999 -9999 -9999 -9999 -9999 -9999 -9999 -9999 -9999 -9999 -9999 -9999 -9999 -9999 -9999 -9999 0.102333607344117 0.111594338589529 -9999 -9999 -9999 -9999 -9999 -9999 -9999 -9999
-9999 -9999 0.0870025024846991 0.0759223830345848 0.0750222526917188 0.055989135287984 0.0557719798646461 0.0658459492811718 0.0625504793750211 0.0564563056798297 0.0565026219450774 0.0760897266885998 0.0923191093033704 0.0676109579864713 0.0831647372602414 0.0726163928005438 0.0743229396424133 0.0869720970240698 0.0871895324950831 0.107115681276695 -9999 -9999 -9999 -9999 -9999 -9999 -9999 -9999 -9999 -9999 -9999 -9999 -9999 -9999 -9999 -9999 -9999 -9999 0.0912466631988477 0.128318519616087 -9999 -9999 -9999 -9999 -9999 -9999 -9999 -9999
-9999 -9999 0.201415981970191 0.0942380513449972 0.0552064683294697 0.0562245240292146 0.0575311046776893 0.058511170741682 0.0658645768566254 0.0569811255475862 0.0566763494656805 0.0673433007735835 0.0559182641782584 0.0570349624162773 0.0674702546816535 0.0568143510973167 0.0729211833737092 0.104343895318868 0.0866043745840976 0.104146407957799 0.17341552927198 -9999 -9999 -9999 -9999 -9999 -9999 -9999 -9999 -9999 -9999 -9999 -9999 -9999 -9999 -9999 -9999 -9999 -9999 -9999 -9999 -9999 -9999 -9999 -9999 -9999 -9999 -9999
