Scripts_&_data/BRT_projection_files/BRT_CCV/B_sylvestris_2_projection.asc
NCOLS 79 
NROWS 71 
XLLCORNER -10.5 
YLLCORNER 36 
CELLSIZE 0.5 
NODATA_value -9999 
[rows 42 to 62 of 71, columns 0 to 48 of 79]
-9999 -9999 -9999 -9999 -9999 -9999 -9999 -9999 -9999 -9999 0.599820841575267 -9999 -9999 0.621208742940991 -9999 -9999 -9999 -9999 -9999 -9999 -9999 -9999 -9999 -9999 0.598047511947187 0.239424232185054 0.403847658455542 0.723671109915573 0.798457234290277 0.747495784151613 0.652964988883145 0.650688303077818 0.55831541357526 0.568968118798344 0.512767626631306 0.624805900434853 0.446568840751554 0.502079682407372 0.553471109231717 0.548474437828253 0.445692252957528 0.610614199132718 0.567982939387213 0.605836742430279 0.582746512262366 0.593561720010517 0.56393020261953 0.269979651307139 0.207178873955357
-9999 -9999 -9999 -9999 -9999 -9999 -9999 -9999 -9999 -9999 -9999 -9999 -9999 -9999 -9999 -9999 -9999 -9999 -9999 -9999 -9999 -9999 0.382463510772814 0.725422767187715 0.618049935561093 0.236774077761071 0.218903663020666 0.27749717126802 0.240695653240125 0.684843388427058 0.581275046617273 0.722362889604558 0.614507152001166 0.774669646505557 0.543401840251512 0.46714632952225 0.379841425011742 0.399092047729374 0.636974429538241 0.577725617929322 0.518163653352456 0.41709787175196 0.50141924415831 0.57814373775574 0.566420778175176 0.576288473489493 0.529660135434752 0.215087110388991 0.326522442523755
-9999 -9999 -9999 -9999 -9999 -9999 -9999 -9999 -9999 -9999 -9999 -9999 -9999 -9999 -9999 -9999 -9999 -9999 0.570331132993895 0.46634805414915 0.537325737489998 0.686426118519481 0.489380897529541 0.595895538380455 0.419861599610928 0.465983381504642 0.330492415245903 0.448265695605203 0.386734697927804 0.166213157144586 0.499122036760488 0.545407303796891 0.532843076309115 0.707373588115029 0.597879837090373 0.669233692912999 0.679494867904492 0.446135233608706 0.60233373778648 0.523872067630111 0.666834867342136 0.653898299408285 0.61788542378482 0.613198454894532 0.472908526217703 0.588939562679889 0.612194267530479 0.595535119843907 0.515341059167312
-9999 -9999 -9999 -9999 -9999 -9999 -9999 -9999 -9999 -9999 -9999 -9999 -9999 -9999 0.390998584105184 -9999 -9999 -9999 0.682188540466126 0.769779333805841 0.754714565195513 0.736225719983191 0.523914347458727 0.145083366653983 0.47247438203119 0.379979374228827 0.333286150774465 0.209656898597226 0.24035014137568 0.219027381832704 0.492877313399146 0.546500209592605 0.524730424916179 0.734427017494921 0.585900855089157 0.583068834615076 0.566401878743949 0.559622576511339 0.652453674623472 0.660564735544496 0.547733662336623 0.554234073027243 0.630376152993555 0.681132776446784 0.61105848677318 0.683179085558427 0.668911579682212 0.608847385841349 0.553100034285484
-9999 -9999 -9999 -9999 -9999 -9999 -9999 -9999 -9999 -9999 -9999 -9999 0.647355324131373 0.734265891504922 0.653075209811762 0.386669895241187 0.386174903587846 0.501026891768437 0.595705936694719 0.622519807484834 0.740802709841409 0.535779282030663 0.675802958745079 0.132251169125304 0.135202707373205 0.127367798891573 0.244385014548833 0.269310777821295 0.223093769340459 0.403041295909003 0.517500830561224 0.536650969633801 0.585160113152535 0.588336435363814 0.503654030500281 0.545297270853516 0.518905989224133 0.536824577057909 0.555122024400353 0.569233536327776 0.667900166279013 0.715568703812043 0.756235310758447 0.789906958523127 0.690397421503908 0.653469794655734 0.73040897221691 0.750991972398582 0.765608658511931
-9999 -9999 -9999 -9999 -9999 -9999 -9999 -9999 -9999 -9999 -9999 -9999 -9999 -9999 0.248006516461148 0.336381558794289 0.427163685769561 0.43915327643772 0.464301827330442 0.206470484058849 0.35031282127375 0.494150645524282 0.358421701804378 0.42904927198997 0.308700322759269 0.21704354043557 0.281817435427616 0.37788187427324 0.426179046817463 0.554573904260646 0.49853124699675 0.539842558209659 0.557820769216201 0.572715514031686 0.538131903002507 0.603331316822659 0.659611407732682 0.557752284331456 0.730832216560289 0.72975724266942 0.748415778839453 0.738869673034814 0.668447856938112 0.574287210786055 0.587986172667949 0.722252380988387 0.698498104390268 0.746681766190307 0.621590198539567
-9999 -9999 -9999 -9999 -9999 -9999 -9999 -9999 -9999 -9999 -9999 -9999 -9999 -9999 -9999 -9999 -9999 0.493841516230092 0.459188130302085 0.464614328273035 0.137013993485593 0.212585023771465 0.412550693816393 0.250663376308252 0.23280863298201 0.193331096826641 0.397942880541697 0.42403212269019 0.533810908629877 0.56961832706586 0.544056954809761 0.417325616133324 0.530036856145482 0.56135888497981 0.642173483797608 0.738465722502668 0.823380148096946 0.819640231730254 0.829880493601541 0.807936167795405 0.575958417200689 0.625094936926913 0.707147844333171 0.804605180018823 0.776008643803229 0.777935866662871 0.719173693780917 0.769794615738002 0.651826497667229
-9999 -9999 -9999 -9999 -9999 -9999 -9999 -9999 -9999 -9999 -9999 -9999 -9999 -9999 -9999 -9999 -9999 0.208663149110756 0.142277993335766 0.201862106378815 0.198798230526613 0.182533807825338 0.140631489176431 0.197997836635471 0.335308492099164 0.284021446553874 0.554816682923181 0.448718427811074 0.534159702041752 0.597641730154348 0.498130847134783 0.475117039338176 0.59655223895012 0.631767095403497 0.812289928095621 0.775922719859672 0.782839499811266 0.699431263187588 0.724901264913165 0.705295211532135 0.714340011687264 0.440434250898069 0.498711906848208 0.549624405428948 0.471026551091168 0.474743248840774 0.676934409230684 0.658398019277042 0.565925235540371
-9999 -9999 -9999 -9999 -9999 -9999 -9999 -9999 -9999 -9999 -9999 -9999 -9999 -9999 -9999 -9999 -9999 -9999 -9999 0.0926523292069771 0.119925759308092 0.156387458666338 0.501617195921611 0.62378252934257 0.701049850647863 0.662696269428146 0.740665006761756 0.590063875054484 0.63913691129227 0.588442865650067 0.617490138131152 0.473685500375363 0.567044800986288 0.741337965948498 0.62400878517593 0.616933631322741 0.508887919268771 0.689916538224544 0.643139760328601 0.670667230598405 0.700140723850276 0.41526477216906 0.298321696238267 0.543975400469137 0.454348506350502 0.555544023669948 0.55938914314779 0.598134692350564 0.558910557270676
-9999 -9999 -9999 -9999 -9999 -9999 -9999 -9999 -9999 -9999 -9999 -9999 -9999 -9999 -9999 -9999 -9999 -9999 -9999 0.190550489125882 0.0907346239642898 0.227240876663248 0.28935028564115 0.497695041999334 0.553814756566411 0.521616820908226 0.648412654506303 0.656610431844543 0.457650982221619 0.740951554410479 0.585396834370979 0.298166304424518 0.583449331529085 0.557085183525271 0.590841031617089 0.510586008349997 0.688090751250049 0.553959072511791 0.322165764228444 0.327240537452219 0.707744420388531 0.656922917804694 0.568551804359409 0.502528227167161 0.735383399174657 0.306034759551395 0.0932487206296252 -9999 0.159834568443674
-9999 -9999 -9999 -9999 -9999 -9999 -9999 -9999 -9999 -9999 -9999 -9999 -9999 -9999 -9999 -9999 -9999 -9999 -9999 0.184599415805848 0.17543462244237 0.165623789624194 0.214090882815675 0.231052132694962 0.384798451221809 0.55218819922905 0.617449383246945 0.600337845694373 0.566322523763909 0.614530657225749 0.463955739575931 0.476750320999211 0.575217953439508 0.525866724292946 0.56006508423183 0.582006863211923 0.255874815878899 0.0847695166858025 0.112468261061732 0.134743836757794 0.106327112965805 0.0886777115195737 0.169974539808579 0.105689257855209 0.135755715114974 -9999 -9999 -9999 0.122862751885279
-9999 -9999 -9999 -9999 -9999 -9999 -9999 -9999 -9999 -9999 -9999 -9999 -9999 -9999 -9999 -9999 -9999 -9999 -9999 0.165230690323205 0.224449523448245 0.180117948176859 0.157570759849015 0.175583891079734 0.24514214430093 0.597619598597523 0.629102799125841 0.58644055071538 0.615448114414508 0.547605715650196 0.240911809880194 0.498408964951639 0.504478092699178 0.594322711225956 0.593577769705862 0.612019641182631 0.0875222888007401 0.190548923610508 0.196203158177512 0.543442802478688 0.372446323035645 0.249650894989124 0.151261191521391 0.144081529202165 0.0891285106610352 0.116428468001489 -9999 -9999 -9999
-9999 -9999 -9999 -9999 -9999 -9999 -9999 -9999 -9999 -9999 -9999 -9999 -9999 -9999 -9999 -9999 -9999 -9999 0.196996749854469 0.116913133905028 0.131874023488578 0.159036962217751 0.214667177727179 0.216624360094674 0.219075705430528 0.385842096391604 0.682523281258809 0.628307517752272 0.579060057310038 0.158937469823354 0.14477001786795 0.539174887825772 0.564395725900809 0.52761917847013 0.522995738065292 0.617263777105068 0.62782714504915 0.155247815889755 -9999 -9999 0.235843064761765 0.511685201933385 0.456855313951683 0.58585772441996 0.159077235001402 0.182627339779489 -9999 -9999 -9999
-9999 -9999 -9999 -9999 -9999 -9999 -9999 -9999 -9999 -9999 -9999 -9999 -9999 -9999 -9999 -9999 -9999 -9999 0.152836397670638 0.147835760581795 0.173838078244466 0.122816284304989 0.0852229094467373 0.294842043515238 0.192784438111649 0.181576811981497 0.423698255947977 0.254166149788231 0.136330373045437 0.13518399779412 0.138292079983137 0.166448509277481 0.141711986765604 0.226921069181616 0.199002104530704 0.233940740198883 -9999 -9999 -9999 -9999 -9999 -9999 0.218202603210471 0.148817833223398 0.520721157362929 0.516946109865521 0.247430938745812 -9999 -9999
-9999 -9999 -9999 0.1515039985306 0.167692948487106 0.281692259510253 0.346661665496395 0.529964651253748 0.59857370302164 0.494639586221544 0.639326635300193 0.57777854961919 0.213489520038347 0.148945583609068 0.153910971851074 0.157953744662741 0.128762893796603 0.279529829964878 0.13495598469443 0.155433375944747 0.206484424307444 0.167489750984409 0.176649627480974 0.171046462624655 0.175908477176808 0.146987478748748 0.129861343699066 0.155369380620899 -9999 -9999 -9999 -9999 0.159770431574893 0.1696794596483 -9999 -9999 -9999 -9999 -9999 -9999 -9999 -9999 0.137305603889232 0.126353993012333 0.134000536827197 0.212041656128363 0.401203502030526 0.207834532090668 0.158781173265076
-9999 -9999 -9999 0.1284815744175 0.106621835031179 0.22988403688282 0.348170972070853 0.480034986014755 0.490267207933999 0.434289484580597 0.358999535278257 0.334532642793504 0.220219032114483 0.352956255762645 0.212603921472891 0.362844880248134 0.351975638030913 0.126259570381467 0.257952831559564 0.504622007995199 0.546625908889228 0.502218002993605 0.50171502062715 0.51989055268794 0.506776507750768 0.519323005584759 0.118779138441968 -9999 -9999 -9999 -9999 -9999 -9999 -9999 -9999 -9999 -9999 -9999 -9999 -9999 -9999 -9999 -9999 0.150521312063595 0.153773349426494 0.132934469632903 0.18031521340449 0.381898753145428 0.19101264081049
-9999 -9999 -9999 -9999 0.123228676016332 0.136041581233014 0.443007687374089 0.397143458547378 0.283353312060485 0.0941553018536416 0.0944264380004764 0.0766539060996331 0.0605750353724498 0.184478608079352 0.421790926829872 0.416151272635391 0.145095878217242 0.100036740754868 0.0695778352235295 0.0741788449984661 0.13854402188032 0.0748832513539408 0.325538707533293 0.364758961275224 0.265464853065633 0.502380380249887 0.0884214663576432 0.088731511486943 -9999 -9999 -9999 -9999 -9999 -9999 -9999 -9999 -9999 -9999 -9999 -9999 -9999 -9999 -9999 -9999 0.16073451232554 0.162723866529081 0.142792865366394 0.563489129689347 0.570918356781407
-9999 -9999 -9999 0.131687568192965 0.248045667788661 0.455049022104848 0.115024094956322 0.114237701512265 0.102409831606807 0.0960171438049555 0.0581370592799631 0.0796513145677 0.0742846777864528 0.185308183313362 0.17715674349154 0.19121987030671 0.201690639543679 0.145351386822388 0.0803226850836365 0.108613684481016 0.0775661444445252 0.0931505487370548 0.106097974312984 0.101023524497174 0.106716874627673 0.194009073135038 0.181835140739472 -9999 -9999 -9999 -9999 -9999 -9999 -9999 -9999 -9999 -9999 -9999 -9999 -9999 -9999 -9999 -9999 -9999 -9999 -9999 0.232687985797099 0.148154432133413 0.138639187502019
-9999 -9999 -9999 -9999 0.139583229135051 0.167055709237928 0.111330497637315 0.0879356114511928 0.109652314397764 0.102632751171815 0.060731443213042 0.0780311723486104 0.07797383151941 0.224209420305998 0.261056687884599 0.186492276081812 0.212774608030056 0.15245540956597 0.0979300789058161 0.0792416735550606 0.0803617211829109 0.0988461215025628 0.0985351855042177 0.0980958753982497 0.142494124314441 -9999 -9999 -9999 -9999 -9999 -9999 -9999 -9999 -9999 -9999 -9999 -9999 -9999 -9999 -9999 -9999 -9999 -9999 -9999 -9999 -9999 -9999 -9999 0.18031179016735
-9999 -9999 -9999 -9999 0.128447473934476 0.119661615721276 0.0965096050951445 0.10048712200937 0.115688269800265 0.150981714452195 0.22199252358651 0.234417949124941 0.302222050710485 0.296641801218629 0.106844912797986 0.100923186846711 0.153256110760184 0.273321795062049 0.27533965400167 0.305251989816606 0.127175697493883 0.0894251838050985 0.0902980621690669 -9999 -9999 -9999 -9999 -9999 -9999 -9999 -9999 -9999 -9999 -9999 -9999 -9999 -9999 0.123139794380008 0.185132539908592 0.173113506237231 -9999 -9999 -9999 -9999 -9999 -9999 -9999 -9999 -9999
-9999 -9999 -9999 0.114764415261656 0.122036864957248 0.179411152619748 0.0965537193157335 0.10043134866047 0.101948095634078 0.385477050537519 0.406173916899224 0.150944780669015 0.0774242980718167 0.138606340569711 0.101469136739333 0.0785580747733835 0.0908187432213581 0.22564410216104 0.209270930951 0.284299246503178 0.08777992058041 0.0872464214593247 -9999 -9999 -9999 -9999 -9999 -9999 -9999 -9999 -9999 -9999 -9999 -9999 -9999 -9999 -9999 -9999 0.218565501949514 0.153063138847071 -9999 -9999 -9999 -9999 -9999 -9999 -9999 -9999 -9999
