Scripts_&_data/BRT_projection_files/BRT_CCV/B_sylvestris_1_projection.asc
NCOLS 79 
NROWS 71 
XLLCORNER -10.5 
YLLCORNER 36 
CELLSIZE 0.5 
NODATA_value -9999 
[rows 44 to 65 of 71, columns 0 to 47 of 79]
-9999 -9999 -9999 -9999 -9999 -9999 -9999 -9999 -9999 -9999 -9999 -9999 -9999 -9999 -9999 -9999 -9999 -9999 0.161201295068571 0.151496218007231 0.146090531551488 0.294327086585593 0.2009108291663 0.239774333669218 0.152740221241929 0.135326917437598 0.164745283841546 0.213227431007818 0.155970630448723 0.162076436971448 0.267402418925012 0.362225788571149 0.471435910170272 0.658616702055034 0.65718119218478 0.748330317016722 0.663414177139619 0.332037123707698 0.654829428944432 0.579617698202239 0.559672130610773 0.48294036609381 0.594612803979517 0.246344392905058 0.248265533204959 0.242607319639567 0.492094501729311 0.546716665681276
-9999 -9999 -9999 -9999 -9999 -9999 -9999 -9999 -9999 -9999 -9999 -9999 -9999 -9999 0.124436230482037 -9999 -9999 -9999 0.181349893408007 0.36525491413247 0.383767943502615 0.331645447550046 0.168269400743968 0.144612852338458 0.299621733944346 0.525996670186531 0.194178958418003 0.147270641382078 0.147771089598776 0.197781107404399 0.173285219091082 0.369558609864532 0.351149667114516 0.674372998957037 0.409394766300465 0.569257922755958 0.509666461883537 0.730339073659696 0.544892652049601 0.735297181395689 0.590789280840607 0.62016530448531 0.197451373540435 0.55570872907748 0.204243051044278 0.245968705840184 0.481036843427738 0.541419314079682
-9999 -9999 -9999 -9999 -9999 -9999 -9999 -9999 -9999 -9999 -9999 -9999 0.165961731552156 0.158817427730729 0.148396990410772 0.159149779512831 0.139566509936168 0.150839853137734 0.181314188938386 0.202255532394096 0.284430740104919 0.175378131086009 0.159113395719782 0.124429231473074 0.115130993591008 0.112368209134748 0.0948587787934576 0.112325210330155 0.143409745107485 0.148726223935788 0.198852028382318 0.308645393919302 0.387512453921436 0.542492477624533 0.61511989298716 0.655344574690311 0.660880756817596 0.588962817723739 0.61134845649165 0.595028384185496 0.664987232825851 0.680971148786272 0.680511267921416 0.665938837855256 0.67387989025511 0.517423788738898 0.556114773284826 0.497189270013815
-9999 -9999 -9999 -9999 -9999 -9999 -9999 -9999 -9999 -9999 -9999 -9999 -9999 -9999 0.106006192762114 0.123665829087435 0.128859162815805 0.128762310917255 0.132119374065777 0.129185944933227 0.131788734140469 0.165201324985763 0.146313373119442 0.128256930246074 0.13966711185688 0.123313093004154 0.191349907113325 0.1326024745148 0.143034093262906 0.255756833909607 0.344546642606921 0.37206396234496 0.28171154716772 0.402274302292687 0.690529085657096 0.62317696675667 0.523749654226004 0.635628342399202 0.542308662759591 0.656476543570673 0.645052410175832 0.578197598310265 0.556867321850384 0.668485947921641 0.809500207670592 0.845866805810952 0.875493647715499 0.857086945049096
-9999 -9999 -9999 -9999 -9999 -9999 -9999 -9999 -9999 -9999 -9999 -9999 -9999 -9999 -9999 -9999 -9999 0.139716702131348 0.117576764685518 0.122914791084072 0.106422393204509 0.105863163696851 0.11289981522427 0.129126970903096 0.106325176584251 0.137466960033253 0.148093115538511 0.174669044222868 0.21923306684219 0.394381180849696 0.259611957162339 0.154717112274907 0.302238769840207 0.510856424891183 0.638085350177696 0.50643292515604 0.577321541345048 0.518856522488051 0.714314126155702 0.724419901543045 0.823143616698472 0.735243449496185 0.695494230284662 0.782252763610306 0.672182000271283 0.67085398991369 0.618192974352613 0.748399713816119
-9999 -9999 -9999 -9999 -9999 -9999 -9999 -9999 -9999 -9999 -9999 -9999 -9999 -9999 -9999 -9999 -9999 0.08629544442791 0.0871174277949535 0.134690387689824 0.129438493076603 0.120509637081618 0.111219723647347 0.175102605441238 0.138657563358341 0.187593483240441 0.157013600032783 0.154100269492285 0.209569761637915 0.397540565504176 0.27856491102075 0.165886121709519 0.572721358056052 0.772439704011304 0.525428627570652 0.720240946039776 0.773429123799405 0.771699813353102 0.701626382579136 0.587241840042455 0.662945541256958 0.325086122492134 0.199418538645065 0.658673736123156 0.590248541537727 0.565557068145587 0.76123909790213 0.758311979109685
-9999 -9999 -9999 -9999 -9999 -9999 -9999 -9999 -9999 -9999 -9999 -9999 -9999 -9999 -9999 -9999 -9999 -9999 -9999 0.0899627718079078 0.107940700073514 0.15924465495628 0.141052346658017 0.208192531621702 0.328507037902154 0.480910769336264 0.443364028339006 0.382749840135532 0.37581763750774 0.560182835612784 0.296311347563834 0.23292425299964 0.622874508590724 0.592976670910182 0.7682688330287 0.614506351970355 0.493024893438577 0.798097926458384 0.823714606025995 0.812749541349217 0.403501964547743 0.547493062719313 0.479751751093797 0.742171513613624 0.731141243169477 0.72391267207517 0.609777354538291 0.532274691746516
-9999 -9999 -9999 -9999 -9999 -9999 -9999 -9999 -9999 -9999 -9999 -9999 -9999 -9999 -9999 -9999 -9999 -9999 -9999 0.07838754332688 0.0896555855229604 0.0820523061360538 0.158542015075172 0.190825838387237 0.478109621668733 0.514466930495811 0.558324176150006 0.538513953872008 0.432646065506373 0.519630685740211 0.30970523552508 0.175399456486743 0.63225194252903 0.533329242563184 0.694250711610176 0.515067815325853 0.552740755186565 0.671205418520339 0.159672115402826 0.289814327816443 0.721841438872997 0.685859748089262 0.676364579248422 0.654469595891865 0.658373270274837 0.154498976393164 0.0834684163356842 -9999
-9999 -9999 -9999 -9999 -9999 -9999 -9999 -9999 -9999 -9999 -9999 -9999 -9999 -9999 -9999 -9999 -9999 -9999 -9999 0.0827464038896644 0.0868566152624055 0.122262019180578 0.0923071977350179 0.15397799993159 0.179104475602622 0.458598679243235 0.644469563180861 0.389334563275371 0.481774643167216 0.573971950745682 0.187975826767003 0.171139090048113 0.652167973676052 0.652394405582849 0.459176388022192 0.70887146202317 0.169260635800091 0.0731238352399799 0.0784100340361173 0.213825376831832 0.078507125394678 0.0741557838513376 0.0777908640756211 0.0901214323133129 0.0851810816591713 -9999 -9999 -9999
-9999 -9999 -9999 -9999 -9999 -9999 -9999 -9999 -9999 -9999 -9999 -9999 -9999 -9999 -9999 -9999 -9999 -9999 -9999 0.0953105009256501 0.0842760434628707 0.0851551176019543 0.0748261530808675 0.10390725872503 0.214937506930548 0.364550219108273 0.450997833667991 0.469803586978402 0.624995704003926 0.531684678748002 0.143158256653974 0.512536954733274 0.631701988943985 0.544929735380806 0.409802057155484 0.5602576164789 0.100917560310536 0.0711543060271542 0.0842855241811058 0.388302090310346 0.163265117758353 0.0931051840302785 0.0854935989864966 0.0813670113694569 0.0684706134620054 0.0486428666983908 -9999 -9999
-9999 -9999 -9999 -9999 -9999 -9999 -9999 -9999 -9999 -9999 -9999 -9999 -9999 -9999 -9999 -9999 -9999 -9999 0.0911339468608268 0.0952905918417846 0.0904450860114999 0.0729903679400347 0.0889942812269773 0.0849651304831392 0.0903193746298285 0.153505408723131 0.296703023030992 0.382806448926487 0.582277052515844 0.093355445523315 0.0754645454734374 0.276548218779492 0.390834369657824 0.436520488078921 0.57264696676202 0.537592491575014 0.423176590365966 0.0935383191709477 -9999 -9999 0.106470334110542 0.601401104384388 0.463343365270095 0.528882211575236 0.089508029703743 0.0812975850461854 -9999 -9999
-9999 -9999 -9999 -9999 -9999 -9999 -9999 -9999 -9999 -9999 -9999 -9999 -9999 -9999 -9999 -9999 -9999 -9999 0.100719851690373 0.0868130953278883 0.107199626532614 0.0819267408453532 0.0685189542236134 0.095630408549033 0.0785817205956522 0.0824974586000976 0.198398516604946 0.188982306139397 0.0890811091417096 0.0670815318975835 0.0991349664662799 0.107139615295675 0.0916054509860872 0.141354473225262 0.124454057450946 0.0647779380180758 -9999 -9999 -9999 -9999 -9999 -9999 0.0738275356773097 0.0928328766251415 0.431098595169455 0.355573961664249 0.101109051398069 -9999
-9999 -9999 -9999 0.0677563154306621 0.0584144299440692 0.168580543581768 0.128990393362936 0.177391001402385 0.492318934945684 0.663799904851763 0.502631508319319 0.498943448886774 0.179467752623346 0.182171355188506 0.118170529255385 0.0634478630551082 0.0650477366503123 0.0928268732576741 0.137443068730595 0.12275041017475 0.149897874412352 0.0751702491528238 0.0847686467574725 0.0826673408491636 0.0842689677807836 0.0997181119112414 0.0771935655044143 0.0664365540430865 -9999 -9999 -9999 -9999 0.0813046064636472 0.0999651086686501 -9999 -9999 -9999 -9999 -9999 -9999 -9999 -9999 0.0771606214074792 0.0791798403753862 0.0735226310984781 0.0807028160287432 0.167873765884167 0.118431172947568
-9999 -9999 -9999 0.0579000009470261 0.0672356407337544 0.111204362066067 0.12827280940569 0.243065192586294 0.278730285583729 0.337821223024414 0.302500034127176 0.306923411947906 0.207296351704052 0.19009315390976 0.122082595359323 0.321077693036708 0.300884061194739 0.145549774733421 0.216610240878955 0.344767359030506 0.582241714320437 0.587535750018422 0.562078973240723 0.383330594007477 0.592362418736793 0.444908183096477 0.0854747577310663 -9999 -9999 -9999 -9999 -9999 -9999 -9999 -9999 -9999 -9999 -9999 -9999 -9999 -9999 -9999 -9999 0.0721993577149526 0.0753869922059639 0.076331968364836 0.0848932688059393 0.420719364580824
-9999 -9999 -9999 -9999 0.0696901465666683 0.0803893736947916 0.241962090630775 0.272466688813893 0.151974276294239 0.0499114738679112 0.0488207694486469 0.0463729398678264 0.0420965956114771 0.0522034633367666 0.218500314169584 0.231781548764479 0.107801665213989 0.049556350852587 0.045525166175558 0.106602738808604 0.147313251181855 0.088039978533229 0.249992123070196 0.206196659021979 0.240510337489343 0.425960865454318 0.104121515828689 0.0456245462923734 -9999 -9999 -9999 -9999 -9999 -9999 -9999 -9999 -9999 -9999 -9999 -9999 -9999 -9999 -9999 -9999 0.0991501586588263 0.0830355773310106 0.0734718779877706 0.471033801295698
-9999 -9999 -9999 0.0728391535411113 0.113571013076271 0.142381078453736 0.0758616966846062 0.0594548836800051 0.0515891114473816 0.0415137794484372 0.0425042165512064 0.0420518624151332 0.0463695643799854 0.0466367015188382 0.0560769473618867 0.0724255099884527 0.0486604438848176 0.0463065748836157 0.0392330517762187 0.0531390897161746 0.0392737495906217 0.0395448296360898 0.0413071255340206 0.0530487058755254 0.0769116268651959 0.0650182905359428 0.0753138871730667 -9999 -9999 -9999 -9999 -9999 -9999 -9999 -9999 -9999 -9999 -9999 -9999 -9999 -9999 -9999 -9999 -9999 -9999 -9999 0.218362196643889 0.079412964089231
-9999 -9999 -9999 -9999 0.0550935586561514 0.0775015165410765 0.0674239428008045 0.0592808997931973 0.060627889627563 0.0555969083756025 0.0403402987922038 0.0404472927547504 0.0421353617285183 0.0906379987797897 0.0718820092023888 0.0553019889884766 0.0598259649588238 0.046779149710649 0.0461927960278957 0.0392049054793168 0.0398417520870294 0.0474664230978226 0.0393060180869852 0.0372431345203351 0.0928066875302202 -9999 -9999 -9999 -9999 -9999 -9999 -9999 -9999 -9999 -9999 -9999 -9999 -9999 -9999 -9999 -9999 -9999 -9999 -9999 -9999 -9999 -9999 -9999
-9999 -9999 -9999 -9999 0.0562170094958889 0.0558873556673041 0.0645402629876802 0.0673390775243967 0.0746494072805989 0.055988662194009 0.0604646152494675 0.0640810104242675 0.128571469304309 0.25343885992476 0.0380074154146999 0.0435184692778662 0.114395160718285 0.0536162616095475 0.0699357402995443 0.0475418355201789 0.0462803979200232 0.0392332956418065 0.0416602937187176 -9999 -9999 -9999 -9999 -9999 -9999 -9999 -9999 -9999 -9999 -9999 -9999 -9999 -9999 0.0900439741542028 0.0687260544397794 0.0864928043784288 -9999 -9999 -9999 -9999 -9999 -9999 -9999 -9999
-9999 -9999 -9999 0.0698710141823981 0.0500641381010822 0.132065187547664 0.0810739678360656 0.0862616401609702 0.124852639852923 0.133762297855351 0.156076654484339 0.0818280658165792 0.0391780470576277 0.0871195520307091 0.038594618031515 0.040541268115806 0.0781038053281366 0.092117529328618 0.0497424209650951 0.0473729364256645 0.047181168954774 0.042401232313584 -9999 -9999 -9999 -9999 -9999 -9999 -9999 -9999 -9999 -9999 -9999 -9999 -9999 -9999 -9999 -9999 0.101267567812462 0.104165497167386 -9999 -9999 -9999 -9999 -9999 -9999 -9999 -9999
-9999 -9999 -9999 0.0749083311955904 0.103556982349508 0.10613575099301 0.060170080988128 0.0799875627945773 0.0787184913589221 0.079580255896768 0.059345031508109 0.0414393902636634 0.0392006481285513 0.0392639818129413 0.0392260934736578 0.0392303947427882 0.0391317486062437 0.041169296946174 0.0430796505035664 0.0391603075602026 0.0577165304389092 -9999 -9999 -9999 -9999 -9999 -9999 -9999 -9999 -9999 -9999 -9999 -9999 -9999 -9999 -9999 -9999 -9999 0.0728323699689313 0.0771878116612337 -9999 -9999 -9999 -9999 -9999 -9999 -9999 -9999
-9999 -9999 0.0630032714164682 0.0557511864968321 0.0588129418262694 0.0643208773946334 0.0590731451131607 0.0542013230255486 0.0560432121271543 0.054924391681246 0.0711897030833334 0.0561313090662652 0.0383749913094869 0.0392462568709806 0.0392006481285513 0.0392217837632836 0.0392217837632836 0.0391913856785907 0.0392749675933902 0.0381553608853812 -9999 -9999 -9999 -9999 -9999 -9999 -9999 -9999 -9999 -9999 -9999 -9999 -9999 -9999 -9999 -9999 -9999 -9999 0.044264843038009 0.0736408339207518 -9999 -9999 -9999 -9999 -9999 -9999 -9999 -9999
-9999 -9999 0.0924906742414894 0.053571138582809 0.0457291875252254 0.0571603082910647 0.0532854928444829 0.0512063087345441 0.0502448415246932 0.0537057827011072 0.0516689918159917 0.0473827931811076 0.048175112923078 0.0542057427317842 0.0484013463747295 0.052364542669422 0.0379336108504707 0.0392050821694277 0.0392166811115389 0.0378957252007783 0.0392251667760516 -9999 -9999 -9999 -9999 -9999 -9999 -9999 -9999 -9999 -9999 -9999 -9999 -9999 -9999 -9999 -9999 -9999 -9999 -9999 -9999 -9999 -9999 -9999 -9999 -9999 -9999 -9999
