Scripts_&_data/BRT_projection_files/BRT_CCV/B_sylvarum_1_projection.asc
NCOLS 79 
NROWS 71 
XLLCORNER -10.5 
YLLCORNER 36 
CELLSIZE 0.5 
NODATA_value -9999 
[rows 44 to 65 of 71, columns 0 to 48 of 79]
-9999 -9999 -9999 -9999 -9999 -9999 -9999 -9999 -9999 -9999 -9999 -9999 -9999 -9999 -9999 -9999 -9999 -9999 0.645588109826042 0.64600293609837 0.58843835838662 0.699522662312696 0.632238597543089 0.618413343568886 0.628695275825529 0.633939235278416 0.616363425976365 0.647988359076917 0.692167584688156 0.684051296812921 0.742489054743086 0.733226919992957 0.762242090368967 0.770707309147131 0.755066543352693 0.749269001554657 0.668430262097753 0.720733576571043 0.759999284761323 0.703836683670721 0.756743339588984 0.694575907752519 0.667124716497021 0.742390864510347 0.708332111680932 0.712190507923885 0.711629765067276 0.820077866728599 0.754883185422535
-9999 -9999 -9999 -9999 -9999 -9999 -9999 -9999 -9999 -9999 -9999 -9999 -9999 -9999 0.634805081092312 -9999 -9999 -9999 0.659723583442358 0.563270911622391 0.775332391028984 0.692929219570199 0.743167660239022 0.541109981260973 0.603283129677189 0.737521148362541 0.621265423716849 0.634498045921928 0.639484027679213 0.630190988152594 0.59799898265347 0.742937449646255 0.743523183176151 0.724507229146286 0.744899294304219 0.721260356004037 0.72755881367902 0.699370945468662 0.72961649744207 0.804162966531386 0.728185383011012 0.715732770998661 0.721032039839203 0.727480584870404 0.730004303251075 0.721572427640513 0.728201078827172 0.734257472924435 0.759716049270749
-9999 -9999 -9999 -9999 -9999 -9999 -9999 -9999 -9999 -9999 -9999 -9999 0.628992844937404 0.613402975609548 0.621234431656132 0.655533286071039 0.652032582310499 0.666705412343522 0.652081258130764 0.632156370790606 0.625889831599133 0.643412925628605 0.675883041289613 0.526650376699307 0.525973054143738 0.512402719138878 0.632984690847135 0.648372040919595 0.643709153442621 0.644913867384589 0.567725124044358 0.762816993083523 0.782086206835312 0.769679755297544 0.675715928029681 0.704041556192687 0.779687614961235 0.697920334518525 0.743598142789352 0.750197863586389 0.74553940287362 0.734057640968044 0.730753670321969 0.737384277326324 0.773162390773386 0.752351963301685 0.738624253840533 0.738503957639165 0.761301529318479
-9999 -9999 -9999 -9999 -9999 -9999 -9999 -9999 -9999 -9999 -9999 -9999 -9999 -9999 0.626531288812114 0.657594582549575 0.649725968756381 0.654567347585124 0.624455954873353 0.663509274200602 0.645486682430744 0.647298450496238 0.646717524646385 0.646935484686908 0.664865737083767 0.679896501384843 0.651597385761412 0.601547888820211 0.646814466643039 0.64693011307442 0.770082819865794 0.774458201447721 0.68886254663837 0.772747118338222 0.701306782737867 0.757149670492239 0.746040892049122 0.768644880046361 0.729434278750519 0.749241209850346 0.394959082455364 0.358614950763974 0.425019434589695 0.756421446530138 0.767229786078596 0.746702773986969 0.765131428992524 0.780982775565719 0.684674317126635
-9999 -9999 -9999 -9999 -9999 -9999 -9999 -9999 -9999 -9999 -9999 -9999 -9999 -9999 -9999 -9999 -9999 0.568610378259571 0.639290881839537 0.651944884694897 0.556948626836673 0.535237070884614 0.637281482218186 0.646655450511058 0.617891509261717 0.680082174147707 0.644487915881867 0.666776255211743 0.593884221986256 0.746025904303388 0.697725479482382 0.613939915311353 0.649638834932584 0.747174083320789 0.736081043826262 0.72613797391015 0.726298756119191 0.684051744653101 0.714050144057176 0.539624660065859 0.714638968918184 0.45115084150545 0.701994648804049 0.745739507041806 0.77356404574729 0.746075804239388 0.591265905067682 0.71737788870096 0.763226407690004
-9999 -9999 -9999 -9999 -9999 -9999 -9999 -9999 -9999 -9999 -9999 -9999 -9999 -9999 -9999 -9999 -9999 0.526671084932171 0.555016235117005 0.650402004509445 0.659852075984039 0.653253710406158 0.650952216149727 0.705850305856495 0.650657710486144 0.724073871639094 0.648866380641739 0.644644349221676 0.614838706014575 0.771497088069699 0.635740599406863 0.631989657375498 0.691730809381993 0.726390050413803 0.724089691155072 0.773237428848172 0.766049362829695 0.618263195391665 0.355744483309858 0.388682599324483 0.351395951396771 0.345059460638287 0.590733469823217 0.639135695094874 0.535288282580299 0.609930365700392 0.658066246632435 0.737452688346538 0.735515152480915
-9999 -9999 -9999 -9999 -9999 -9999 -9999 -9999 -9999 -9999 -9999 -9999 -9999 -9999 -9999 -9999 -9999 -9999 -9999 0.545717408613794 0.561178830813268 0.678834893737818 0.623886752753778 0.625657614400898 0.656556029349074 0.834861854226033 0.783934164617338 0.643921809255182 0.736658128170148 0.733495251299286 0.614272230377221 0.61656305112757 0.700448841636562 0.76043049886976 0.750805987892065 0.72078128054749 0.692329680266599 0.632113800926568 0.666758785253942 0.676912555385425 0.402777036720763 0.588405369230831 0.533300372308923 0.657862851555534 0.531427700268044 0.619898217906062 0.705844274164397 0.519505521522929 0.261083387922678
-9999 -9999 -9999 -9999 -9999 -9999 -9999 -9999 -9999 -9999 -9999 -9999 -9999 -9999 -9999 -9999 -9999 -9999 -9999 0.570024559714048 0.549530310197798 0.520879464446364 0.621572799849434 0.613811752245967 0.768085475233386 0.690338269354482 0.708352603455223 0.747248384409861 0.61958353417519 0.787283833942557 0.662554060395399 0.66731635965383 0.742671819698209 0.625064993841336 0.620691271882546 0.58891100010957 0.39966171802932 0.737366334009819 0.640750790134099 0.686522375154566 0.759707596732176 0.697363475775849 0.782132056266517 0.696673639004344 0.727565216651273 0.64645358768297 0.484873930262333 -9999 0.400091112929071
-9999 -9999 -9999 -9999 -9999 -9999 -9999 -9999 -9999 -9999 -9999 -9999 -9999 -9999 -9999 -9999 -9999 -9999 -9999 0.523139793335298 0.541280750432577 0.542831888434623 0.553340181615591 0.644329117506253 0.639248836849053 0.746333037719998 0.728602483957114 0.732108790383429 0.749487246404565 0.741912280097283 0.647366320394236 0.639813002586858 0.71524027039449 0.663308517543287 0.592202896558797 0.62282832831055 0.727813182802583 0.546517647594484 0.563881437620094 0.661398093345512 0.56524997989965 0.57595725133172 0.59518271942988 0.559781733873125 0.569503026041723 -9999 -9999 -9999 0.332766443408665
-9999 -9999 -9999 -9999 -9999 -9999 -9999 -9999 -9999 -9999 -9999 -9999 -9999 -9999 -9999 -9999 -9999 -9999 -9999 0.557245562533318 0.544598513120607 0.578648802332331 0.548085394452017 0.573116732531313 0.729339560502579 0.712674085161097 0.737588767497993 0.748586349395098 0.78760941696434 0.712672143660781 0.640130145923488 0.749683970682944 0.738163822270196 0.660321284438129 0.691256749540519 0.731661836163654 0.554398542421144 0.441541943884005 0.525751912349898 0.754580714241943 0.636942690941005 0.547766327114851 0.552510239580344 0.538319464053082 0.422496692376215 0.267836264642855 -9999 -9999 -9999
-9999 -9999 -9999 -9999 -9999 -9999 -9999 -9999 -9999 -9999 -9999 -9999 -9999 -9999 -9999 -9999 -9999 -9999 0.390209964949297 0.512136015143598 0.467829714790587 0.53573845490211 0.606583608197614 0.580967784004075 0.532406922509892 0.623681582332501 0.763589577572622 0.768643177751809 0.586441301716455 0.59865673997257 0.408546478903254 0.762519379275104 0.738762960430817 0.735735334133812 0.491718534582218 0.645024172175817 0.720501539642222 0.494089606158687 -9999 -9999 0.475350021945148 0.54170007680336 0.69919651836181 0.69485777965624 0.528681745545389 0.417138083579389 -9999 -9999 -9999
-9999 -9999 -9999 -9999 -9999 -9999 -9999 -9999 -9999 -9999 -9999 -9999 -9999 -9999 -9999 -9999 -9999 -9999 0.47429169169661 0.396158913871596 0.391993307618345 0.591030789142631 0.578202860166324 0.577827296648647 0.594816325410808 0.557363566732077 0.630666309811811 0.594398652157625 0.566336970045932 0.29696448574918 0.273865238243362 0.434236518726973 0.562688275297258 0.59918453472784 0.564519522776667 0.502089211266701 -9999 -9999 -9999 -9999 -9999 -9999 0.469521646723564 0.524502307045153 0.69212580239857 0.697509926932063 0.548420525280746 -9999 -9999
-9999 -9999 -9999 0.200755688283258 0.360957948504937 0.450242765842088 0.411681907545108 0.246491089346387 0.401548499094013 0.442726859397643 0.452835731196655 0.483357114010159 0.427624432258739 0.436324932055126 0.468137989400008 0.321569458581548 0.298331025680203 0.44429351056211 0.489631355674675 0.623638822214801 0.731341144350293 0.530834412418053 0.530502421471443 0.553412613883625 0.538056384919992 0.585552626818821 0.530335266068019 0.291776296319451 -9999 -9999 -9999 -9999 0.260225337277747 0.162061408990548 -9999 -9999 -9999 -9999 -9999 -9999 -9999 -9999 0.36744638188606 0.30930206276577 0.562755432854907 0.532469949269488 0.608300244422903 0.630130544934115 0.339183479447625
-9999 -9999 -9999 0.255471383781704 0.365887356098366 0.490308368505832 0.42379433658617 0.505544641380122 0.670354115820408 0.611959050458338 0.603993245510118 0.638507505194231 0.666346225344458 0.620445747225117 0.631901768606645 0.669758900611449 0.622085422330297 0.518711688568967 0.509243888113315 0.61510987629215 0.794149570745157 0.75481183635055 0.731130990973256 0.68027645447836 0.664973786602558 0.552305864340184 0.346302626874499 -9999 -9999 -9999 -9999 -9999 -9999 -9999 -9999 -9999 -9999 -9999 -9999 -9999 -9999 -9999 -9999 0.166157394711295 0.342012992523523 0.317145099798886 0.530652139260182 0.632231683482154 0.566816445656708
-9999 -9999 -9999 -9999 0.299597280048592 0.467678026316081 0.454763830077159 0.564053288803941 0.595871564151434 0.179826133278908 0.171847880069115 0.179609112431191 0.173960471724091 0.518375787263531 0.476814136263928 0.440196760774886 0.500242040682336 0.171107614671434 0.293574063879788 0.411127513456031 0.558113934988576 0.510821027747298 0.640183173708331 0.610562710150187 0.611716079466626 0.597746711664163 0.178361542920121 0.0972451230900303 -9999 -9999 -9999 -9999 -9999 -9999 -9999 -9999 -9999 -9999 -9999 -9999 -9999 -9999 -9999 -9999 0.143857400654634 0.151181948553378 0.31115032325582 0.757646582414481 0.760056807031145
-9999 -9999 -9999 0.218248729411869 0.389664518289673 0.397566583841069 0.483899625479964 0.386979115572227 0.43258493229368 0.183855503684573 0.173249184771183 0.181264357261307 0.170097997877174 0.171973933301326 0.500759592173228 0.357588573223501 0.668293762090924 0.184269546717699 0.17346505544631 0.170580751837647 0.142594696357253 0.157235227302075 0.173011461487916 0.391866677146762 0.363932934957679 0.400858229943307 0.282575450097743 -9999 -9999 -9999 -9999 -9999 -9999 -9999 -9999 -9999 -9999 -9999 -9999 -9999 -9999 -9999 -9999 -9999 -9999 -9999 0.214344257940438 0.159844977735969 0.171524593943194
-9999 -9999 -9999 -9999 0.413586003770232 0.481364358842363 0.266597781448285 0.280765716131643 0.414136022060676 0.175783259511647 0.167494100141257 0.178394573881417 0.192589681402011 0.538707894173331 0.463557869467971 0.171841118271338 0.299335335724487 0.281069452806933 0.163974690758906 0.183956749605576 0.138993323164115 0.0964635392964418 0.0853680968960097 0.0825336405256945 0.103068006611469 -9999 -9999 -9999 -9999 -9999 -9999 -9999 -9999 -9999 -9999 -9999 -9999 -9999 -9999 -9999 -9999 -9999 -9999 -9999 -9999 -9999 -9999 -9999 0.156577888472786
-9999 -9999 -9999 -9999 0.178295152671169 0.294739287115934 0.199228935580266 0.475110756541659 0.444927351488486 0.451132248112007 0.42585686152079 0.184852569368358 0.623136919696427 0.422537704010965 0.18465973892268 0.17245722363251 0.355347531616173 0.67455266896042 0.326339292308143 0.306370575356707 0.179198689408883 0.185431360115603 0.0878936279383678 -9999 -9999 -9999 -9999 -9999 -9999 -9999 -9999 -9999 -9999 -9999 -9999 -9999 -9999 0.107632904003909 0.162943768077834 0.39785555206634 -9999 -9999 -9999 -9999 -9999 -9999 -9999 -9999 -9999
-9999 -9999 -9999 0.114599360259032 0.122715276246523 0.333149009447683 0.225753248450323 0.213829243340619 0.271593175192006 0.386778971314642 0.457355211342149 0.488686865879452 0.149122654892421 0.238764802991169 0.155037494555379 0.194056111385454 0.544587808829109 0.289686837633144 0.307828464632171 0.197692122096286 0.293179420629115 0.0896637452843075 -9999 -9999 -9999 -9999 -9999 -9999 -9999 -9999 -9999 -9999 -9999 -9999 -9999 -9999 -9999 -9999 0.152997787186223 0.495879350795103 -9999 -9999 -9999 -9999 -9999 -9999 -9999 -9999 -9999
-9999 -9999 -9999 0.0884273237540942 0.0954644799485566 0.0862113252772647 0.101234813827305 0.102106528865119 0.0990756100911163 0.0922481005909463 0.115545934990671 0.220708789150962 0.141854321975208 0.150244699795759 0.138960582041777 0.176062565148598 0.222494291592671 0.108224345592032 0.0983639014293069 0.0998761112325828 0.090564770749335 -9999 -9999 -9999 -9999 -9999 -9999 -9999 -9999 -9999 -9999 -9999 -9999 -9999 -9999 -9999 -9999 -9999 0.162050261737305 0.15031345425288 -9999 -9999 -9999 -9999 -9999 -9999 -9999 -9999 -9999
-9999 -9999 0.121330580542647 0.127846723041805 0.0959307188993172 0.120003753061268 0.120794290379899 0.0920003779491114 0.0971039532530319 0.0944294722269913 0.112330291562015 0.148457528756378 0.201080401617611 0.156701929758143 0.138448849970148 0.146499736549737 0.152628203454315 0.171093437498064 0.164354608034364 0.0871421131141008 -9999 -9999 -9999 -9999 -9999 -9999 -9999 -9999 -9999 -9999 -9999 -9999 -9999 -9999 -9999 -9999 -9999 -9999 0.0930949185402992 0.11005822828083 -9999 -9999 -9999 -9999 -9999 -9999 -9999 -9999 -9999
-9999 -9999 0.115169368212326 0.108380273434745 0.102042694918645 0.134378119334398 0.101677164676545 0.105680808916705 0.0904003549281802 0.0848074936302473 0.092453551256317 0.10056359257126 0.150193906666954 0.150609543213051 0.157730569326127 0.257071775892632 0.370647484463359 0.15788948708199 0.162990687383359 0.140704829848165 0.101145393664952 -9999 -9999 -9999 -9999 -9999 -9999 -9999 -9999 -9999 -9999 -9999 -9999 -9999 -9999 -9999 -9999 -9999 -9999 -9999 -9999 -9999 -9999 -9999 -9999 -9999 -9999 -9999 -9999
