Scripts_&_data/BRT_projection_files/BRT_CCV/B_sylvarum_2_projection.asc
NCOLS 79 
NROWS 71 
XLLCORNER -10.5 
YLLCORNER 36 
CELLSIZE 0.5 
NODATA_value -9999 
[rows 44 to 65 of 71, columns 0 to 48 of 79]
-9999 -9999 -9999 -9999 -9999 -9999 -9999 -9999 -9999 -9999 -9999 -9999 -9999 -9999 -9999 -9999 -9999 -9999 0.430987734442554 0.392243017925995 0.42218848790086 0.460272523970537 0.422636908428138 0.419008183826101 0.390165109939501 0.392082086517055 0.382859449057456 0.395893192234788 0.377245324753626 0.284072239092694 0.336155339862073 0.42860990677422 0.364482464409153 0.436406877734269 0.465581320575676 0.43317714860176 0.49618806781624 0.693631978130256 0.609153486042174 0.49522665687515 0.507682778166114 0.498292178875804 0.568294263075492 0.667481643440377 0.475528521736393 0.470723956527906 0.509817100653951 0.561850594691911 0.519054362077314
-9999 -9999 -9999 -9999 -9999 -9999 -9999 -9999 -9999 -9999 -9999 -9999 -9999 -9999 0.371618862526059 -9999 -9999 -9999 0.427493283502119 0.39426241267733 0.479371187211628 0.490834146439023 0.38339449688299 0.320439970106956 0.375960924340499 0.577335658259046 0.542082795654528 0.280238591257698 0.293351565723345 0.265803105565199 0.338749641938548 0.423483611446508 0.41874433327642 0.417724107931148 0.439128588744141 0.40564185926836 0.610862076953979 0.422256014241777 0.615798439853543 0.577761020687903 0.539724796605218 0.500149104273035 0.504110431588962 0.519041804226615 0.502920086479677 0.489909127782607 0.487737484301389 0.492467963403374 0.504377579779826
-9999 -9999 -9999 -9999 -9999 -9999 -9999 -9999 -9999 -9999 -9999 -9999 0.373890123391042 0.336388600877414 0.330899355942089 0.351048750182334 0.317924385036671 0.339964999870774 0.351665137737229 0.355168316887194 0.372011861613277 0.386575717553799 0.3920396328405 0.291737604844175 0.251448761161819 0.315139694436774 0.378151883932169 0.378862228232366 0.295391668038959 0.393775716717072 0.408671726594962 0.420960681003538 0.42741591044102 0.430568487386607 0.371480720672139 0.42582741545024 0.540527249595867 0.424844009195513 0.509852568242348 0.470935587783199 0.502862287027543 0.523258660044543 0.543826295502001 0.586078603775451 0.544079978796744 0.526002694454459 0.510517298057939 0.489433150072843 0.335866062178119
-9999 -9999 -9999 -9999 -9999 -9999 -9999 -9999 -9999 -9999 -9999 -9999 -9999 -9999 0.29997538489287 0.352955455769081 0.38912061157707 0.431650994034093 0.442953423155028 0.366457139398475 0.403717042072075 0.409453005720093 0.405490671620732 0.375566076235384 0.462761170106774 0.406884526943092 0.383062923555351 0.369195212486717 0.406372883110043 0.399467361219715 0.446933166293591 0.423801577037637 0.426829116694252 0.439610062218826 0.40168351733685 0.480896879111931 0.632522567416868 0.481337676028213 0.499225714238503 0.473435110706269 0.499846253124436 0.496574457910364 0.490223207802366 0.436712001517374 0.446891964182402 0.467113005664142 0.426247129423964 0.494377504726178 0.347278940392546
-9999 -9999 -9999 -9999 -9999 -9999 -9999 -9999 -9999 -9999 -9999 -9999 -9999 -9999 -9999 -9999 -9999 0.45555210411389 0.42608352559162 0.377142046102959 0.415395216740565 0.427298056513109 0.368326632095776 0.372452018472822 0.374105858005373 0.401904449833907 0.385070158167998 0.416763027035538 0.449649230847178 0.453327446178977 0.43119370985804 0.380001728585053 0.429703349832803 0.412846305093129 0.421879483863549 0.474487870831198 0.513944098665996 0.537730098074069 0.490445529472577 0.325742259735059 0.504983840886335 0.176276003661616 0.416336119825333 0.578656462972486 0.505214673276376 0.462489434107898 0.402300141416345 0.480502831490437 0.483983453705009
-9999 -9999 -9999 -9999 -9999 -9999 -9999 -9999 -9999 -9999 -9999 -9999 -9999 -9999 -9999 -9999 -9999 0.343870366792382 0.260188483985755 0.388188417093393 0.324345984857401 0.276086403690805 0.308004158859481 0.349546017658347 0.37717975390757 0.355700820963624 0.44187138872125 0.42171172533567 0.442950888481663 0.442329556361014 0.419813343139592 0.440051584144841 0.379289763460946 0.358945536629985 0.538729128199904 0.544210354071109 0.495329492732133 0.341846507799642 0.195089305403153 0.27389952909879 0.306696042188064 0.314481761619614 0.365509861444872 0.463267637339401 0.366038793277242 0.2905901780163 0.502949155476773 0.480478849786603 0.494117975249066
-9999 -9999 -9999 -9999 -9999 -9999 -9999 -9999 -9999 -9999 -9999 -9999 -9999 -9999 -9999 -9999 -9999 -9999 -9999 0.250320150770091 0.26447730416602 0.256730208792305 0.436246764332222 0.473649177673511 0.441876053614304 0.466619001268221 0.455831449211481 0.439594118939892 0.458992516358818 0.428418257182722 0.436993336690354 0.450013482277613 0.373002405991987 0.551781014804968 0.398768957954672 0.431128131920666 0.368500370469405 0.331426434857572 0.320792571821757 0.414919285679078 0.394420697992993 0.342181111164531 0.371694080803105 0.660133137238719 0.323448087468113 0.439035293761155 0.45440613061665 0.4078894698587 0.354467365995141
-9999 -9999 -9999 -9999 -9999 -9999 -9999 -9999 -9999 -9999 -9999 -9999 -9999 -9999 -9999 -9999 -9999 -9999 -9999 0.359792164429232 0.250694350126602 0.383055189620355 0.420037991451058 0.431775333960191 0.420258128924224 0.453146647095808 0.447247472524365 0.415536147422255 0.460644583454782 0.448435671023427 0.396583912128653 0.420586757231968 0.400624622420925 0.457049813978595 0.469206564121376 0.408790528095072 0.548734183627222 0.41712690086102 0.329218293664139 0.311912568591001 0.521002648999304 0.443251254498548 0.482484759696841 0.463997208761113 0.504628593054795 0.386251869617445 0.235643209459002 -9999 0.241820866785579
-9999 -9999 -9999 -9999 -9999 -9999 -9999 -9999 -9999 -9999 -9999 -9999 -9999 -9999 -9999 -9999 -9999 -9999 -9999 0.398886510521122 0.4031913867488 0.392883666807132 0.388906040780194 0.351991344752979 0.366012492785707 0.414453100271852 0.340357140526935 0.473388587861397 0.410195596973809 0.400622045459492 0.405889127808125 0.416468337559785 0.418806757524897 0.496192123851353 0.454462754787778 0.502884211951089 0.320388817449129 0.238699253698062 0.243272575279229 0.349725749818391 0.205668405769432 0.238726132467576 0.275649656228991 0.258722245278497 0.326060771605793 -9999 -9999 -9999 0.343618287031633
-9999 -9999 -9999 -9999 -9999 -9999 -9999 -9999 -9999 -9999 -9999 -9999 -9999 -9999 -9999 -9999 -9999 -9999 -9999 0.560862866641122 0.433452995951912 0.389276632577911 0.369618768164549 0.371140570180128 0.447760553022829 0.447532626950587 0.458145000814081 0.471001540477595 0.447778279489898 0.408715470986681 0.31537468502979 0.499602571766734 0.55995029356126 0.606297899137358 0.561079562119029 0.539487939345589 0.268197913695972 0.287277255622562 0.33175882971133 0.490340288619541 0.411496956769764 0.378041367846027 0.353909072489885 0.300150965814986 0.250274600086161 0.356040567519606 -9999 -9999 -9999
-9999 -9999 -9999 -9999 -9999 -9999 -9999 -9999 -9999 -9999 -9999 -9999 -9999 -9999 -9999 -9999 -9999 -9999 0.512025053196683 0.340657847301739 0.396374326596257 0.423350019079603 0.361605442735645 0.394177419887426 0.407564130819869 0.396940334147148 0.481650925566337 0.496289505271757 0.24671409456246 0.279768773634229 0.350251551641556 0.4236016077929 0.406117698748357 0.350507742689842 0.363756327132165 0.404361637597297 0.3841240213798 0.315688275842864 -9999 -9999 0.288230815845798 0.427471963794126 0.456151504282865 0.493910774088068 0.359532789554304 0.444083823356582 -9999 -9999 -9999
-9999 -9999 -9999 -9999 -9999 -9999 -9999 -9999 -9999 -9999 -9999 -9999 -9999 -9999 -9999 -9999 -9999 -9999 0.314269332221404 0.348587090086745 0.403537467475312 0.281911512288774 0.231779867593646 0.43812278616133 0.38622632355902 0.408843263866518 0.334901492871178 0.338644186013488 0.325313011816108 0.273369242611066 0.277012997095144 0.410561594877112 0.327237610228571 0.316847057624717 0.285252453505661 0.380322689337364 -9999 -9999 -9999 -9999 -9999 -9999 0.375339629890603 0.549238691326274 0.444646905047133 0.408430177023722 0.3418506625742 -9999 -9999
-9999 -9999 -9999 0.228699209732037 0.248246396653773 0.304757521290615 0.304784211895882 0.242052213330913 0.439223777410005 0.401068948949687 0.424852239789614 0.392216000286087 0.322142699541932 0.268022979099691 0.248692864970407 0.267883962144343 0.200428361038644 0.191049616265767 0.272256463372217 0.315211669326041 0.388765489791599 0.408411520718999 0.392909382439907 0.388854781672611 0.379016628252298 0.403841290185795 0.384550042667121 0.445708800202059 -9999 -9999 -9999 -9999 0.355129918606181 0.292367552662416 -9999 -9999 -9999 -9999 -9999 -9999 -9999 -9999 0.413812268981862 0.420107811610283 0.282472914433438 0.367063642475926 0.42613437688295 0.336732725473059 0.320448395485693
-9999 -9999 -9999 0.224003932602564 0.226547820210284 0.322403255258485 0.342826918048087 0.355052534165543 0.32469936301333 0.425780621529286 0.396086608851164 0.322013253833558 0.458485404680095 0.337986987511348 0.421488213555545 0.418951012928095 0.426995873247084 0.305216134784057 0.284322896969732 0.297974719522473 0.418510245691001 0.305623260422627 0.396112032697336 0.346292070972361 0.426688397450227 0.452881213585227 0.423552174926146 -9999 -9999 -9999 -9999 -9999 -9999 -9999 -9999 -9999 -9999 -9999 -9999 -9999 -9999 -9999 -9999 0.294518939859517 0.433116897114111 0.403252697138867 0.340162983006115 0.517846112565677 0.435126658104992
-9999 -9999 -9999 -9999 0.209085240511273 0.240220374375305 0.255066166556863 0.274806114597636 0.414134811435229 0.297638815591088 0.272643264784897 0.21318469075254 0.23558153461275 0.384659801275856 0.307200347311714 0.381966856372091 0.36707658791247 0.300588602698592 0.233476307924986 0.220278269231907 0.343719557561667 0.205674805007837 0.304716002824724 0.378556160775148 0.414218287898322 0.506185278392182 0.270895939744753 0.138809334783725 -9999 -9999 -9999 -9999 -9999 -9999 -9999 -9999 -9999 -9999 -9999 -9999 -9999 -9999 -9999 -9999 0.264554869523546 0.289125031686755 0.491915826940374 0.394474294461707 0.39349719759769
-9999 -9999 -9999 0.22082928191629 0.25580615867542 0.384762042657107 0.329191156326855 0.284819056221525 0.213124170313733 0.288306390270749 0.18388022736364 0.20117321534521 0.216903157431425 0.317724934832866 0.282261942809172 0.272754328372341 0.384448847977224 0.222458472381644 0.227861230101576 0.310860749780006 0.170708085981359 0.209237887731313 0.288783021950266 0.276954344717968 0.25432438802799 0.381116122921776 0.191824448850754 -9999 -9999 -9999 -9999 -9999 -9999 -9999 -9999 -9999 -9999 -9999 -9999 -9999 -9999 -9999 -9999 -9999 -9999 -9999 0.374749158623472 0.233136866644224 0.307437896640982
-9999 -9999 -9999 -9999 0.347719424066686 0.318779967897255 0.236295929720488 0.193227582980736 0.204310472074183 0.256505658260796 0.209436825306889 0.222439762182855 0.206185600524109 0.350232923108682 0.197754731697018 0.288515558303282 0.2713259457415 0.29092760699654 0.229396897755827 0.213570147287024 0.207228543442702 0.196828403814795 0.152284527633747 0.15032913756161 0.216879735256288 -9999 -9999 -9999 -9999 -9999 -9999 -9999 -9999 -9999 -9999 -9999 -9999 -9999 -9999 -9999 -9999 -9999 -9999 -9999 -9999 -9999 -9999 -9999 0.260599183703442
-9999 -9999 -9999 -9999 0.239025971993122 0.302968161221832 0.259232831260185 0.265332758048121 0.213766743214422 0.280626004137919 0.312459328103025 0.326660896941693 0.40135611006799 0.386158212372324 0.264247440826079 0.225713183368536 0.0944452148408014 0.235614048062109 0.369387024429863 0.234825756608623 0.202334228072976 0.135973438744338 0.164460446313868 -9999 -9999 -9999 -9999 -9999 -9999 -9999 -9999 -9999 -9999 -9999 -9999 -9999 -9999 0.173130447939804 0.272728815997882 0.416897829457646 -9999 -9999 -9999 -9999 -9999 -9999 -9999 -9999 -9999
-9999 -9999 -9999 0.17654209392018 0.179123795049789 0.249709150410525 0.29276664353844 0.257876015709574 0.312108544124955 0.349762457668288 0.319996185435556 0.337756514880824 0.258240492337656 0.211066384914946 0.233676712763348 0.243521185478692 0.228041219684686 0.10693074585524 0.292502324964377 0.23150340044303 0.215349233524965 0.139009773894239 -9999 -9999 -9999 -9999 -9999 -9999 -9999 -9999 -9999 -9999 -9999 -9999 -9999 -9999 -9999 -9999 0.303440666592576 0.423772789264396 -9999 -9999 -9999 -9999 -9999 -9999 -9999 -9999 -9999
-9999 -9999 -9999 0.166437774917024 0.18840272224441 0.186473414779433 0.188993547233286 0.142547047299643 0.206138739934201 0.197110246101017 0.157446857400276 0.223759667217569 0.180070962493413 0.191104795542877 0.174265302059305 0.2592588640618 0.230692614137453 0.156190154762599 0.209022089172697 0.204923547746029 0.2360075025375 -9999 -9999 -9999 -9999 -9999 -9999 -9999 -9999 -9999 -9999 -9999 -9999 -9999 -9999 -9999 -9999 -9999 0.265312746846452 0.273811780664851 -9999 -9999 -9999 -9999 -9999 -9999 -9999 -9999 -9999
-9999 -9999 0.156768027756318 0.211323112365775 0.166126894714717 0.186818188429534 0.192912890114574 0.165276936075277 0.194300972418792 0.172946697029948 0.164331583288665 0.123025840469966 0.228756061956521 0.216937805719817 0.131384785882535 0.223824388463076 0.205689769687692 0.185828043938124 0.247540833101294 0.151322143837499 -9999 -9999 -9999 -9999 -9999 -9999 -9999 -9999 -9999 -9999 -9999 -9999 -9999 -9999 -9999 -9999 -9999 -9999 0.231146545530469 0.2516033488561 -9999 -9999 -9999 -9999 -9999 -9999 -9999 -9999 -9999
-9999 -9999 0.215423824134318 0.16303876386933 0.17170742498193 0.202374937495944 0.183944410602327 0.191013954344564 0.216069761910122 0.188105816692934 0.140283623829654 0.18166840542463 0.233823216181473 0.192382606195078 0.204219612218998 0.20119345155129 0.198260346223679 0.273405870220876 0.24002452634612 0.130036891427571 0.163910205766915 -9999 -9999 -9999 -9999 -9999 -9999 -9999 -9999 -9999 -9999 -9999 -9999 -9999 -9999 -9999 -9999 -9999 -9999 -9999 -9999 -9999 -9999 -9999 -9999 -9999 -9999 -9999 -9999
