Scripts_&_data/BRT_projection_files/BRT_CCV/B_terrestris_2_projection.asc
NCOLS 79 
NROWS 71 
XLLCORNER -10.5 
YLLCORNER 36 
CELLSIZE 0.5 
NODATA_value -9999 
[rows 44 to 65 of 71, columns 0 to 48 of 79]
-9999 -9999 -9999 -9999 -9999 -9999 -9999 -9999 -9999 -9999 -9999 -9999 -9999 -9999 -9999 -9999 -9999 -9999 0.905054623674772 0.882141996054054 0.918513964968656 0.910922901380522 0.815715008742615 0.921938496924534 0.776130035762561 0.904103526281879 0.79669340957814 0.772645015349205 0.760517185760869 0.822398957824029 0.572216639223326 0.747071139338206 0.686925282614481 0.917128264028278 0.92474447346395 0.929519555443694 0.924591447347136 0.919213016579449 0.921057056742186 0.922952155541057 0.839022508118582 0.863299360427308 0.930342715439483 0.925233000033129 0.710789077996923 0.910655347911529 0.748376790813078 0.493162677158745 0.721034118322054
-9999 -9999 -9999 -9999 -9999 -9999 -9999 -9999 -9999 -9999 -9999 -9999 -9999 -9999 0.815199721262448 -9999 -9999 -9999 0.906739340224601 0.903095978928258 0.901243195123474 0.898442050216256 0.750650309441288 0.792492601570177 0.913144893501495 0.860500863583992 0.830172364575815 0.734807872168884 0.6970173073034 0.866770567274114 0.521314606216729 0.660885041563951 0.669225952609906 0.930582042947231 0.856155472256261 0.792338492648059 0.916323948417397 0.921457606571612 0.922429321785014 0.936777925340374 0.919744214598345 0.926836704220683 0.848919514760197 0.927582780983433 0.830296605141233 0.913939694099619 0.857298994285132 0.81116823308761 0.745451928564565
-9999 -9999 -9999 -9999 -9999 -9999 -9999 -9999 -9999 -9999 -9999 -9999 0.905953095952247 0.891712563463199 0.887988239123686 0.899094320250065 0.891378668147235 0.942989570091636 0.918870086646871 0.901938808251715 0.895573727563392 0.902603199032193 0.877644840327337 0.717947987510524 0.69710671803121 0.740012357083113 0.760939851262179 0.750813839785198 0.712740677207742 0.744293749397871 0.749145729361756 0.680765292552103 0.75986051478744 0.712978836368087 0.596058184296761 0.81344968495534 0.919232034909109 0.828529910200186 0.914255189364767 0.923493954670421 0.919016625340124 0.930822435621132 0.93212261074551 0.929389610638925 0.927073644135144 0.914080403919958 0.910083593446686 0.918939466405642 0.919970069496158
-9999 -9999 -9999 -9999 -9999 -9999 -9999 -9999 -9999 -9999 -9999 -9999 -9999 -9999 0.833083351882162 0.918051801415906 0.90335828481378 0.903423636266855 0.903618144200638 0.891814614135707 0.887630375162047 0.887037095614757 0.869499730496452 0.765056259296122 0.824689849014215 0.749920435337978 0.800705659905411 0.749222436296575 0.754698709449739 0.748803098157554 0.604716638077336 0.692688240337722 0.767206802546376 0.740554328286512 0.729198890527328 0.9089012016796 0.841607454108882 0.83449565844051 0.927585337236955 0.928298559494438 0.940634397774846 0.91650317462579 0.900746619030188 0.828693545513889 0.7993682726644 0.922048745800083 0.836703572854914 0.940610607949831 0.756180320316665
-9999 -9999 -9999 -9999 -9999 -9999 -9999 -9999 -9999 -9999 -9999 -9999 -9999 -9999 -9999 -9999 -9999 0.903580758396426 0.900315875743276 0.934735476028277 0.845211476272614 0.794049249987412 0.908874201435753 0.782903065114114 0.741634463728845 0.722704171410257 0.871288585011365 0.645815270010965 0.597295638011952 0.589828798276886 0.755803206290566 0.656900538964996 0.757817550082528 0.781413914027459 0.824923710500696 0.924147089489082 0.936033927366286 0.941231695618517 0.938607609301112 0.912610399788951 0.909436547389761 0.771424809542241 0.727997765395162 0.907293589872204 0.881854495796397 0.862865256822208 0.838672212333575 0.841521103889679 0.76052027973189
-9999 -9999 -9999 -9999 -9999 -9999 -9999 -9999 -9999 -9999 -9999 -9999 -9999 -9999 -9999 -9999 -9999 0.859965236615438 0.85435638054307 0.886396708359071 0.874443688235941 0.80364266515791 0.848752983485809 0.867554558155238 0.881690486734576 0.874289660208462 0.877605279459124 0.880114416173559 0.859472769964278 0.806780498421108 0.842180456269783 0.866851585323131 0.74335191907464 0.779738244453433 0.945068093128923 0.942097254427195 0.92064653310466 0.826611874190884 0.818901944079424 0.654928681011137 0.842259896010432 0.489542214720958 0.474775043620358 0.791499769236126 0.610700490518333 0.413299445059824 0.784936249032453 0.713483233751409 0.725582789989308
-9999 -9999 -9999 -9999 -9999 -9999 -9999 -9999 -9999 -9999 -9999 -9999 -9999 -9999 -9999 -9999 -9999 -9999 -9999 0.843298637905809 0.817668467565365 0.861803800108814 0.888465385631356 0.894624312973611 0.856643363898072 0.878374529566062 0.897267510219271 0.88585587747016 0.876224921129528 0.845790750836769 0.815296834369485 0.772669542595486 0.723074129556015 0.914749919400983 0.74631632624023 0.804442541841393 0.608292578225088 0.82829777544448 0.760596457381783 0.859976206050222 0.74909576789812 0.490706854736244 0.356964641817996 0.890676409280371 0.667369248698371 0.785161473890738 0.705441371612121 0.749616088139424 0.736267926551937
-9999 -9999 -9999 -9999 -9999 -9999 -9999 -9999 -9999 -9999 -9999 -9999 -9999 -9999 -9999 -9999 -9999 -9999 -9999 0.858956404952328 0.841088326397668 0.773102552760155 0.834606367515412 0.815571782455416 0.676924883066654 0.53170520719235 0.636614163015876 0.929865638850673 0.58553431463639 0.912303735720168 0.910598403720607 0.901813402209294 0.790871098140881 0.897745400435579 0.720232278010375 0.821647811799468 0.802868274742343 0.886044626795028 0.769855959666303 0.815515598585039 0.911297608021029 0.917744234765473 0.812474514579253 0.918398300185149 0.880058505032144 0.737496370070081 0.789237076536651 -9999 0.847852059320328
-9999 -9999 -9999 -9999 -9999 -9999 -9999 -9999 -9999 -9999 -9999 -9999 -9999 -9999 -9999 -9999 -9999 -9999 -9999 0.765852194180717 0.826975207065929 0.75177653724679 0.720723322931377 0.765570753684881 0.717125784289084 0.762823847698052 0.696475339395484 0.787936841987504 0.766613287729757 0.917422370286169 0.830504917645583 0.811709592662416 0.866262582563498 0.691176551535558 0.634912650701823 0.754816853811918 0.858027209187154 0.474673260009313 0.619464748581692 0.795420387463251 0.839047607245815 0.761144703308563 0.78709297625039 0.623867577857141 0.667338633420132 -9999 -9999 -9999 0.688696319394315
-9999 -9999 -9999 -9999 -9999 -9999 -9999 -9999 -9999 -9999 -9999 -9999 -9999 -9999 -9999 -9999 -9999 -9999 -9999 0.912740698394542 0.900607285707387 0.848878987416601 0.764898478211443 0.637575202173494 0.882680463323347 0.777104546362438 0.73421272571393 0.846436542360387 0.745444007932033 0.670016699071521 0.739834874097623 0.692244003303596 0.687694141005079 0.761195579961179 0.605888799276704 0.891912774488871 0.817840284710149 0.785922652335444 0.781178538162235 0.749698986301115 0.751853478815809 0.858644995854958 0.826789924843377 0.832963799621574 0.83750085637521 0.685413127550339 -9999 -9999 -9999
-9999 -9999 -9999 -9999 -9999 -9999 -9999 -9999 -9999 -9999 -9999 -9999 -9999 -9999 -9999 -9999 -9999 -9999 0.772874775028842 0.561583006937704 0.564524225436111 0.737907369931423 0.856905912536797 0.857251830863086 0.876978405646365 0.849875292295459 0.862527822419408 0.742437969794923 0.72641134401891 0.794749063369057 0.751097517749203 0.715352419593924 0.722241306018403 0.7098319286957 0.787790173376611 0.65262828542288 0.723418093725592 0.768604416360044 -9999 -9999 0.821884836931159 0.778832088548432 0.697981295724304 0.922433736353155 0.704770147587876 0.881690492119106 -9999 -9999 -9999
-9999 -9999 -9999 -9999 -9999 -9999 -9999 -9999 -9999 -9999 -9999 -9999 -9999 -9999 -9999 -9999 -9999 -9999 0.720686685797914 0.684795674163707 0.826843611065489 0.845166040113244 0.816843167796602 0.902043384650532 0.886021785599537 0.831150978169033 0.720744048770241 0.740745707978366 0.88888275723543 0.909613822022453 0.919869826873726 0.897058056252181 0.79950674968022 0.74540334039424 0.833043400702204 0.889223186203698 -9999 -9999 -9999 -9999 -9999 -9999 0.823623460116533 0.849691490238699 0.664192832263348 0.702382556125141 0.831261499138822 -9999 -9999
-9999 -9999 -9999 0.641018487604142 0.866695265229863 0.737515579857844 0.63932551026519 0.716058790006867 0.679819538565335 0.853514298814744 0.690368583147095 0.719878853798859 0.65032987713805 0.562776873744666 0.800145580424769 0.832356790722448 0.771392992307331 0.793602107529739 0.676880303550092 0.707044438253479 0.814119839692702 0.737459225107679 0.84189441107409 0.763176493966055 0.845984786068115 0.695477001327455 0.693642851222398 0.828557564619938 -9999 -9999 -9999 -9999 0.911023179947099 0.851565218860995 -9999 -9999 -9999 -9999 -9999 -9999 -9999 -9999 0.673604720495394 0.622058213605351 0.573012424452502 0.683580318100615 0.768311326114021 0.788239600177345 0.78981872620562
-9999 -9999 -9999 0.781699332171892 0.684502326208158 0.794159460509194 0.620556697905212 0.746969502725791 0.640979469229332 0.740602994070495 0.628576819287927 0.625664052347874 0.771490390901991 0.721067503310586 0.630961297831779 0.734580619260559 0.608986408982383 0.729661856583097 0.629013845562157 0.662512083292571 0.776721645211407 0.674677208244283 0.743410114833293 0.477591674505053 0.726073465919771 0.552607423246869 0.8271122713235 -9999 -9999 -9999 -9999 -9999 -9999 -9999 -9999 -9999 -9999 -9999 -9999 -9999 -9999 -9999 -9999 0.75341038466947 0.713366879377767 0.696615234515425 0.819247244628983 0.51744942525166 0.829738009056421
-9999 -9999 -9999 -9999 0.713364387277126 0.66737322738481 0.618838343121782 0.605659472210831 0.681231542536996 0.830432639584947 0.817521807031489 0.798744848441127 0.741467900029073 0.818880332550668 0.692296402994748 0.703903633657174 0.803346446847755 0.828562600466321 0.644490619519252 0.528278616915577 0.684820288142843 0.644554131590845 0.770535733409764 0.648245518181815 0.705485156831663 0.709127383577985 0.676684408928047 0.678455713219842 -9999 -9999 -9999 -9999 -9999 -9999 -9999 -9999 -9999 -9999 -9999 -9999 -9999 -9999 -9999 -9999 0.805457303099572 0.899051861343845 0.803465123751399 0.779671768690442 0.718095008242422
-9999 -9999 -9999 0.799083668600574 0.748223973426431 0.58154065812757 0.655768746036859 0.530555758641673 0.738234913813842 0.802030562831277 0.719414252156585 0.824752275022983 0.813341027153896 0.842168008279031 0.838090765271228 0.718618980718983 0.87670827119155 0.859258841270406 0.519234272487844 0.771157222175536 0.702175780910044 0.798540576572867 0.83256912810641 0.827960800500426 0.773846095624744 0.871500564667108 0.861507991441176 -9999 -9999 -9999 -9999 -9999 -9999 -9999 -9999 -9999 -9999 -9999 -9999 -9999 -9999 -9999 -9999 -9999 -9999 -9999 0.917226792563587 0.87729848732621 0.763849425929174
-9999 -9999 -9999 -9999 0.9022800212801 0.780979827084411 0.649866166457834 0.742703439681057 0.863463218664003 0.830530941090804 0.796761047749658 0.766855344305824 0.802547238053491 0.867820944767968 0.638514764799667 0.872332145315782 0.880140029941782 0.848845661812082 0.853104613680372 0.564948085477329 0.725879745562001 0.855723458520081 0.862967551237704 0.888086263217996 0.879050843020571 -9999 -9999 -9999 -9999 -9999 -9999 -9999 -9999 -9999 -9999 -9999 -9999 -9999 -9999 -9999 -9999 -9999 -9999 -9999 -9999 -9999 -9999 -9999 0.861139893461883
-9999 -9999 -9999 -9999 0.855808821635119 0.715083429177316 0.714395663415163 0.874256344162314 0.865162309070489 0.824129486613844 0.877259388200279 0.871468626154774 0.910705911344542 0.894476148934132 0.829520054188381 0.804789695228431 0.468045785957307 0.847582742419476 0.877672415002931 0.861309177273957 0.822713764507309 0.866786560810749 0.768134038693641 -9999 -9999 -9999 -9999 -9999 -9999 -9999 -9999 -9999 -9999 -9999 -9999 -9999 -9999 0.829184441420695 0.887253742343711 0.646294121132158 -9999 -9999 -9999 -9999 -9999 -9999 -9999 -9999 -9999
-9999 -9999 -9999 0.857630865196369 0.773314488978555 0.682604469989272 0.803583583714395 0.847993057677774 0.838978053327325 0.874868572122965 0.870892656873541 0.842880917305748 0.843048323718162 0.867474872680929 0.852492210719454 0.80766166383695 0.789783742061836 0.477194198245821 0.775891205840656 0.745137224396762 0.71632654214325 0.76399812225588 -9999 -9999 -9999 -9999 -9999 -9999 -9999 -9999 -9999 -9999 -9999 -9999 -9999 -9999 -9999 -9999 0.881317030645779 0.653335778299474 -9999 -9999 -9999 -9999 -9999 -9999 -9999 -9999 -9999
-9999 -9999 -9999 0.874781592750112 0.684675794380106 0.66897153299206 0.873461328373885 0.88008326150512 0.883976394765625 0.878468169707991 0.837810618291345 0.789482541435192 0.776899016918928 0.561402210158158 0.557635685610229 0.74881917013289 0.798880067943797 0.752747989079905 0.741562529803418 0.741327395264681 0.889864798024829 -9999 -9999 -9999 -9999 -9999 -9999 -9999 -9999 -9999 -9999 -9999 -9999 -9999 -9999 -9999 -9999 -9999 0.840479738832694 0.677940669514473 -9999 -9999 -9999 -9999 -9999 -9999 -9999 -9999 -9999
-9999 -9999 0.874416245062891 0.872445041081279 0.865538933969358 0.873757532340436 0.863943831839969 0.882145990307906 0.871644855625944 0.873239368224871 0.873834854070235 0.810247876318822 0.699333254801233 0.765792753653559 0.720696028006444 0.730945431585069 0.783467960040046 0.731644428944471 0.843803638306469 0.885920232929408 -9999 -9999 -9999 -9999 -9999 -9999 -9999 -9999 -9999 -9999 -9999 -9999 -9999 -9999 -9999 -9999 -9999 -9999 0.783652318909673 0.925812901799782 -9999 -9999 -9999 -9999 -9999 -9999 -9999 -9999 -9999
-9999 -9999 0.883479493189033 0.882685292272786 0.881825382171146 0.855103100142224 0.855471100633578 0.869849608572416 0.862588272850807 0.863397432202482 0.864958435717379 0.846645989217896 0.814973558728687 0.767762260805716 0.72602575292872 0.793754797933915 0.793380252266685 0.596937310893157 0.511343906975877 0.646214627473699 0.769890434643083 -9999 -9999 -9999 -9999 -9999 -9999 -9999 -9999 -9999 -9999 -9999 -9999 -9999 -9999 -9999 -9999 -9999 -9999 -9999 -9999 -9999 -9999 -9999 -9999 -9999 -9999 -9999 -9999
