Scripts_&_data/BRT_projection_files/BRT_CCV/B_veteranus_1_projection.asc
NCOLS 79 
NROWS 71 
XLLCORNER -10.5 
YLLCORNER 36 
CELLSIZE 0.5 
NODATA_value -9999 
[rows 44 to 65 of 71, columns 0 to 47 of 79]
-9999 -9999 -9999 -9999 -9999 -9999 -9999 -9999 -9999 -9999 -9999 -9999 -9999 -9999 -9999 -9999 -9999 -9999 0.100098349062439 0.0958021165812088 0.0715258795101114 0.160826351974411 0.146787940084556 0.173965082057323 0.0850353113735916 0.247505820799931 0.0998757467520809 0.102089252505366 0.116807509777334 0.0930419174573818 0.266346404440956 0.193016265545118 0.345042757707185 0.517871186222683 0.598997092271137 0.56971376772035 0.133961208205047 0.29946306396716 0.702761669136902 0.662964205383359 0.433390867192109 0.382069095219816 0.655529332497167 0.717210684988995 0.593919253446967 0.724384116329984 0.516246260449566 0.833395938386136
-9999 -9999 -9999 -9999 -9999 -9999 -9999 -9999 -9999 -9999 -9999 -9999 -9999 -9999 0.077100603595962 -9999 -9999 -9999 0.0705219592992061 0.0995928777798709 0.213352541210211 0.169703964065749 0.205355149568897 0.0637932730618531 0.111986846669854 0.0538436988522222 0.0637383700707023 0.0999458958829517 0.0762242340936743 0.0929215119471019 0.0875191404266971 0.216656464436646 0.229207715630933 0.606049816611259 0.251208200026507 0.324723091723098 0.422273887936087 0.25551107318523 0.646085245524757 0.777295308536959 0.668356277750144 0.694694270012421 0.590527068640687 0.646268579791425 0.592274411836983 0.705928866373818 0.593114847958354 0.464609568069639
-9999 -9999 -9999 -9999 -9999 -9999 -9999 -9999 -9999 -9999 -9999 -9999 0.167971205546984 0.11504520381377 0.104143023995457 0.106989395901363 0.105760792420933 0.0961871248700873 0.101864131530121 0.0870565748758936 0.144778335277786 0.114750827861167 0.112903481664436 0.0877113431038009 0.0714559899614081 0.0596208797195658 0.0389585855588149 0.0912782034620078 0.114183270101912 0.0922459483211203 0.0942954397390393 0.19671978914306 0.196874924220416 0.378581244947971 0.119975836050276 0.159526611692391 0.616898961850733 0.151639979607099 0.625751282778063 0.728591130795323 0.548736034262055 0.570528105122835 0.553785644437078 0.712708016618555 0.884825563054722 0.357489927656197 0.619174542084992 0.608891688282742
-9999 -9999 -9999 -9999 -9999 -9999 -9999 -9999 -9999 -9999 -9999 -9999 -9999 -9999 0.054407405294019 0.0600613612804864 0.0498846341134424 0.0434459324279819 0.0776858066405038 0.0793699143635411 0.0798507823433842 0.0995846321796774 0.0776705559724899 0.0710244831895911 0.084196107137516 0.0689251259766775 0.137869165827692 0.103612340549812 0.0921259308761693 0.152953082573115 0.21924467574455 0.201897930469298 0.109691969580702 0.179511453026646 0.276488121926669 0.365773620307003 0.537669031957463 0.626845776202373 0.621599472932373 0.673182285311014 0.403047425615041 0.498493732595578 0.428463885930992 0.483534644456305 0.482925705490059 0.542959933003548 0.384707336646182 0.532715736115969
-9999 -9999 -9999 -9999 -9999 -9999 -9999 -9999 -9999 -9999 -9999 -9999 -9999 -9999 -9999 -9999 -9999 0.104930012330221 0.087661916194544 0.0550665836482708 0.0358789370551274 0.0412671092408102 0.0487062669249855 0.0806811338134154 0.0746824001151442 0.0845441085439061 0.0973761873745961 0.0926002716183603 0.124867838032889 0.228896467738355 0.138027890087331 0.10634274831107 0.0906423980089613 0.163181367963503 0.487981950783988 0.569309707666482 0.509601979532612 0.670123349481149 0.734020832522657 0.51054518478585 0.659057496992939 0.0770167621210475 0.135593937507725 0.166295614147214 0.14027441280763 0.0987839674805614 0.153063703447997 0.120834192451017
-9999 -9999 -9999 -9999 -9999 -9999 -9999 -9999 -9999 -9999 -9999 -9999 -9999 -9999 -9999 -9999 -9999 0.0560727745928618 0.0603910086032925 0.0518488974175573 0.0529034474065262 0.0755396352782649 0.0440710376973576 0.0716433050580369 0.0982479594099858 0.160589327895935 0.134791338543075 0.125375234641455 0.0770188880005892 0.232532895347932 0.143868462422705 0.0916074363673395 0.179961188349896 0.564308001705352 0.639684654495339 0.733502310462336 0.541294031706252 0.369939343645457 0.0748693698444681 0.148291331114214 0.0905217342065678 0.0478154030959091 0.0510259930740762 0.0947788661592637 0.11723140009866 0.0503921594825917 0.113022552405153 0.240925115448512
-9999 -9999 -9999 -9999 -9999 -9999 -9999 -9999 -9999 -9999 -9999 -9999 -9999 -9999 -9999 -9999 -9999 -9999 -9999 0.0515878979701392 0.0469970903058361 0.0701429635424996 0.116249001970184 0.12302295181959 0.123046757632122 0.461252321009856 0.25875326341348 0.181570434865461 0.217246051546922 0.561606415737736 0.0989578284957188 0.0864581590651226 0.270606524649456 0.387889128510192 0.375375976258891 0.38361723352822 0.250366036746704 0.119535810135235 0.480276092732689 0.131807969899504 0.113907532564473 0.10133397140693 0.114069393765595 0.184358504624583 0.1464128549179 0.150912571516037 0.537771073519217 0.317676870544802
-9999 -9999 -9999 -9999 -9999 -9999 -9999 -9999 -9999 -9999 -9999 -9999 -9999 -9999 -9999 -9999 -9999 -9999 -9999 0.0517000418906778 0.0473829399353423 0.0503608171701819 0.0788264302599643 0.0945435189500287 0.128351509978615 0.114616260750552 0.744668874937247 0.36148318156876 0.0750665607970813 0.491577729288338 0.136040239803351 0.119945200949941 0.165350458716945 0.14757006563057 0.165023105301 0.113355291942733 0.0976204577230934 0.33138685130844 0.088666784607637 0.0524228449882868 0.405088278944641 0.478971369988712 0.275555824118882 0.413594694666392 0.389066273820332 0.0887677563112216 0.0646536863715268 -9999
-9999 -9999 -9999 -9999 -9999 -9999 -9999 -9999 -9999 -9999 -9999 -9999 -9999 -9999 -9999 -9999 -9999 -9999 -9999 0.0416334953376119 0.0439669034244133 0.0692985935778525 0.0446108575717036 0.0513741149962913 0.06932434398094 0.11536998690217 0.637768598343738 0.324096809468483 0.326099246189118 0.435223797614128 0.111781533268234 0.0769517375465666 0.116555362296072 0.137024778384089 0.10848779347903 0.178625410222266 0.0866065444117629 0.0693920945088133 0.106254421982871 0.0928466201589041 0.0814626248728118 0.102931914230894 0.110606441242223 0.103336286717483 0.123975412303405 -9999 -9999 -9999
-9999 -9999 -9999 -9999 -9999 -9999 -9999 -9999 -9999 -9999 -9999 -9999 -9999 -9999 -9999 -9999 -9999 -9999 -9999 0.0386292385367105 0.0610664091883371 0.0576556633927822 0.0477303258869314 0.0466997763124772 0.0636047206459629 0.103977116325728 0.2400701481249 0.557899185649338 0.539950352961866 0.154067946458661 0.0499276947939411 0.122461618671495 0.0720993429050543 0.0593602176035904 0.0867349607169274 0.490972295794879 0.0495401065082123 0.0368312592816683 0.0740858753764737 0.187287648244261 0.0697581759233155 0.0779401963468143 0.119366660490689 0.136127067233218 0.080489372549086 0.0363264038940312 -9999 -9999
-9999 -9999 -9999 -9999 -9999 -9999 -9999 -9999 -9999 -9999 -9999 -9999 -9999 -9999 -9999 -9999 -9999 -9999 0.0341585462217888 0.0288708866328521 0.0279391998150077 0.049868449904234 0.0523160264501408 0.0642340723277615 0.0544552773140452 0.107728850218377 0.224214598199339 0.159555378677995 0.069364023147141 0.0408379556512234 0.0616606284175917 0.174437503404714 0.0857296403714419 0.0572133794153666 0.0457875332965046 0.184302759680775 0.268807440202939 0.0427808194772549 -9999 -9999 0.0372683609769823 0.117738941940373 0.299490786247013 0.324980963486285 0.0910722073836616 0.0859513264182539 -9999 -9999
-9999 -9999 -9999 -9999 -9999 -9999 -9999 -9999 -9999 -9999 -9999 -9999 -9999 -9999 -9999 -9999 -9999 -9999 0.0405340576675485 0.0418975475312216 0.0642255886901299 0.0576557150990751 0.0399327422126962 0.0593265119499273 0.0555815798226511 0.0525965238157576 0.0684788527624834 0.0417811990386336 0.0407712864898037 0.0610860862608013 0.0421005161378687 0.0434754597260391 0.0452303769686404 0.0611813915699531 0.0373189325631054 0.0375516804023667 -9999 -9999 -9999 -9999 -9999 -9999 0.0755159867836327 0.101762572254634 0.182948187484582 0.270335313862319 0.103393630465399 -9999
-9999 -9999 -9999 0.0323875679724902 0.0339428774113866 0.051665950313007 0.0423814116302031 0.0257024855204714 0.0485597689592329 0.060669659824532 0.0501361186455133 0.039372612019065 0.0420859197100786 0.0288428590406941 0.0294105536044844 0.0399315369507734 0.0322476326147572 0.0402861311239594 0.0598683617988429 0.0419703137123284 0.0721345378605557 0.0459794479473183 0.0467221361019943 0.0488371989446554 0.0607382144055095 0.0426922402660443 0.0454160909320406 0.0396567720648093 -9999 -9999 -9999 -9999 0.0431357597910332 0.0310231001970963 -9999 -9999 -9999 -9999 -9999 -9999 -9999 -9999 0.0431585595039692 0.0575574305847196 0.0529345278118101 0.067002596804592 0.0924458125605986 0.0751553496971625
-9999 -9999 -9999 0.0306335910076245 0.0330567824290476 0.0650266770212067 0.0472218054502143 0.0558478145926376 0.0379485866527785 0.205327897987852 0.122265783120172 0.0908193955717119 0.122010269051395 0.139170385156699 0.106566986546058 0.153702544700528 0.125666158997408 0.0679366569103392 0.0360706733479938 0.116589751434884 0.24596092473323 0.214058953949745 0.173246348231704 0.0585523564069616 0.201523006990823 0.0843655065991192 0.0408272291643486 -9999 -9999 -9999 -9999 -9999 -9999 -9999 -9999 -9999 -9999 -9999 -9999 -9999 -9999 -9999 -9999 0.0421299214164207 0.0470154547372359 0.0491134830399771 0.0661590970348089 0.181489353055335
-9999 -9999 -9999 -9999 0.0320844090561287 0.0428282377734071 0.0471510349684697 0.0379340835464345 0.106700743385821 0.027423170285313 0.0300257842998479 0.0477961826806155 0.0279022842036734 0.0406480964697588 0.0833898969360259 0.266051931938739 0.0640142368754317 0.0292789197867257 0.0353214715594112 0.0311329117845921 0.0673360262835457 0.0346009005544677 0.076542287806447 0.063476239845693 0.101206204646612 0.121719013287759 0.0337498430339844 0.0277709745975358 -9999 -9999 -9999 -9999 -9999 -9999 -9999 -9999 -9999 -9999 -9999 -9999 -9999 -9999 -9999 -9999 0.0540426723854416 0.0513099443115162 0.0626368135724769 0.254950240229176
-9999 -9999 -9999 0.045475228493482 0.0535444822705203 0.0458250201607061 0.0397203955756417 0.0400748453909341 0.02711420956257 0.0274966453866027 0.0343207019785466 0.0281116998757796 0.0506022911767743 0.0405725871282809 0.0328705288095704 0.0343092056714347 0.0639260707092088 0.032624367659206 0.0270547446801965 0.0243456821334838 0.0283525876087636 0.0274746957094836 0.0276484832253091 0.029324716685171 0.0345348715839664 0.0738835180897667 0.0393900048150956 -9999 -9999 -9999 -9999 -9999 -9999 -9999 -9999 -9999 -9999 -9999 -9999 -9999 -9999 -9999 -9999 -9999 -9999 -9999 0.0589316298222119 0.0521603408592778
-9999 -9999 -9999 -9999 0.0510788001446205 0.0374356000197762 0.029852709473239 0.0265541357345234 0.0278645962561676 0.0307785134880853 0.0283362865007092 0.0272377843938578 0.0254789598014201 0.0389901451091327 0.0438256019949827 0.0336972777065405 0.0410682970158485 0.0405586718698695 0.033049301596803 0.0279799073155486 0.0267084741230737 0.0236606350784441 0.0279646689639013 0.0271070400992501 0.0258844680836046 -9999 -9999 -9999 -9999 -9999 -9999 -9999 -9999 -9999 -9999 -9999 -9999 -9999 -9999 -9999 -9999 -9999 -9999 -9999 -9999 -9999 -9999 -9999
-9999 -9999 -9999 -9999 0.0337116847205711 0.037426327102916 0.0362245866852673 0.030863906427078 0.0319479430656902 0.0309426022210876 0.0425181907814402 0.0412018484974278 0.0664440938910974 0.0713454967203886 0.0286298736025426 0.0253918377411823 0.039737200822086 0.045567077203665 0.0669169099691062 0.0401442578189359 0.0336611779752396 0.0247460246828107 0.0268567229598924 -9999 -9999 -9999 -9999 -9999 -9999 -9999 -9999 -9999 -9999 -9999 -9999 -9999 -9999 0.0443914588420382 0.0529820512377787 0.0562650563954703 -9999 -9999 -9999 -9999 -9999 -9999 -9999 -9999
-9999 -9999 -9999 0.0408103285474681 0.047141025710368 0.0307027682458703 0.031791023825879 0.0351140612689609 0.0309271047620735 0.0570737198977363 0.0406001999686325 0.0346680432567366 0.0280899510003256 0.0279198876781158 0.0253917345205401 0.0288786308409767 0.0386698521936445 0.0373589142617134 0.0615592728382756 0.0449247514449216 0.0280099774241207 0.0271953958684899 -9999 -9999 -9999 -9999 -9999 -9999 -9999 -9999 -9999 -9999 -9999 -9999 -9999 -9999 -9999 -9999 0.060711814366462 0.0577063467912555 -9999 -9999 -9999 -9999 -9999 -9999 -9999 -9999
-9999 -9999 -9999 0.0505712122752237 0.0338214406528319 0.0350343471691552 0.0309830095645592 0.0279973643365453 0.0335691261298266 0.0361889167156025 0.0286538641199161 0.0280230884936935 0.0270025711638384 0.0272759126088185 0.0337891184380789 0.0342580158575866 0.0255845629239072 0.0227461133169916 0.0268384464216836 0.0275045060473983 0.025614608677118 -9999 -9999 -9999 -9999 -9999 -9999 -9999 -9999 -9999 -9999 -9999 -9999 -9999 -9999 -9999 -9999 -9999 0.051651509109271 0.0506487940536355 -9999 -9999 -9999 -9999 -9999 -9999 -9999 -9999
-9999 -9999 0.034921592741562 0.0292724989526875 0.0294615045241143 0.0364976957576563 0.0312442935250622 0.0285372754913995 0.0288222365941594 0.0283265158949862 0.0318726859374833 0.0243617584374609 0.0243100640505176 0.0271211852276453 0.0271074736305745 0.0277389824764259 0.0338232985782234 0.0293490676450185 0.027802179804034 0.0275490725321455 -9999 -9999 -9999 -9999 -9999 -9999 -9999 -9999 -9999 -9999 -9999 -9999 -9999 -9999 -9999 -9999 -9999 -9999 0.033200126886761 0.0356826973933211 -9999 -9999 -9999 -9999 -9999 -9999 -9999 -9999
-9999 -9999 0.0236134068374187 0.027834327491298 0.0271829073037992 0.028850406587889 0.0274351761994639 0.0326566969272724 0.0298218305300729 0.0288295598718684 0.0287609850701508 0.0228493726883959 0.0284488862257658 0.0283769084529 0.0283167006696913 0.030515773016289 0.0229663431436174 0.0270293249099559 0.0275101567662667 0.0277042842493452 0.027358789133254 -9999 -9999 -9999 -9999 -9999 -9999 -9999 -9999 -9999 -9999 -9999 -9999 -9999 -9999 -9999 -9999 -9999 -9999 -9999 -9999 -9999 -9999 -9999 -9999 -9999 -9999 -9999
