Scripts_&_data/BRT_projection_files/BRT_CCV/B_vestalis_2_projection.asc
NCOLS 79 
NROWS 71 
XLLCORNER -10.5 
YLLCORNER 36 
CELLSIZE 0.5 
NODATA_value -9999 
[rows 44 to 65 of 71, columns 0 to 48 of 79]
-9999 -9999 -9999 -9999 -9999 -9999 -9999 -9999 -9999 -9999 -9999 -9999 -9999 -9999 -9999 -9999 -9999 -9999 0.479833103080061 0.460196348138011 0.519198410819249 0.539761938966173 0.472751498685207 0.528884770854802 0.469424624590225 0.441668539297372 0.353158008217849 0.442130302344703 0.499414440445525 0.489188142729636 0.224697524517789 0.329467546026675 0.42968213546879 0.58182836116991 0.523493610464316 0.547386858704445 0.193716415884656 0.395001966931631 0.465902971266781 0.451065252633387 0.427341152174102 0.524799656128055 0.662850688308158 0.554061100561272 0.292768277855121 0.386089380629953 0.339172932136888 0.386988107746089 0.509153694157662
-9999 -9999 -9999 -9999 -9999 -9999 -9999 -9999 -9999 -9999 -9999 -9999 -9999 -9999 0.469067722749407 -9999 -9999 -9999 0.591033001104461 0.717301380403302 0.651200021722465 0.643385748329784 0.590987872912982 0.326752901687364 0.601887502405061 0.464192428675907 0.685916346212857 0.359710833762227 0.411830435179285 0.501633161254956 0.353873644141808 0.281000544575007 0.40344158850588 0.745519555765744 0.646188087682063 0.457529163346122 0.439098482243096 0.238447764030619 0.518284560495748 0.286935373701616 0.472367776898017 0.506698560892837 0.527119222270154 0.436568076006775 0.474721266807686 0.608482731541495 0.526599297511696 0.312983307924231 0.260419920673752
-9999 -9999 -9999 -9999 -9999 -9999 -9999 -9999 -9999 -9999 -9999 -9999 0.541591459897764 0.606442868479664 0.358710791078455 0.428787877263511 0.403400134005105 0.598369500405548 0.500452975230309 0.47523701014288 0.693881011746442 0.525600040821354 0.656170852312872 0.407963949517555 0.366713158326958 0.321185724357726 0.323379910239163 0.407599443338072 0.35903676960785 0.411139176408843 0.399536628983639 0.273982639695539 0.440593331185183 0.546050859899143 0.245549755729317 0.251718896291035 0.499403016709241 0.197543416228727 0.462115450763879 0.325660636102496 0.490759693565788 0.515355361759466 0.632840458031641 0.782968637738239 0.722661377247832 0.572100548269023 0.35843363521067 0.356394254310132 0.347480292405897
-9999 -9999 -9999 -9999 -9999 -9999 -9999 -9999 -9999 -9999 -9999 -9999 -9999 -9999 0.425914349536204 0.449661432617758 0.525510156740943 0.506697005926231 0.580875341815162 0.421148342877798 0.497095898907935 0.450141096446854 0.503543782439559 0.439835150653326 0.310295142183791 0.265135281326844 0.460837915040837 0.462708591405708 0.441225718320174 0.423782361958037 0.338946965928299 0.279503499775293 0.273280792360681 0.432289785734518 0.228232537441475 0.476953799899471 0.577413628254106 0.221471401766668 0.672259157853026 0.637683889470885 0.563354043923714 0.375287509896493 0.321559610645966 0.180885623491255 0.247841853420991 0.226990353928504 0.226366060386088 0.270257679897295 0.132463485616607
-9999 -9999 -9999 -9999 -9999 -9999 -9999 -9999 -9999 -9999 -9999 -9999 -9999 -9999 -9999 -9999 -9999 0.626782592627078 0.554265748326237 0.592205161552559 0.40538188468587 0.379299318072172 0.546693685196283 0.416697997784003 0.280703327706701 0.2396647633661 0.340769220660708 0.348760243578815 0.351234315012541 0.344311364042939 0.496620345041112 0.354826715205061 0.410855784367691 0.284038942582487 0.293875243480421 0.609958641562185 0.854905168905312 0.803020114443455 0.756551304403592 0.285870553415596 0.360626588750448 0.132313728139872 0.23424473019726 0.236409444647498 0.240238855563219 0.129597894130855 0.155728995545861 0.239323105640659 0.149276386701534
-9999 -9999 -9999 -9999 -9999 -9999 -9999 -9999 -9999 -9999 -9999 -9999 -9999 -9999 -9999 -9999 -9999 0.424499913744901 0.307204670628773 0.452839489934275 0.426568256611831 0.361146396890143 0.379002767923655 0.230940609558011 0.539684725510686 0.275543405566289 0.310910796538445 0.409840362337149 0.264337003169576 0.441077617086845 0.339271334059188 0.446205507156407 0.257413309373409 0.269501100672365 0.661243302902252 0.531117678086148 0.239521816630943 0.25615016775472 0.140185195398871 0.157217631625315 0.228001198522658 0.148143908397729 0.150516550302867 0.232269429721827 0.241003649766894 0.135777706082761 0.152559373191178 0.158117978057551 0.126140365152039
-9999 -9999 -9999 -9999 -9999 -9999 -9999 -9999 -9999 -9999 -9999 -9999 -9999 -9999 -9999 -9999 -9999 -9999 -9999 0.264735554200818 0.325616513203554 0.421404586276452 0.35763229746795 0.336608906417287 0.407715393070387 0.413000546489533 0.599078180913708 0.612334338485059 0.515635692199111 0.584872302512599 0.491429025970409 0.399878812960283 0.191806354699966 0.712156908055227 0.176011900127601 0.24548081665752 0.245435822218729 0.26643428543096 0.248819840139639 0.246803910054916 0.249120309345304 0.239735274623074 0.14377356477931 0.168956851705946 0.263762373853236 0.151376251211701 0.31672523486871 0.229671657662189 0.0375347727315845
-9999 -9999 -9999 -9999 -9999 -9999 -9999 -9999 -9999 -9999 -9999 -9999 -9999 -9999 -9999 -9999 -9999 -9999 -9999 0.422109550923621 0.29128489461026 0.360980736848479 0.398631961830814 0.413090638425257 0.188166176505058 0.171727112029651 0.22310340254328 0.539948798134043 0.221011533025903 0.405450359622682 0.696181896979237 0.454578978466075 0.384681455410418 0.268038393752963 0.218185327210217 0.23959730182629 0.226860779544033 0.268157942495427 0.354909274531442 0.361952148952977 0.693026623628751 0.501936062291511 0.145142805275806 0.307529219520219 0.711373553596684 0.496283259218507 0.206665782098271 -9999 0.207903746624877
-9999 -9999 -9999 -9999 -9999 -9999 -9999 -9999 -9999 -9999 -9999 -9999 -9999 -9999 -9999 -9999 -9999 -9999 -9999 0.351177914506254 0.416106124587063 0.344370503325342 0.299668659390954 0.339911244569538 0.184034303350275 0.229700555043985 0.172353845270552 0.459009037941153 0.304821542338777 0.3322214211993 0.341731694633796 0.389760105810196 0.394276626124337 0.102583572618745 0.197551851048894 0.247045026121509 0.495344948586711 0.138307927955534 0.196115535090997 0.504381418316028 0.236002900761335 0.195931603197437 0.269665396994931 0.202343536208443 0.348331312288935 -9999 -9999 -9999 0.149914705553591
-9999 -9999 -9999 -9999 -9999 -9999 -9999 -9999 -9999 -9999 -9999 -9999 -9999 -9999 -9999 -9999 -9999 -9999 -9999 0.161152359495365 0.254261495332244 0.337518841280131 0.171245778715584 0.197083396717235 0.263011594578394 0.464718843605468 0.307186374112396 0.174677052132457 0.167113238603785 0.231934346257568 0.205299397030323 0.13521196719643 0.082320215586653 0.118029069025497 0.175703426388731 0.334886716112013 0.172503276340115 0.244216963210937 0.251226782023433 0.296526954960462 0.224219726636996 0.33916260493708 0.370772776783983 0.213926971499376 0.154350108573828 0.190807015199996 -9999 -9999 -9999
-9999 -9999 -9999 -9999 -9999 -9999 -9999 -9999 -9999 -9999 -9999 -9999 -9999 -9999 -9999 -9999 -9999 -9999 0.0931214153763481 0.148620565755242 0.126629250220613 0.295983563850661 0.361629661418262 0.34133408497913 0.181622933416754 0.376324464874571 0.492082331195371 0.359656613852804 0.142306727274731 0.161292039790487 0.217996350855429 0.354204443112297 0.238508246352594 0.109747368203525 0.123110477020191 0.166077622847274 0.3839292675307 0.156165484177414 -9999 -9999 0.110416661799869 0.220275305627192 0.237069847859758 0.544156835367059 0.249950546873666 0.27570632764075 -9999 -9999 -9999
-9999 -9999 -9999 -9999 -9999 -9999 -9999 -9999 -9999 -9999 -9999 -9999 -9999 -9999 -9999 -9999 -9999 -9999 0.163706422077181 0.252284376974711 0.396362331435856 0.152207718911152 0.240164144979703 0.461830399727139 0.344005870543713 0.347701328301301 0.243399672439616 0.316898586095247 0.274960266437171 0.286164406741413 0.253819739346706 0.31193551380383 0.206714816150419 0.147982978779338 0.220078766814589 0.248888758725683 -9999 -9999 -9999 -9999 -9999 -9999 0.471206167065073 0.363227360217351 0.211525124706076 0.471579025732549 0.300224475943461 -9999 -9999
-9999 -9999 -9999 0.123528418814087 0.258676716659874 0.125082250828343 0.137990843453999 0.163343861294556 0.300322450719426 0.465531718782063 0.296174428492321 0.251509478671324 0.297357407265809 0.31262863091422 0.284030935169957 0.295086776113591 0.125555685824947 0.16332530458999 0.259810302651711 0.262821814106414 0.330294582932038 0.280948279212869 0.40716830923709 0.308642958692106 0.348754511667405 0.293705948896046 0.252501068083979 0.298364815799523 -9999 -9999 -9999 -9999 0.202227945958277 0.279542125397845 -9999 -9999 -9999 -9999 -9999 -9999 -9999 -9999 0.212290229118395 0.204999880774932 0.165958673187686 0.193096057578287 0.347883124026018 0.239864989256672 0.202356866865903
-9999 -9999 -9999 0.120735997753613 0.149658280007794 0.242133858654617 0.107290083945134 0.237412303025944 0.130902428891915 0.182167032308752 0.182428026156934 0.127519834968791 0.183986907873641 0.162229155075278 0.174927465209993 0.269186154922559 0.217897717352333 0.201070521666661 0.148619625221872 0.113500475557143 0.159970441084641 0.120040204146234 0.145411250811073 0.197412977672103 0.207042241762563 0.20334451180234 0.182669941385178 -9999 -9999 -9999 -9999 -9999 -9999 -9999 -9999 -9999 -9999 -9999 -9999 -9999 -9999 -9999 -9999 0.295425013273358 0.281186946957467 0.210909069528721 0.221431569395211 0.168888919655774 0.287158066492095
-9999 -9999 -9999 -9999 0.178128273502582 0.11829892727844 0.171013644821941 0.120946883248767 0.121965701791775 0.250354075873714 0.143952022903664 0.293586804975467 0.111577201626062 0.385257999076936 0.260714950215629 0.283190251436043 0.215541508729926 0.24916185707786 0.0929770829370495 0.08890481260933 0.135056582367648 0.0943909484888555 0.163803731479367 0.119557487281558 0.103973311012206 0.272588766436272 0.236269394805706 0.197150159155687 -9999 -9999 -9999 -9999 -9999 -9999 -9999 -9999 -9999 -9999 -9999 -9999 -9999 -9999 -9999 -9999 0.327481549749851 0.359830769910058 0.25710491105635 0.289075080623864 0.449082829153655
-9999 -9999 -9999 0.134793290501449 0.138326403656659 0.13458736070057 0.24119839749901 0.147302362858687 0.166534528176943 0.237999823389892 0.121029039636934 0.271673363548056 0.18252167168407 0.240163181098055 0.224474189455848 0.209829380461908 0.242682891038453 0.187158620794414 0.202374944521316 0.280572052353412 0.156056187917966 0.16351192517594 0.241998019941265 0.248994026993195 0.256824493492169 0.249756958228318 0.229514327530232 -9999 -9999 -9999 -9999 -9999 -9999 -9999 -9999 -9999 -9999 -9999 -9999 -9999 -9999 -9999 -9999 -9999 -9999 -9999 0.697305697575267 0.242603264414069 0.248171360545004
-9999 -9999 -9999 -9999 0.490462647301065 0.166071652703988 0.186301474007573 0.161809815739746 0.165430893892656 0.167453229230702 0.110004058405698 0.206236803317501 0.135729090338341 0.218838850046699 0.304469322220545 0.220675442201705 0.213474011916363 0.213287932272892 0.187704013541088 0.138705095986843 0.178759612487597 0.143809077558445 0.165785550005702 0.213295727905184 0.414377527516131 -9999 -9999 -9999 -9999 -9999 -9999 -9999 -9999 -9999 -9999 -9999 -9999 -9999 -9999 -9999 -9999 -9999 -9999 -9999 -9999 -9999 -9999 -9999 0.338326578920271
-9999 -9999 -9999 -9999 0.134075797169274 0.151930617792513 0.357278056368615 0.150310467088793 0.165223612693094 0.254015197996707 0.241358770512661 0.389576914612849 0.479748748502356 0.700635734158355 0.239919428246175 0.146277429983839 0.170882965377725 0.315756256998693 0.31236727124564 0.301177158412501 0.153037975639314 0.16007461426289 0.218361377278616 -9999 -9999 -9999 -9999 -9999 -9999 -9999 -9999 -9999 -9999 -9999 -9999 -9999 -9999 0.205899106018741 0.353554833506586 0.218321133109955 -9999 -9999 -9999 -9999 -9999 -9999 -9999 -9999 -9999
-9999 -9999 -9999 0.178626261196947 0.196376312673421 0.258400396537716 0.417630432896575 0.191780166180345 0.203402778191718 0.237860011591931 0.273726483137838 0.224034060780383 0.219650578564013 0.571890879697508 0.352686896539437 0.137564829519438 0.147730531049233 0.208564332186762 0.301713922663043 0.269002097375173 0.180480242594999 0.224504462662599 -9999 -9999 -9999 -9999 -9999 -9999 -9999 -9999 -9999 -9999 -9999 -9999 -9999 -9999 -9999 -9999 0.335254753420236 0.273446527462039 -9999 -9999 -9999 -9999 -9999 -9999 -9999 -9999 -9999
-9999 -9999 -9999 0.445945899603777 0.287584521663869 0.220561066034519 0.181164119423649 0.159826164325537 0.190212158910523 0.191256113107353 0.170910809317371 0.237007423236299 0.216575426261998 0.165973765139312 0.131149652387799 0.114513986571601 0.134109443137509 0.157139828994575 0.160275074812296 0.235370272629499 0.44588549079317 -9999 -9999 -9999 -9999 -9999 -9999 -9999 -9999 -9999 -9999 -9999 -9999 -9999 -9999 -9999 -9999 -9999 0.319468751897458 0.225856920522491 -9999 -9999 -9999 -9999 -9999 -9999 -9999 -9999 -9999
-9999 -9999 0.214163205139226 0.206951651528106 0.258893248096789 0.172616750598199 0.143137420785991 0.146982304350058 0.252229711275672 0.186712485732917 0.15306130123132 0.168187905815415 0.147394818342168 0.228888273655946 0.184539439335805 0.12270363552663 0.119771850318451 0.184250116805581 0.148749775905864 0.259588249839304 -9999 -9999 -9999 -9999 -9999 -9999 -9999 -9999 -9999 -9999 -9999 -9999 -9999 -9999 -9999 -9999 -9999 -9999 0.166471705454131 0.219709664197992 -9999 -9999 -9999 -9999 -9999 -9999 -9999 -9999 -9999
-9999 -9999 0.586349854953813 0.242333092994551 0.156538858375915 0.227619831048462 0.248911257613454 0.242488925414052 0.262005412343628 0.253627938942689 0.178735545346407 0.143259339698044 0.232099638263082 0.26166820507932 0.203829783404755 0.159059446526098 0.140375814580002 0.207669525915626 0.169297096421286 0.159239117632053 0.191577471898163 -9999 -9999 -9999 -9999 -9999 -9999 -9999 -9999 -9999 -9999 -9999 -9999 -9999 -9999 -9999 -9999 -9999 -9999 -9999 -9999 -9999 -9999 -9999 -9999 -9999 -9999 -9999 -9999
