Scripts_&_data/BRT_projection_files/BRT_CCV/B_wurflenii_2_projection.asc
NCOLS 79 
NROWS 71 
XLLCORNER -10.5 
YLLCORNER 36 
CELLSIZE 0.5 
NODATA_value -9999 
[rows 42 to 62 of 71, columns 0 to 47 of 79]
-9999 -9999 -9999 -9999 -9999 -9999 -9999 -9999 -9999 -9999 0.0714828091464112 -9999 -9999 0.0804323002563082 -9999 -9999 -9999 -9999 -9999 -9999 -9999 -9999 -9999 -9999 0.0713051867843001 0.066528857472137 0.067299125759552 0.0664340173634961 0.0872747901346502 0.0868796293852703 0.0840905127268676 0.0979960758921073 0.318369841660517 0.253790181927118 0.24858499076936 0.0934013412780703 0.0705563658968046 0.0750623758474083 0.0600097477284907 0.251453961753247 0.206748755529042 0.200993592236734 0.428333106673211 0.308070503485315 0.356457355814795 0.403986352011057 0.274874448386227 0.157890465711872
-9999 -9999 -9999 -9999 -9999 -9999 -9999 -9999 -9999 -9999 -9999 -9999 -9999 -9999 -9999 -9999 -9999 -9999 -9999 -9999 -9999 -9999 0.0762591847963895 0.0661217949050507 0.0603881295933926 0.0646388883788512 0.0645944539690513 0.0650574656850444 0.0656647874893281 0.0635616977668649 0.28750387929694 0.363168913198373 0.305037147806733 0.0830015348523075 0.203096255729206 0.128598789264077 0.0767614455502543 0.0579366371231744 0.0813646072656127 0.0887665511098525 0.0765024656999665 0.0872488927935567 0.142916506563997 0.369585651053636 0.350553287873965 0.300595405173342 0.396014801032231 0.0885421107523006
-9999 -9999 -9999 -9999 -9999 -9999 -9999 -9999 -9999 -9999 -9999 -9999 -9999 -9999 -9999 -9999 -9999 -9999 0.0454272013108244 0.0613451277364767 0.0655891689201101 0.0685694255348008 0.0748977102649663 0.0685798667312351 0.0435918697916282 0.0449126142480787 0.0466158473379915 0.0643520023207225 0.0666651773429735 0.0590229700047282 0.0734503661246266 0.119554080402606 0.0796317076775867 0.0854643434467058 0.130569908228123 0.109082956476569 0.0983333910191819 0.0456814495915537 0.116927925741758 0.0792883062270223 0.140277380186316 0.226723394303454 0.0853712242825128 0.325663428265426 0.182663323130841 0.351892797510613 0.446456564543388 0.593947869198994
-9999 -9999 -9999 -9999 -9999 -9999 -9999 -9999 -9999 -9999 -9999 -9999 -9999 -9999 0.0441559848514788 -9999 -9999 -9999 0.0559085217049556 0.0585728007721835 0.0602633200266448 0.0557431810981174 0.0655375461395039 0.0579876559792394 0.0434167741941634 0.035841227337332 0.0397082888337297 0.052406854241575 0.0644271332717084 0.064005735919799 0.0651625733989339 0.0952649125216542 0.114446238636976 0.0829123607961464 0.0805266305717419 0.137516434422263 0.0678867693452144 0.094798581547456 0.126977428255093 0.169502654815528 0.26898029435507 0.170052010678292 0.203490453487523 0.214826925991832 0.222342921820104 0.187120049171776 0.229624456543324 0.498364065892065
-9999 -9999 -9999 -9999 -9999 -9999 -9999 -9999 -9999 -9999 -9999 -9999 0.0658875181671344 0.0622135306609891 0.0549557923399513 0.053631466104976 0.0449589199733344 0.0489327269442477 0.0460590192466595 0.0555789361339338 0.0551979617556722 0.0494093684844422 0.0569253605017965 0.0639893286774145 0.0508350737931169 0.0434685510106027 0.0480098718715182 0.0433254250826602 0.0523303269424706 0.0644533393617581 0.0782594585484927 0.116720980325844 0.322653601888045 0.103813967445878 0.171475030561733 0.112932545545756 0.0696214383252082 0.325097931907839 0.361700041040096 0.278048850988072 0.222500767084582 0.174938393906552 0.12331616805089 0.1194877278481 0.164855950161041 0.182958510856354 0.148575106127089 0.137065450408598
-9999 -9999 -9999 -9999 -9999 -9999 -9999 -9999 -9999 -9999 -9999 -9999 -9999 -9999 0.047289678149012 0.0382184165682601 0.036873309047873 0.0371107782545322 0.0384135156716937 0.037463168243941 0.0399284622821955 0.0492910251139542 0.0424907791921017 0.0432021542362221 0.0457062690958957 0.0459364587768266 0.0432202647729001 0.0432252406594844 0.0645821132999432 0.075246633541647 0.0906851473544664 0.0885536607463158 0.110034418915192 0.234967659988272 0.272963531855324 0.245309696034622 0.456741899893854 0.490746851994797 0.270555588038003 0.108292040795255 0.182078782900518 0.535941269263558 0.550430312871332 0.528248964555089 0.621896131881165 0.78593386654796 0.832660393888768 0.866892096172552
-9999 -9999 -9999 -9999 -9999 -9999 -9999 -9999 -9999 -9999 -9999 -9999 -9999 -9999 -9999 -9999 -9999 0.0378846526710801 0.0403193622024531 0.0402112029590419 0.0425632584703197 0.0440250484620576 0.0437909851976487 0.0431498465059959 0.0461548487157483 0.046395521928004 0.0425864839264274 0.0707939945274405 0.0863368780253153 0.129237951980063 0.078572447463328 0.0738775899860263 0.144829300577021 0.309217303241221 0.572124878208007 0.539230455292359 0.494174222438653 0.264666913937391 0.629705185339238 0.590163812036207 0.82946631008141 0.523235523973663 0.88708648757984 0.865670164872767 0.786709344878065 0.708946654448406 0.849028716831519 0.847829247503948
-9999 -9999 -9999 -9999 -9999 -9999 -9999 -9999 -9999 -9999 -9999 -9999 -9999 -9999 -9999 -9999 -9999 0.0434445302867173 0.0405413991469674 0.0379178303988624 0.0376344820870212 0.0435742830982354 0.0427183603181283 0.0405746667762647 0.0432654182277854 0.0399996375363005 0.0531940652178228 0.0475088175053868 0.075829863306792 0.303549304668892 0.0740970743277211 0.0650103688801756 0.470190180889269 0.706310868280957 0.154071290953875 0.144023159430307 0.816567465022643 0.889729782631955 0.836080293133022 0.859933989478976 0.815662726414324 0.863391577239589 0.874088287858787 0.83182147817337 0.82578625743314 0.860308287861335 0.875651441286748 0.8783955118038
-9999 -9999 -9999 -9999 -9999 -9999 -9999 -9999 -9999 -9999 -9999 -9999 -9999 -9999 -9999 -9999 -9999 -9999 -9999 0.0430417155138249 0.043239572230447 0.0404832378592792 0.0378818748087552 0.0545238107383202 0.075728024043786 0.0707272843282745 0.0631278405454132 0.0705106487416921 0.0727145760552289 0.078838933100257 0.0770261405022605 0.105458876710819 0.578394721598982 0.465848198677749 0.621219225708756 0.874199108050701 0.901629916402312 0.893694900358745 0.836554928713311 0.888539740986871 0.910940818048549 0.890894034142789 0.812564481100798 0.576475636202952 0.815179561980516 0.73274452550708 0.595230188175921 0.650101706094091
-9999 -9999 -9999 -9999 -9999 -9999 -9999 -9999 -9999 -9999 -9999 -9999 -9999 -9999 -9999 -9999 -9999 -9999 -9999 0.0434313550294362 0.0431274235404663 0.0447135330464066 0.0534283682143328 0.0675156246767988 0.263716339308707 0.181957209163993 0.406512784441684 0.0715701147529817 0.21201949469565 0.0758488015334083 0.11824739937032 0.0472046784759928 0.24511979666392 0.4122925647501 0.82775262937809 0.862546349349423 0.677250312468401 0.252596347026777 0.071600908947142 0.0642826948041812 0.280963138301938 0.467275092659794 0.50303518093038 0.427753020482753 0.114597358276248 0.0421706482133321 0.0416810078190564 -9999
-9999 -9999 -9999 -9999 -9999 -9999 -9999 -9999 -9999 -9999 -9999 -9999 -9999 -9999 -9999 -9999 -9999 -9999 -9999 0.0492854653556883 0.0486765671574418 0.0498866147240573 0.0863782233632472 0.094230559783076 0.090734601980078 0.325517356321027 0.695462120596208 0.219254288726175 0.345576966869274 0.239386670193296 0.0819033355170272 0.129376213002031 0.204205697587415 0.669850731144729 0.633791094344898 0.639282856282099 0.0474985220272114 0.0439985200227528 0.039309278475284 0.0390578655058045 0.0441221198971647 0.0400471074704282 0.0441982116853688 0.0389224172104524 0.0395092239893996 -9999 -9999 -9999
-9999 -9999 -9999 -9999 -9999 -9999 -9999 -9999 -9999 -9999 -9999 -9999 -9999 -9999 -9999 -9999 -9999 -9999 -9999 0.049173228510327 0.0456115216198885 0.0467976413751368 0.0460745998407941 0.0806935550747276 0.0446788375896222 0.200634151672948 0.510541837611364 0.569372009258645 0.572847448993483 0.512993673064641 0.0716450102792728 0.304318340820129 0.608877182211818 0.536080282262891 0.683170110262534 0.508080056584093 0.0436622984665942 0.0448485723051638 0.0509865736703447 0.218555638652233 0.088483116215837 0.0441168506851509 0.0433959015990888 0.041579379909801 0.0419431120717361 0.0407181623477935 -9999 -9999
-9999 -9999 -9999 -9999 -9999 -9999 -9999 -9999 -9999 -9999 -9999 -9999 -9999 -9999 -9999 -9999 -9999 -9999 0.0458119315015008 0.0797628931389985 0.0633468958519123 0.04733402455455 0.0401980752706311 0.0406518685732799 0.041175923463461 0.0380227125283765 0.0611333483857495 0.292713737081282 0.362762164130041 0.0875941158762851 0.0675801068580637 0.132312028797554 0.222713621046639 0.436107202866123 0.549024810149774 0.588076714999276 0.192100889063136 0.0529080364718377 -9999 -9999 0.0677133190688525 0.198729233119922 0.228481314686672 0.120539622962105 0.0458763287638178 0.0427144350598355 -9999 -9999
-9999 -9999 -9999 -9999 -9999 -9999 -9999 -9999 -9999 -9999 -9999 -9999 -9999 -9999 -9999 -9999 -9999 -9999 0.0548433428444842 0.0656338692354756 0.0438317881381226 0.0373404360612653 0.0413112948185103 0.0419065009307364 0.04267171068058 0.0524733760838404 0.0859207940451053 0.0821319773783098 0.0800529336462587 0.0439076129395725 0.0496431723927407 0.0635242172911324 0.0614524981464742 0.0638653868839334 0.0698763034952971 0.0697889898910846 -9999 -9999 -9999 -9999 -9999 -9999 0.0445168704230303 0.043112748242433 0.122343289361253 0.180380616622119 0.0435917909720219 -9999
-9999 -9999 -9999 0.0646888669571519 0.0898177935364378 0.0974200803266188 0.0776140307920392 0.108890770601288 0.49881580935436 0.455756311841923 0.455901098887254 0.461160214270854 0.11612015341718 0.128002472726003 0.114379612288923 0.0877874322643542 0.0847553818118528 0.103813477197409 0.117442669161773 0.104003284101923 0.132519295201478 0.0512396753754185 0.0433922455693114 0.0474517818801262 0.0466471240535185 0.0478676961830137 0.0458266383562293 0.0379559659539106 -9999 -9999 -9999 -9999 0.0396215352848607 0.0609126013947234 -9999 -9999 -9999 -9999 -9999 -9999 -9999 -9999 0.101570783656106 0.0458574155420034 0.0435149068339138 0.0505980787105707 0.072805552024268 0.0424370340392358
-9999 -9999 -9999 0.121611125907559 0.0908998178441387 0.106960646087772 0.227929201599602 0.329644260147593 0.405499707301171 0.380208083046834 0.357210596919921 0.374071356023926 0.0734796373243651 0.129964728379403 0.0632249814939141 0.0900619336268147 0.275474009991118 0.0448980196002341 0.0893485741749954 0.526707014699238 0.771621751704678 0.729344885749286 0.666482324595543 0.73269165452365 0.42994730259255 0.15089159809995 0.055351373819534 -9999 -9999 -9999 -9999 -9999 -9999 -9999 -9999 -9999 -9999 -9999 -9999 -9999 -9999 -9999 -9999 0.0420761226492992 0.0464695559519718 0.0459916742943298 0.046213240925474 0.113137597719372
-9999 -9999 -9999 -9999 0.167332230167957 0.0825812765033103 0.32800448312906 0.400831002573922 0.146398214935984 0.0412757634655217 0.0373844369571179 0.0398531710135255 0.0347765307699324 0.0546771321749911 0.28277487992841 0.348957515826265 0.075382866657407 0.0409355470877709 0.0381513393114425 0.0406516529864861 0.0828643892141822 0.104609370295782 0.109993202737454 0.0971198769894714 0.153423628942251 0.415490114533052 0.0620118861994714 0.0430420943520645 -9999 -9999 -9999 -9999 -9999 -9999 -9999 -9999 -9999 -9999 -9999 -9999 -9999 -9999 -9999 -9999 0.0443549803862307 0.0465591750465414 0.0453578621713666 0.23136843152765
-9999 -9999 -9999 0.0633710856291736 0.0928409959304327 0.207104560254849 0.0683231852179595 0.106224092836903 0.0456931082081612 0.0396205672979755 0.0386622416735352 0.0481728747498035 0.0389410376689111 0.0404547928155955 0.0439231715264863 0.0637085485424917 0.0620387022120253 0.0448227243019739 0.0430221443233397 0.0466048812841933 0.0482034524909923 0.0412679306766261 0.0481504095038499 0.0402585576693604 0.116465677273649 0.0641002478693685 0.0387474865182303 -9999 -9999 -9999 -9999 -9999 -9999 -9999 -9999 -9999 -9999 -9999 -9999 -9999 -9999 -9999 -9999 -9999 -9999 -9999 0.0454304062465022 0.0737507685240989
-9999 -9999 -9999 -9999 0.0918434822534297 0.0661493861996523 0.0482395572955005 0.0457469970246145 0.038238295701066 0.038961310063395 0.0374865906060498 0.0445761561119014 0.0453212666233773 0.0604232324052714 0.0970967023527173 0.0387090590129362 0.0534962297839406 0.0636948808101652 0.0451681664380693 0.046685082295771 0.0387032068649851 0.0378743605583814 0.0466926400906956 0.0520457137117402 0.0468076537173181 -9999 -9999 -9999 -9999 -9999 -9999 -9999 -9999 -9999 -9999 -9999 -9999 -9999 -9999 -9999 -9999 -9999 -9999 -9999 -9999 -9999 -9999 -9999
-9999 -9999 -9999 -9999 0.0682565461671666 0.0577702465805907 0.0598822838103416 0.0401966729457441 0.0393156478994133 0.0424700995861827 0.0403123158875765 0.0515638786226851 0.0754219458866002 0.0555734063734535 0.048516097299992 0.0451461382930306 0.0542393156046624 0.087593826579426 0.0678553904015292 0.0720803651515116 0.043845883445278 0.047188774497004 0.0431048040495611 -9999 -9999 -9999 -9999 -9999 -9999 -9999 -9999 -9999 -9999 -9999 -9999 -9999 -9999 0.0416497080797093 0.0430680194608585 0.0841106560295078 -9999 -9999 -9999 -9999 -9999 -9999 -9999 -9999
-9999 -9999 -9999 0.049589393689906 0.0549222650738347 0.124666381767335 0.0993807253818698 0.0729886613870651 0.107774882704469 0.119100572682901 0.10826777477183 0.0645742325754887 0.0436312754911958 0.0467589167064548 0.0558593273038414 0.039604843294612 0.0463872562812258 0.0686254292316501 0.0846439758686564 0.0789883171440782 0.0472852806051726 0.048343697416975 -9999 -9999 -9999 -9999 -9999 -9999 -9999 -9999 -9999 -9999 -9999 -9999 -9999 -9999 -9999 -9999 0.0376912306845841 0.0478421150928628 -9999 -9999 -9999 -9999 -9999 -9999 -9999 -9999
