Scripts_&_data/BRT_projection_files/BRT_CCV/B_wurflenii_1_projection.asc
NCOLS 79 
NROWS 71 
XLLCORNER -10.5 
YLLCORNER 36 
CELLSIZE 0.5 
NODATA_value -9999 
[rows 44 to 65 of 71, columns 0 to 47 of 79]
-9999 -9999 -9999 -9999 -9999 -9999 -9999 -9999 -9999 -9999 -9999 -9999 -9999 -9999 -9999 -9999 -9999 -9999 0.0675797496529511 0.0684777396479759 0.10065407172392 0.108302264410448 0.0905440963910713 0.17798722113883 0.0754226618365276 0.11056031515491 0.0858390582163287 0.0547682197920582 0.0522905148736452 0.0578750906119472 0.113896395110168 0.169820735034403 0.189238411942245 0.256978390237666 0.189631089731243 0.189880328265964 0.61139854453296 0.176741469636811 0.148733273627004 0.2941131133211 0.453885256031249 0.226119429144471 0.198268861572939 0.388858555491521 0.20578287764772 0.413050798861674 0.462981113348394 0.627172173115328
-9999 -9999 -9999 -9999 -9999 -9999 -9999 -9999 -9999 -9999 -9999 -9999 -9999 -9999 0.0684385277225832 -9999 -9999 -9999 0.0744398273943528 0.0706948722662511 0.0658242516244865 0.066423776245106 0.0753595558012175 0.0481907298817657 0.123278872864122 0.128119940011052 0.121413959487893 0.0546623179683195 0.0540226036181058 0.0548075889689477 0.111436913248745 0.164390548985707 0.191288377102849 0.195624975994749 0.117309289550813 0.212781430109436 0.157377919625263 0.335930056550582 0.626401161217578 0.324158228311001 0.803207897298796 0.626529076393206 0.249604729746099 0.410114428458884 0.411837762051462 0.187250308150661 0.221023580865999 0.892220446377781
-9999 -9999 -9999 -9999 -9999 -9999 -9999 -9999 -9999 -9999 -9999 -9999 0.171314232135865 0.0745162308946164 0.0674007151015314 0.0602157237415128 0.0580424053357052 0.0741200441119064 0.0723599051574264 0.071847970144711 0.0654738644425304 0.0824810471611673 0.0571715526629761 0.0476392440421295 0.0481192067365989 0.0640332524064549 0.0742488758253918 0.0514174568840108 0.0546323193727848 0.0557026055158382 0.0967063143479609 0.158020740109364 0.222091159351889 0.158806854234424 0.630959908131723 0.854026990612673 0.17174087646366 0.897214060958355 0.822098314813019 0.498590749104404 0.583029226462694 0.348616048255689 0.462921677588693 0.452924007964495 0.476134362153057 0.462089097116164 0.487649027049988 0.594094298398743
-9999 -9999 -9999 -9999 -9999 -9999 -9999 -9999 -9999 -9999 -9999 -9999 -9999 -9999 0.103045229142386 0.0822574518023775 0.0497646097296655 0.0502234022334299 0.0552711932813804 0.0536786584546339 0.0556610007706323 0.0873932399836959 0.0575390679044466 0.0483837366152965 0.119128311300159 0.0878873572076529 0.0594056994577364 0.0656905964185567 0.0547467126051162 0.0842160366484084 0.104008379874917 0.182089860980171 0.167059166587975 0.239408740711555 0.899878294044882 0.612494814532136 0.859758012141476 0.901888124263256 0.757312223810333 0.236114466766905 0.443509893565213 0.762526882986103 0.778669004661158 0.909258592163465 0.85022714991017 0.911063092625845 0.931649915504076 0.899691402084928
-9999 -9999 -9999 -9999 -9999 -9999 -9999 -9999 -9999 -9999 -9999 -9999 -9999 -9999 -9999 -9999 -9999 0.0833956450553516 0.0701611579564645 0.0616198301897584 0.0462091049413965 0.0829589994619209 0.0633661821190304 0.0513280767501029 0.0706160179291294 0.0894466515310191 0.0560341930391177 0.0946889500029382 0.113327235810993 0.13272157784444 0.0949696882562919 0.364867968217696 0.219374002032814 0.536172966949163 0.90959750186773 0.907210788744812 0.700350824589893 0.877350332960901 0.883004329000566 0.916138074923366 0.909789845318513 0.854359321603228 0.891147951066936 0.892032816532751 0.878208645027662 0.806709355549911 0.905091200607722 0.910036561639259
-9999 -9999 -9999 -9999 -9999 -9999 -9999 -9999 -9999 -9999 -9999 -9999 -9999 -9999 -9999 -9999 -9999 0.0454209343452374 0.0450293199112342 0.0501818759377543 0.0529271713553379 0.0529546237027857 0.0466556409606779 0.0521485229954594 0.0540925130909177 0.0533704927511397 0.0732156016075691 0.0893530796447333 0.109342340339872 0.241776883347194 0.153424085840286 0.111052736878424 0.402192250237099 0.870918912216197 0.573669224032202 0.829993046571853 0.911861847289851 0.919049650557847 0.852162956305057 0.792937584062375 0.537388112786692 0.665562014847863 0.657075180931171 0.877577349674886 0.724825902697725 0.882807077581315 0.913914476754 0.912034322492258
-9999 -9999 -9999 -9999 -9999 -9999 -9999 -9999 -9999 -9999 -9999 -9999 -9999 -9999 -9999 -9999 -9999 -9999 -9999 0.0408958742576012 0.0532814208896412 0.0555211145105061 0.0539098508199723 0.116302833614913 0.111280320132808 0.0842389597166976 0.089301654891865 0.103358919174865 0.10306573119026 0.140751050074341 0.179400849445247 0.176423596938094 0.793589459795722 0.780828397089287 0.838977970438737 0.869281380675038 0.876279668118201 0.931945887823379 0.902534664550662 0.913648075803158 0.905533941931838 0.856990790373669 0.863643927015829 0.830116339149424 0.875813706280474 0.901612900575309 0.828994204061303 0.920885657091676
-9999 -9999 -9999 -9999 -9999 -9999 -9999 -9999 -9999 -9999 -9999 -9999 -9999 -9999 -9999 -9999 -9999 -9999 -9999 0.0425307870571017 0.0452802540251856 0.0514146986523376 0.109143487067125 0.206105693472828 0.403611634801807 0.562647838746234 0.611094672532631 0.169124528113595 0.757367024805411 0.179177881922957 0.257823411126409 0.218949432886789 0.445501911411035 0.87913618489553 0.922884631572749 0.782598278279917 0.693454863050681 0.433829478756623 0.566373635413541 0.414483304622083 0.563376509966157 0.885011408450929 0.803115877284316 0.885578944091854 0.66932124614024 0.143370998620795 0.180126774138542 -9999
-9999 -9999 -9999 -9999 -9999 -9999 -9999 -9999 -9999 -9999 -9999 -9999 -9999 -9999 -9999 -9999 -9999 -9999 -9999 0.0686486210793867 0.0624490044219049 0.0619461097975469 0.0749244789301382 0.200537884183944 0.35442279872309 0.459516517848063 0.799627274821426 0.185798495634347 0.497291532899032 0.445106931493802 0.371901102839947 0.123516319453147 0.614550932898864 0.853819661870636 0.61861317872816 0.791204475193993 0.197479033089325 0.0614441246771801 0.0755280720130528 0.0694029693256219 0.0810669095572183 0.0617331380528912 0.0563832200336769 0.0792568704600389 0.0588506504318114 -9999 -9999 -9999
-9999 -9999 -9999 -9999 -9999 -9999 -9999 -9999 -9999 -9999 -9999 -9999 -9999 -9999 -9999 -9999 -9999 -9999 -9999 0.366399391824405 0.0852874579795773 0.0521060737570793 0.0544891352760989 0.0771833142752751 0.0963425545470129 0.27205375056674 0.432454985079061 0.799805097387933 0.794583014839029 0.796893809273085 0.257056096057966 0.72178218714713 0.776705419472153 0.864891615537463 0.558307301501375 0.63339993843566 0.0434938559697921 0.0864158450464642 0.188874606344911 0.415272325552337 0.260790565242175 0.0853271566290704 0.0557754612853627 0.0487810574076001 0.0448420349695526 0.0314447657906114 -9999 -9999
-9999 -9999 -9999 -9999 -9999 -9999 -9999 -9999 -9999 -9999 -9999 -9999 -9999 -9999 -9999 -9999 -9999 -9999 0.0914788581613067 0.0705028160653994 0.240068259653518 0.0541671027177498 0.0365230511607566 0.0381288461016668 0.0550509604579302 0.0844633844827745 0.0931653679157234 0.307992227070443 0.854686397536567 0.168899578067382 0.118024216208487 0.188915310205332 0.269673498501047 0.66793393704645 0.805739685833373 0.790658471118253 0.167829585195493 0.176651957007758 -9999 -9999 0.423736293748685 0.793889650731147 0.305111537856063 0.240464978638764 0.0843854059316445 0.0477911054367957 -9999 -9999
-9999 -9999 -9999 -9999 -9999 -9999 -9999 -9999 -9999 -9999 -9999 -9999 -9999 -9999 -9999 -9999 -9999 -9999 0.17907681610044 0.0827066661083014 0.0557354069554367 0.0347104897319708 0.0352879268854318 0.0615711381429607 0.037011736160862 0.076080724239374 0.258531136923464 0.179319923026585 0.220172524605536 0.0735572733913167 0.0611253711720792 0.103021754361227 0.11700591407317 0.2081017557349 0.428016809406611 0.265120788162521 -9999 -9999 -9999 -9999 -9999 -9999 0.13965375217221 0.108947314314859 0.478978931670736 0.105296655215679 0.0694020746517128 -9999
-9999 -9999 -9999 0.118449392840067 0.112879006552128 0.231235311881995 0.230883334458854 0.171858583587816 0.293606538005725 0.400774027753328 0.42975575983725 0.496005002645788 0.24609472828348 0.198546680692218 0.142089914276393 0.204281514186071 0.22108962676023 0.371624559958003 0.188489056567979 0.230663974489097 0.358947005751257 0.0742056254215859 0.0602484544616896 0.0609518001170936 0.0640046350753804 0.0668266387736212 0.0528430497645895 0.0549585739146999 -9999 -9999 -9999 -9999 0.0899500609192814 0.0876061728749186 -9999 -9999 -9999 -9999 -9999 -9999 -9999 -9999 0.0617849167130421 0.0521417712192378 0.0815824105878301 0.141347407633587 0.10559790650194 0.0756220339225898
-9999 -9999 -9999 0.160575301609197 0.150353663084912 0.154620392369046 0.123865469772742 0.458047699140862 0.690608309266427 0.254886073461452 0.236445727222088 0.388966076751103 0.129297727150175 0.143987054170378 0.132247663719535 0.123808669544428 0.196817180255043 0.190669073525065 0.207011021728534 0.708633735487562 0.796889622878778 0.783328539890379 0.644075108008088 0.580343892939534 0.843116794233385 0.462955895882531 0.0691207505406957 -9999 -9999 -9999 -9999 -9999 -9999 -9999 -9999 -9999 -9999 -9999 -9999 -9999 -9999 -9999 -9999 0.0341105789553298 0.044762029232428 0.0479660632355808 0.096533383876506 0.756112166595441
-9999 -9999 -9999 -9999 0.155657716244781 0.248022399194213 0.3690345563815 0.642177663627444 0.156808104122504 0.034217495120689 0.0309896178019123 0.0424017829743412 0.0336271857582939 0.0495163423295798 0.150100510911997 0.168137621457574 0.106813174212341 0.0280367758515761 0.0537915074195079 0.0850068284675603 0.110687948940399 0.0804790393784986 0.108825446618848 0.171076759416546 0.278753230772427 0.669841980020091 0.0614067133684279 0.0367097823843955 -9999 -9999 -9999 -9999 -9999 -9999 -9999 -9999 -9999 -9999 -9999 -9999 -9999 -9999 -9999 -9999 0.0543985522733161 0.0615059168133589 0.0911329274005855 0.318737011921984
-9999 -9999 -9999 0.181264462170625 0.476008802532857 0.283362489016499 0.106111253144896 0.0796988952647908 0.0370209087014759 0.0289454128830629 0.0352306907554129 0.0393676170268333 0.040138108155701 0.0406341726605603 0.0585983376754191 0.0630056383751729 0.0571233057082562 0.0528683568092932 0.0266436462923005 0.0297999351059867 0.0264114952736229 0.0267043977189854 0.0320813382566039 0.0355064439900643 0.0727989694912286 0.0678609983770407 0.0606547101059861 -9999 -9999 -9999 -9999 -9999 -9999 -9999 -9999 -9999 -9999 -9999 -9999 -9999 -9999 -9999 -9999 -9999 -9999 -9999 0.0742105644846249 0.258151980793398
-9999 -9999 -9999 -9999 0.156278146030518 0.226111806081035 0.042286544639946 0.0371212157182287 0.0350540687909885 0.037172290707845 0.0290207116461858 0.0287439168400586 0.0392604067133934 0.0603507278499481 0.0552141337853616 0.0469154302930462 0.0406249397349176 0.0408017198836894 0.0455933964547374 0.0278191961773881 0.0268068179674796 0.0272898060979024 0.0287443921935608 0.034728167168897 0.0388554639034933 -9999 -9999 -9999 -9999 -9999 -9999 -9999 -9999 -9999 -9999 -9999 -9999 -9999 -9999 -9999 -9999 -9999 -9999 -9999 -9999 -9999 -9999 -9999
-9999 -9999 -9999 -9999 0.143507937623963 0.111534274621494 0.0468837376963077 0.0371922318573778 0.0396480190144804 0.0575340665800577 0.0597953485040004 0.0495801622199526 0.124599433302507 0.114924143386707 0.0317467758140101 0.0432521608564566 0.0918376660320167 0.0546802611280398 0.0526825909842382 0.0492550495965941 0.048461281236442 0.0337679041563081 0.0364278352616546 -9999 -9999 -9999 -9999 -9999 -9999 -9999 -9999 -9999 -9999 -9999 -9999 -9999 -9999 0.0359088677960877 0.0378861921409032 0.0594593607449486 -9999 -9999 -9999 -9999 -9999 -9999 -9999 -9999
-9999 -9999 -9999 0.123541371822742 0.116720842106835 0.124843702769544 0.0590601090001297 0.0557255236745971 0.0553037744935991 0.112261011704525 0.106054601422261 0.0910277689607793 0.0304942932489797 0.0327155462076646 0.032704628908833 0.0309548806241932 0.0682179363465034 0.1317080673909 0.0496206367700912 0.046395173990363 0.0592718662127612 0.0365049532839794 -9999 -9999 -9999 -9999 -9999 -9999 -9999 -9999 -9999 -9999 -9999 -9999 -9999 -9999 -9999 -9999 0.0394833273563872 0.0633240959079322 -9999 -9999 -9999 -9999 -9999 -9999 -9999 -9999
-9999 -9999 -9999 0.0649162247964251 0.0669921739863785 0.0534135099972105 0.0379999520019176 0.0352788844952022 0.0402148239062141 0.047597235143586 0.0368187597489564 0.0368879163155407 0.0266509726381937 0.0265990858254372 0.0265367728915396 0.0269124421357935 0.0312485066610384 0.0383177001295013 0.0416563279183549 0.0292127440652873 0.0324661612436786 -9999 -9999 -9999 -9999 -9999 -9999 -9999 -9999 -9999 -9999 -9999 -9999 -9999 -9999 -9999 -9999 -9999 0.0353719398789348 0.0673727641377888 -9999 -9999 -9999 -9999 -9999 -9999 -9999 -9999
-9999 -9999 0.0683909292124426 0.0541114004289587 0.0386158209828166 0.041201414572485 0.0381610911708311 0.0344850758770927 0.0360910537837798 0.0346666762553508 0.0345071983603755 0.0317684572564124 0.0323676674957245 0.0266008235162861 0.0266948399355564 0.0264651436181707 0.0265144598950975 0.0267509222599929 0.0291079749368167 0.0303849945360862 -9999 -9999 -9999 -9999 -9999 -9999 -9999 -9999 -9999 -9999 -9999 -9999 -9999 -9999 -9999 -9999 -9999 -9999 0.0470940884478287 0.0560642099992851 -9999 -9999 -9999 -9999 -9999 -9999 -9999 -9999
-9999 -9999 0.0383186529492025 0.0350017030615982 0.0344257969385566 0.0369248497519265 0.0320215144553511 0.034090991722123 0.0315530368303026 0.0294763379554895 0.0343156460744182 0.0314511703004096 0.0289108724703958 0.0268629867011503 0.0266648679778404 0.0316761804647976 0.0335292471632647 0.0266556252312701 0.0269884950581715 0.0266473248432995 0.034553757462092 -9999 -9999 -9999 -9999 -9999 -9999 -9999 -9999 -9999 -9999 -9999 -9999 -9999 -9999 -9999 -9999 -9999 -9999 -9999 -9999 -9999 -9999 -9999 -9999 -9999 -9999 -9999
